-8.172604255378246307e-03 -7.443408370018005371e-01 4.905058071017265320e-02 8.800000000000000000e+01 2.429207000000000000e+07 5.000000000000000000e+00 2.400000000000000000e+01 6.000000000000000000e+00 7.460000000000000000e+02
-1.691181957721710205e-02 -7.272258996963500977e-01 4.793280363082885742e-02 8.800000000000000000e+01 2.448625000000000000e+07 5.000000000000000000e+00 2.400000000000000000e+01 6.000000000000000000e+00 7.290000000000000000e+02
-3.745377436280250549e-02 -6.983352303504943848e-01 7.165289670228958130e-02 5.900000000000000000e+01 2.497368000000000000e+07 3.000000000000000000e+00 2.000000000000000000e+01 3.100000000000000000e+01 7.030000000000000000e+02
-2.518782205879688263e-02 -7.055079340934753418e-01 6.561396270990371704e-02 9.600000000000000000e+01 2.526828000000000000e+07 3.000000000000000000e+00 2.100000000000000000e+01 2.300000000000000000e+01 7.090000000000000000e+02
-5.536202713847160339e-02 -7.479113340377807617e-01 7.984731346368789673e-03 1.990000000000000000e+02 2.644752000000000000e+07 1.100000000000000000e+01 3.000000000000000000e+01 1.900000000000000000e+01 7.500000000000000000e+02
-4.276962578296661377e-02 -7.727034091949462891e-01 5.723805725574493408e-02 8.400000000000000000e+01 2.674214000000000000e+07 5.000000000000000000e+00 2.300000000000000000e+01 1.400000000000000000e+01 7.760000000000000000e+02
-8.954044431447982788e-02 -7.244461178779602051e-01 7.771804463118314743e-03 2.110000000000000000e+02 2.723199000000000000e+07 1.100000000000000000e+01 3.000000000000000000e+01 1.700000000000000000e+01 7.300000000000000000e+02
-9.378335624933242798e-02 -6.919028759002685547e-01 3.280554711818695068e-02 7.000000000000000000e+01 2.742639000000000000e+07 3.000000000000000000e+00 2.600000000000000000e+01 1.200000000000000000e+01 6.990000000000000000e+02
-3.969996213912963867e+00 -7.990063190460205078e+00 1.090027764439582825e-02 2.120000000000000000e+02 3.319360000000000000e+07 1.674000000000000000e+03 3.100000000000000000e+01 8.600000000000000000e+01 8.922000000000000000e+03
-4.088719844818115234e+00 -7.981684207916259766e+00 1.095647644251585007e-02 1.420000000000000000e+02 3.338953000000000000e+07 1.138000000000000000e+03 3.100000000000000000e+01 6.200000000000000000e+01 8.968000000000000000e+03
-4.137617588043212891e+00 -7.956446170806884766e+00 1.095647644251585007e-02 2.300000000000000000e+02 3.348629000000000000e+07 1.844000000000000000e+03 3.100000000000000000e+01 8.800000000000000000e+01 8.968000000000000000e+03
-4.165352821350097656e+00 -7.891112327575683594e+00 1.090149860829114914e-02 1.820000000000000000e+02 3.358458000000000000e+07 1.436000000000000000e+03 3.100000000000000000e+01 6.900000000000000000e+01 8.923000000000000000e+03
-4.226915836334228516e+00 -7.890086650848388672e+00 1.093570701777935028e-02 2.570000000000000000e+02 3.368252000000000000e+07 2.046000000000000000e+03 3.100000000000000000e+01 7.500000000000000000e+01 8.951000000000000000e+03
-4.264741420745849609e+00 -7.844674587249755859e+00 1.090882997959852219e-02 1.880000000000000000e+02 3.378067200000000000e+07 1.492000000000000000e+03 3.100000000000000000e+01 9.500000000000000000e+01 8.929000000000000000e+03
-4.388627529144287109e+00 -7.955830097198486328e+00 1.110064052045345306e-02 1.630000000000000000e+02 3.387851200000000000e+07 1.335000000000000000e+03 3.100000000000000000e+01 3.600000000000000000e+01 9.086000000000000000e+03
-4.418314456939697266e+00 -7.894719600677490234e+00 1.105299405753612518e-02 1.660000000000000000e+02 3.397572000000000000e+07 1.347000000000000000e+03 3.100000000000000000e+01 4.800000000000000000e+01 9.047000000000000000e+03
-4.928192138671875000e+00 -7.993360996246337891e+00 9.997948259115219116e-02 2.280000000000000000e+02 3.407438000000000000e+07 1.996000000000000000e+03 3.000000000000000000e+01 8.200000000000000000e+01 9.391000000000000000e+03
-4.458279132843017578e+00 -7.852676868438720703e+00 1.103222463279962540e-02 1.690000000000000000e+02 3.407438000000000000e+07 1.358000000000000000e+03 3.100000000000000000e+01 5.400000000000000000e+01 9.030000000000000000e+03
-4.984035491943359375e+00 -7.973994731903076172e+00 1.001178771257400513e-01 2.410000000000000000e+02 3.417180000000000000e+07 2.115000000000000000e+03 3.000000000000000000e+01 9.600000000000000000e+01 9.404000000000000000e+03
-4.513364791870117188e+00 -7.837305545806884766e+00 1.104932837188243866e-02 1.940000000000000000e+02 3.417180000000000000e+07 1.567000000000000000e+03 3.100000000000000000e+01 5.300000000000000000e+01 9.044000000000000000e+03
-5.049995422363281250e+00 -7.970293045043945312e+00 1.004585623741149902e-01 2.140000000000000000e+02 3.426979200000000000e+07 1.891000000000000000e+03 3.000000000000000000e+01 7.200000000000000000e+01 9.436000000000000000e+03
-4.568429946899414062e+00 -7.821553707122802734e+00 1.106643304228782654e-02 2.350000000000000000e+02 3.426979200000000000e+07 1.922000000000000000e+03 3.100000000000000000e+01 8.400000000000000000e+01 9.058000000000000000e+03
-5.136089324951171875e+00 -7.997210502624511719e+00 1.011931523680686951e-01 2.040000000000000000e+02 3.436788800000000000e+07 1.827000000000000000e+03 3.000000000000000000e+01 8.600000000000000000e+01 9.505000000000000000e+03
-4.616845130920410156e+00 -7.794234752655029297e+00 1.106765400618314743e-02 2.330000000000000000e+02 3.436788800000000000e+07 1.898000000000000000e+03 3.100000000000000000e+01 8.000000000000000000e+01 9.059000000000000000e+03
-4.686209678649902344e+00 -7.801764488220214844e+00 1.111896708607673645e-02 1.850000000000000000e+02 3.446592800000000000e+07 1.519000000000000000e+03 3.100000000000000000e+01 6.700000000000000000e+01 9.101000000000000000e+03
-5.266328334808349609e+00 -7.982826232910156250e+00 1.018212810158729553e-01 8.200000000000000000e+01 3.456370000000000000e+07 7.450000000000000000e+02 3.000000000000000000e+01 1.780000000000000000e+02 9.564000000000000000e+03
-4.754278182983398438e+00 -7.806171894073486328e+00 1.116661448031663895e-02 1.670000000000000000e+02 3.456370000000000000e+07 1.375000000000000000e+03 3.100000000000000000e+01 5.000000000000000000e+01 9.140000000000000000e+03
-5.230180740356445312e+00 -7.823176860809326172e+00 1.001923978328704834e-01 3.150000000000000000e+02 3.466083200000000000e+07 2.772000000000000000e+03 3.000000000000000000e+01 1.110000000000000000e+02 9.411000000000000000e+03
-4.814170360565185547e+00 -7.796422958374023438e+00 1.119471341371536255e-02 2.350000000000000000e+02 3.466083200000000000e+07 1.968000000000000000e+03 3.100000000000000000e+01 7.300000000000000000e+01 9.163000000000000000e+03
-5.297153472900390625e+00 -7.819085121154785156e+00 1.005543768405914307e-01 1.150000000000000000e+02 3.475916800000000000e+07 1.017000000000000000e+03 3.000000000000000000e+01 1.120000000000000000e+02 9.445000000000000000e+03
-4.858734130859375000e+00 -7.761651515960693359e+00 1.118738390505313873e-02 2.520000000000000000e+02 3.475916800000000000e+07 2.084000000000000000e+03 3.100000000000000000e+01 5.700000000000000000e+01 9.157000000000000000e+03
-4.928235054016113281e+00 -7.766311168670654297e+00 1.123747508972883224e-02 2.440000000000000000e+02 3.485860000000000000e+07 2.059000000000000000e+03 3.100000000000000000e+01 6.800000000000000000e+01 9.198000000000000000e+03
-4.991483211517333984e+00 -7.760315895080566406e+00 1.127290446311235428e-02 2.300000000000000000e+02 3.495644000000000000e+07 1.952000000000000000e+03 3.100000000000000000e+01 8.500000000000000000e+01 9.227000000000000000e+03
-5.509297847747802734e+00 -7.818344116210937500e+00 1.018319353461265564e-01 2.070000000000000000e+02 3.505512800000000000e+07 1.885000000000000000e+03 3.000000000000000000e+01 1.130000000000000000e+02 9.565000000000000000e+03
-5.011154174804687500e+00 -7.686819553375244141e+00 1.121059712022542953e-02 2.150000000000000000e+02 3.505512800000000000e+07 1.797000000000000000e+03 3.100000000000000000e+01 6.200000000000000000e+01 9.176000000000000000e+03
-5.101773262023925781e+00 -7.721839904785156250e+00 1.130711287260055542e-02 2.620000000000000000e+02 3.515302000000000000e+07 2.229000000000000000e+03 3.100000000000000000e+01 9.300000000000000000e+01 9.255000000000000000e+03
-5.158515453338623047e+00 -7.704516887664794922e+00 1.132788229733705521e-02 2.760000000000000000e+02 3.525040000000000000e+07 2.359000000000000000e+03 3.100000000000000000e+01 7.600000000000000000e+01 9.272000000000000000e+03
-5.191094875335693359e+00 -7.651204109191894531e+00 1.129611767828464508e-02 2.450000000000000000e+02 3.534956800000000000e+07 2.079000000000000000e+03 3.100000000000000000e+01 9.900000000000000000e+01 9.246000000000000000e+03
-5.262870788574218750e+00 -7.655467033386230469e+00 1.134987454861402512e-02 2.270000000000000000e+02 3.544715200000000000e+07 1.944000000000000000e+03 3.100000000000000000e+01 8.300000000000000000e+01 9.290000000000000000e+03
-5.321175575256347656e+00 -7.639441490173339844e+00 1.137430872768163681e-02 1.950000000000000000e+02 3.554463200000000000e+07 1.685000000000000000e+03 3.100000000000000000e+01 6.900000000000000000e+01 9.310000000000000000e+03
-5.957475662231445312e+00 -7.825881481170654297e+00 1.047170832753181458e-01 1.640000000000000000e+02 3.564262000000000000e+07 1.578000000000000000e+03 3.000000000000000000e+01 1.050000000000000000e+02 9.836000000000000000e+03
-5.381788253784179688e+00 -7.626256942749023438e+00 1.140363048762083054e-02 2.530000000000000000e+02 3.564262000000000000e+07 2.198000000000000000e+03 3.100000000000000000e+01 7.500000000000000000e+01 9.334000000000000000e+03
-5.949822425842285156e+00 -7.717116832733154297e+00 1.037482768297195435e-01 2.630000000000000000e+02 3.574086000000000000e+07 2.489000000000000000e+03 3.000000000000000000e+01 9.900000000000000000e+01 9.745000000000000000e+03
-5.448835849761962891e+00 -7.621562957763671875e+00 1.144639030098915100e-02 2.200000000000000000e+02 3.574086000000000000e+07 1.924000000000000000e+03 3.100000000000000000e+01 9.300000000000000000e+01 9.369000000000000000e+03
-6.033985137939453125e+00 -7.727752208709716797e+00 1.043870449066162109e-01 2.020000000000000000e+02 3.583982000000000000e+07 1.925000000000000000e+03 3.000000000000000000e+01 8.300000000000000000e+01 9.805000000000000000e+03
-5.519547939300537109e+00 -7.621192455291748047e+00 1.149648148566484451e-02 1.950000000000000000e+02 3.583982000000000000e+07 1.722000000000000000e+03 3.100000000000000000e+01 6.400000000000000000e+01 9.410000000000000000e+03
-6.107957839965820312e+00 -7.724310398101806641e+00 1.048448383808135986e-01 2.650000000000000000e+02 3.593843200000000000e+07 2.553000000000000000e+03 3.000000000000000000e+01 8.900000000000000000e+01 9.848000000000000000e+03
-5.578628540039062500e+00 -7.604113578796386719e+00 1.152213849127292633e-02 2.350000000000000000e+02 3.593843200000000000e+07 2.085000000000000000e+03 3.100000000000000000e+01 7.500000000000000000e+01 9.431000000000000000e+03
-6.283368587493896484e+00 -7.846696376800537109e+00 1.070273295044898987e-01 2.010000000000000000e+02 3.603662000000000000e+07 2.013000000000000000e+03 3.000000000000000000e+01 8.800000000000000000e+01 1.005300000000000000e+04
-5.640092849731445312e+00 -7.589806556701660156e+00 1.155268121510744095e-02 2.460000000000000000e+02 3.603662000000000000e+07 2.178000000000000000e+03 3.100000000000000000e+01 5.500000000000000000e+01 9.456000000000000000e+03
-6.355329036712646484e+00 -7.837508678436279297e+00 1.074318960309028625e-01 2.290000000000000000e+02 3.613506000000000000e+07 2.304000000000000000e+03 3.000000000000000000e+01 8.900000000000000000e+01 1.009100000000000000e+04
-5.687158107757568359e+00 -7.555856227874755859e+00 1.155390311032533646e-02 2.730000000000000000e+02 3.613506000000000000e+07 2.416000000000000000e+03 3.100000000000000000e+01 9.500000000000000000e+01 9.457000000000000000e+03
-6.397588729858398438e+00 -7.791410446166992188e+00 1.073360815644264221e-01 2.360000000000000000e+02 3.623275200000000000e+07 2.379000000000000000e+03 3.000000000000000000e+01 1.130000000000000000e+02 1.008200000000000000e+04
-5.727350234985351562e+00 -7.512865066528320312e+00 1.154168508946895599e-02 1.990000000000000000e+02 3.623275200000000000e+07 1.770000000000000000e+03 3.100000000000000000e+01 8.000000000000000000e+01 9.447000000000000000e+03
-6.333400249481201172e+00 -7.617452144622802734e+00 1.054729744791984558e-01 2.800000000000000000e+02 3.633038000000000000e+07 2.741000000000000000e+03 3.000000000000000000e+01 8.600000000000000000e+01 9.907000000000000000e+03
-5.808175086975097656e+00 -7.522698879241943359e+00 1.161132473498582840e-02 1.910000000000000000e+02 3.633038000000000000e+07 1.718000000000000000e+03 3.100000000000000000e+01 9.800000000000000000e+01 9.504000000000000000e+03
-6.409000396728515625e+00 -7.612870693206787109e+00 1.059520542621612549e-01 2.470000000000000000e+02 3.642856800000000000e+07 2.430000000000000000e+03 3.000000000000000000e+01 6.800000000000000000e+01 9.952000000000000000e+03
-5.859151363372802734e+00 -7.493220329284667969e+00 1.162109710276126862e-02 2.330000000000000000e+02 3.642856800000000000e+07 2.093000000000000000e+03 3.100000000000000000e+01 7.900000000000000000e+01 9.512000000000000000e+03
-6.513972282409667969e+00 -7.641891956329345703e+00 1.069102287292480469e-01 2.390000000000000000e+02 3.652656000000000000e+07 2.392000000000000000e+03 3.000000000000000000e+01 9.700000000000000000e+01 1.004200000000000000e+04
-5.888257503509521484e+00 -7.435961723327636719e+00 1.158811151981353760e-02 2.860000000000000000e+02 3.652656000000000000e+07 2.557000000000000000e+03 3.100000000000000000e+01 9.000000000000000000e+01 9.485000000000000000e+03
-6.564005851745605469e+00 -7.605564594268798828e+00 1.069634556770324707e-01 2.650000000000000000e+02 3.662511200000000000e+07 2.657000000000000000e+03 3.000000000000000000e+01 8.400000000000000000e+01 1.004700000000000000e+04
-5.779251098632812500e+00 -7.206995964050292969e+00 1.128634437918663025e-02 2.030000000000000000e+02 3.662511200000000000e+07 1.720000000000000000e+03 3.100000000000000000e+01 1.610000000000000000e+02 9.238000000000000000e+03
-6.626998424530029297e+00 -7.583969116210937500e+00 1.072296127676963806e-01 2.990000000000000000e+02 3.672284800000000000e+07 3.027000000000000000e+03 3.000000000000000000e+01 7.100000000000000000e+01 1.007200000000000000e+04
-5.640555381774902344e+00 -6.946273803710937500e+00 1.093204133212566376e-02 1.140000000000000000e+02 3.672284800000000000e+07 9.050000000000000000e+02 3.100000000000000000e+01 1.100000000000000000e+02 8.948000000000000000e+03
-6.680696010589599609e+00 -7.551402091979980469e+00 1.073467209935188293e-01 3.010000000000000000e+02 3.682276800000000000e+07 3.043000000000000000e+03 3.000000000000000000e+01 8.300000000000000000e+01 1.008300000000000000e+04
-6.107332229614257812e+00 -7.427503585815429688e+00 1.174815744161605835e-02 2.180000000000000000e+02 3.682276800000000000e+07 1.999000000000000000e+03 3.100000000000000000e+01 9.400000000000000000e+01 9.616000000000000000e+03
-6.766266822814941406e+00 -7.554213523864746094e+00 1.079748496413230896e-01 2.350000000000000000e+02 3.692042000000000000e+07 2.410000000000000000e+03 3.000000000000000000e+01 8.400000000000000000e+01 1.014200000000000000e+04
-6.159830570220947266e+00 -7.398344039916992188e+00 1.176159735769033432e-02 2.060000000000000000e+02 3.692042000000000000e+07 1.895000000000000000e+03 3.100000000000000000e+01 6.300000000000000000e+01 9.627000000000000000e+03
-6.874960422515869141e+00 -7.581443309783935547e+00 1.089649647474288940e-01 2.450000000000000000e+02 3.701860800000000000e+07 2.549000000000000000e+03 3.000000000000000000e+01 8.100000000000000000e+01 1.023500000000000000e+04
-6.180616855621337891e+00 -7.331355571746826172e+00 1.171517185866832733e-02 1.800000000000000000e+02 3.701860800000000000e+07 1.636000000000000000e+03 3.100000000000000000e+01 1.220000000000000000e+02 9.589000000000000000e+03
-6.937579631805419922e+00 -7.556795120239257812e+00 1.092204749584197998e-01 2.640000000000000000e+02 3.711675200000000000e+07 2.761000000000000000e+03 3.000000000000000000e+01 8.000000000000000000e+01 1.025900000000000000e+04
-6.122906208038330078e+00 -7.173120498657226562e+00 1.152213849127292633e-02 2.060000000000000000e+02 3.711675200000000000e+07 1.812000000000000000e+03 3.100000000000000000e+01 1.420000000000000000e+02 9.431000000000000000e+03
-6.972924232482910156e+00 -7.502365112304687500e+00 1.090501248836517334e-01 2.610000000000000000e+02 3.721360800000000000e+07 2.730000000000000000e+03 3.000000000000000000e+01 8.700000000000000000e+01 1.024300000000000000e+04
-6.287119388580322266e+00 -7.274629116058349609e+00 1.174693647772073746e-02 1.820000000000000000e+02 3.721360800000000000e+07 1.667000000000000000e+03 3.100000000000000000e+01 8.100000000000000000e+01 9.615000000000000000e+03
-7.016086101531982422e+00 -7.456526279449462891e+00 1.090075448155403137e-01 2.660000000000000000e+02 3.731114000000000000e+07 2.781000000000000000e+03 3.000000000000000000e+01 8.000000000000000000e+01 1.023900000000000000e+04
-6.375099658966064453e+00 -7.285584449768066406e+00 1.182757038623094559e-02 3.070000000000000000e+02 3.731114000000000000e+07 2.860000000000000000e+03 3.100000000000000000e+01 1.020000000000000000e+02 9.681000000000000000e+03
-7.085845470428466797e+00 -7.438676834106445312e+00 1.093801632523536682e-01 2.970000000000000000e+02 3.740903200000000000e+07 3.127000000000000000e+03 3.000000000000000000e+01 8.400000000000000000e+01 1.027400000000000000e+04
-6.395147323608398438e+00 -7.218635082244873047e+00 1.178236585110425949e-02 3.030000000000000000e+02 3.740903200000000000e+07 2.798000000000000000e+03 3.100000000000000000e+01 1.350000000000000000e+02 9.644000000000000000e+03
-7.137602329254150391e+00 -7.401537418365478516e+00 1.094759851694107056e-01 2.670000000000000000e+02 3.750696800000000000e+07 2.806000000000000000e+03 3.000000000000000000e+01 7.200000000000000000e+01 1.028300000000000000e+04
-6.413279533386230469e+00 -7.150227069854736328e+00 1.173471845686435699e-02 2.590000000000000000e+02 3.750696800000000000e+07 2.370000000000000000e+03 3.100000000000000000e+01 1.280000000000000000e+02 9.605000000000000000e+03
-7.203838348388671875e+00 -7.379067897796630859e+00 1.097953766584396362e-01 2.830000000000000000e+02 3.760408000000000000e+07 2.991000000000000000e+03 3.000000000000000000e+01 9.400000000000000000e+01 1.031300000000000000e+04
-6.515517711639404297e+00 -7.175148487091064453e+00 1.184100937098264694e-02 2.460000000000000000e+02 3.760408000000000000e+07 2.301000000000000000e+03 3.100000000000000000e+01 1.130000000000000000e+02 9.692000000000000000e+03
-7.314349174499511719e+00 -7.400869369506835938e+00 1.107854768633842468e-01 2.310000000000000000e+02 3.770135200000000000e+07 2.482000000000000000e+03 3.000000000000000000e+01 9.300000000000000000e+01 1.040600000000000000e+04
-6.518814086914062500e+00 -7.090864658355712891e+00 1.176770590245723724e-02 1.810000000000000000e+02 3.770135200000000000e+07 1.666000000000000000e+03 3.100000000000000000e+01 1.600000000000000000e+02 9.632000000000000000e+03
-7.411251068115234375e+00 -7.407452583312988281e+00 1.115626543760299683e-01 2.290000000000000000e+02 3.779883200000000000e+07 2.487000000000000000e+03 3.000000000000000000e+01 5.500000000000000000e+01 1.047900000000000000e+04
-6.210653305053710938e+00 -6.673014163970947266e+00 1.113729272037744522e-02 2.350000000000000000e+02 3.779883200000000000e+07 1.941000000000000000e+03 3.100000000000000000e+01 1.680000000000000000e+02 9.116000000000000000e+03
-7.436638832092285156e+00 -7.342167854309082031e+00 1.112645566463470459e-01 3.200000000000000000e+02 3.789667200000000000e+07 3.485000000000000000e+03 3.000000000000000000e+01 1.060000000000000000e+02 1.045100000000000000e+04
-6.613567829132080078e+00 -7.019068241119384766e+00 1.178236585110425949e-02 2.630000000000000000e+02 3.789667200000000000e+07 2.439000000000000000e+03 3.100000000000000000e+01 9.600000000000000000e+01 9.644000000000000000e+03
-7.510900497436523438e+00 -7.325023651123046875e+00 1.117010638117790222e-01 2.950000000000000000e+02 3.799332800000000000e+07 3.240000000000000000e+03 3.000000000000000000e+01 7.800000000000000000e+01 1.049200000000000000e+04
-6.731056213378906250e+00 -7.056504726409912109e+00 1.191431377083063126e-02 2.210000000000000000e+02 3.799332800000000000e+07 2.090000000000000000e+03 3.100000000000000000e+01 1.440000000000000000e+02 9.752000000000000000e+03
-7.614036083221435547e+00 -7.334993362426757812e+00 1.125634163618087769e-01 2.440000000000000000e+02 3.809100800000000000e+07 2.720000000000000000e+03 3.000000000000000000e+01 8.400000000000000000e+01 1.057300000000000000e+04
-6.839524269104003906e+00 -7.082689285278320312e+00 1.202915608882904053e-02 1.810000000000000000e+02 3.809100800000000000e+07 1.740000000000000000e+03 3.100000000000000000e+01 1.770000000000000000e+02 9.846000000000000000e+03
-7.669041156768798828e+00 -7.297786712646484375e+00 1.127124652266502380e-01 2.440000000000000000e+02 3.818878000000000000e+07 2.728000000000000000e+03 3.000000000000000000e+01 7.000000000000000000e+01 1.058700000000000000e+04
-6.523542404174804688e+00 -6.673043251037597656e+00 1.140118669718503952e-02 2.010000000000000000e+02 3.818878000000000000e+07 1.732000000000000000e+03 3.100000000000000000e+01 1.290000000000000000e+02 9.332000000000000000e+03
-7.749376296997070312e+00 -7.284151077270507812e+00 1.132341325283050537e-01 3.780000000000000000e+02 3.828708800000000000e+07 4.259000000000000000e+03 3.000000000000000000e+01 6.600000000000000000e+01 1.063600000000000000e+04
-6.173963069915771484e+00 -6.238413333892822266e+00 1.072312612086534500e-02 2.500000000000000000e+02 3.828708800000000000e+07 1.908000000000000000e+03 3.100000000000000000e+01 1.560000000000000000e+02 8.777000000000000000e+03
-7.802718639373779297e+00 -7.244629383087158203e+00 1.133618876338005066e-01 2.380000000000000000e+02 3.838452000000000000e+07 2.667000000000000000e+03 3.000000000000000000e+01 9.000000000000000000e+01 1.064800000000000000e+04
-6.327492237091064453e+00 -6.315562725067138672e+00 1.092226803302764893e-02 2.750000000000000000e+02 3.838452000000000000e+07 2.176000000000000000e+03 3.100000000000000000e+01 9.100000000000000000e+01 8.940000000000000000e+03
-7.860288619995117188e+00 -7.208781719207763672e+00 1.135535165667533875e-01 2.440000000000000000e+02 3.848163200000000000e+07 2.769000000000000000e+03 3.000000000000000000e+01 7.100000000000000000e+01 1.066600000000000000e+04
-6.440894126892089844e+00 -6.350337505340576172e+00 1.105054933577775955e-02 1.670000000000000000e+02 3.848163200000000000e+07 1.350000000000000000e+03 3.100000000000000000e+01 1.200000000000000000e+02 9.045000000000000000e+03
-7.953284263610839844e+00 -7.204723834991455078e+00 1.142561733722686768e-01 3.460000000000000000e+02 3.857880000000000000e+07 3.954000000000000000e+03 3.000000000000000000e+01 8.200000000000000000e+01 1.073200000000000000e+04
-6.657402515411376953e+00 -6.483726978302001953e+00 1.135353837162256241e-02 1.910000000000000000e+02 3.857880000000000000e+07 1.637000000000000000e+03 3.100000000000000000e+01 1.700000000000000000e+02 9.293000000000000000e+03
-8.010755538940429688e+00 -7.167789936065673828e+00 1.144478172063827515e-01 3.580000000000000000e+02 3.867566000000000000e+07 4.119000000000000000e+03 3.000000000000000000e+01 6.300000000000000000e+01 1.075000000000000000e+04
-7.209447860717773438e+00 -6.935686111450195312e+00 1.222218945622444153e-02 1.750000000000000000e+02 3.867566000000000000e+07 1.729000000000000000e+03 3.100000000000000000e+01 1.390000000000000000e+02 1.000400000000000000e+04
-8.157983779907226562e+00 -7.209883689880371094e+00 1.159169971942901611e-01 2.340000000000000000e+02 3.877375200000000000e+07 2.753000000000000000e+03 3.000000000000000000e+01 9.400000000000000000e+01 1.088800000000000000e+04
-6.842301368713378906e+00 -6.502115249633789062e+00 1.153191085904836655e-02 1.570000000000000000e+02 3.877375200000000000e+07 1.393000000000000000e+03 3.100000000000000000e+01 1.930000000000000000e+02 9.439000000000000000e+03
-8.246514320373535156e+00 -7.198488235473632812e+00 1.165451332926750183e-01 2.990000000000000000e+02 3.887112800000000000e+07 3.577000000000000000e+03 3.000000000000000000e+01 6.000000000000000000e+01 1.094700000000000000e+04
-6.384087085723876953e+00 -5.992567539215087891e+00 1.069747004657983780e-02 2.450000000000000000e+02 3.887112800000000000e+07 1.873000000000000000e+03 3.100000000000000000e+01 1.880000000000000000e+02 8.756000000000000000e+03
-8.324608802795410156e+00 -7.177135467529296875e+00 1.170242130756378174e-01 2.380000000000000000e+02 3.896896800000000000e+07 2.846000000000000000e+03 3.000000000000000000e+01 5.600000000000000000e+01 1.099200000000000000e+04
-6.341540813446044922e+00 -5.879852294921875000e+00 1.056552305817604065e-02 2.480000000000000000e+02 3.896896800000000000e+07 1.847000000000000000e+03 3.100000000000000000e+01 1.140000000000000000e+02 8.648000000000000000e+03
-8.373057365417480469e+00 -7.129811286926269531e+00 1.170880869030952454e-01 2.400000000000000000e+02 3.906696000000000000e+07 2.892000000000000000e+03 3.000000000000000000e+01 1.030000000000000000e+02 1.099800000000000000e+04
-6.731476783752441406e+00 -6.165020942687988281e+00 1.115195360034704208e-02 2.210000000000000000e+02 3.906696000000000000e+07 1.828000000000000000e+03 3.100000000000000000e+01 1.860000000000000000e+02 9.128000000000000000e+03
-2.470427036285400391e+00 -1.789831519126892090e+00 9.054137766361236572e-02 2.600000000000000000e+01 3.916479200000000000e+07 2.400000000000000000e+01 2.800000000000000000e+01 6.900000000000000000e+01 3.052000000000000000e+03
-8.468688011169433594e+00 -7.122066020965576172e+00 1.178120449185371399e-01 3.230000000000000000e+02 3.916479200000000000e+07 3.933000000000000000e+03 3.000000000000000000e+01 9.400000000000000000e+01 1.106600000000000000e+04
-7.009451389312744141e+00 -6.340960025787353516e+00 1.154779456555843353e-02 1.550000000000000000e+02 3.916479200000000000e+07 1.378000000000000000e+03 3.100000000000000000e+01 2.010000000000000000e+02 9.452000000000000000e+03
-2.468354463577270508e+00 -1.765336155891418457e+00 9.006672352552413940e-02 2.780000000000000000e+02 3.926272800000000000e+07 2.560000000000000000e+02 2.800000000000000000e+01 8.100000000000000000e+01 3.036000000000000000e+03
-8.565304756164550781e+00 -7.114052295684814453e+00 1.185466349124908447e-01 2.320000000000000000e+02 3.926272800000000000e+07 2.868000000000000000e+03 3.000000000000000000e+01 7.700000000000000000e+01 1.113500000000000000e+04
-6.815572738647460938e+00 -6.089946746826171875e+00 1.116661448031663895e-02 1.560000000000000000e+02 3.926272800000000000e+07 1.293000000000000000e+03 3.100000000000000000e+01 1.390000000000000000e+02 9.140000000000000000e+03
-2.471790552139282227e+00 -1.744969129562377930e+00 8.979972451925277710e-02 3.760000000000000000e+02 3.935984000000000000e+07 3.430000000000000000e+02 2.800000000000000000e+01 6.900000000000000000e+01 3.027000000000000000e+03
-8.631988525390625000e+00 -7.080387592315673828e+00 1.188660338521003723e-01 2.600000000000000000e+02 3.935984000000000000e+07 3.220000000000000000e+03 3.000000000000000000e+01 7.900000000000000000e+01 1.116500000000000000e+04
-6.329478740692138672e+00 -5.586140155792236328e+00 1.031384617090225220e-02 8.700000000000000000e+01 3.935984000000000000e+07 6.120000000000000000e+02 3.100000000000000000e+01 2.390000000000000000e+02 8.442000000000000000e+03
-2.477530241012573242e+00 -1.726341009140014648e+00 8.962173014879226685e-02 3.490000000000000000e+02 3.945671200000000000e+07 3.180000000000000000e+02 2.800000000000000000e+01 9.100000000000000000e+01 3.021000000000000000e+03
-8.683039665222167969e+00 -7.033583164215087891e+00 1.189724877476692200e-01 3.520000000000000000e+02 3.945671200000000000e+07 4.373000000000000000e+03 3.000000000000000000e+01 9.400000000000000000e+01 1.117500000000000000e+04
-6.264132976531982422e+00 -5.460461616516113281e+00 1.015257835388183594e-02 1.890000000000000000e+02 3.945671200000000000e+07 1.289000000000000000e+03 3.100000000000000000e+01 1.560000000000000000e+02 8.310000000000000000e+03
-2.459250450134277344e+00 -1.691282510757446289e+00 8.858340978622436523e-02 2.860000000000000000e+02 3.955536000000000000e+07 2.540000000000000000e+02 2.800000000000000000e+01 7.300000000000000000e+01 2.986000000000000000e+03
-8.800214767456054688e+00 -7.039512157440185547e+00 1.199838891625404358e-01 2.210000000000000000e+02 3.955536000000000000e+07 2.800000000000000000e+03 3.000000000000000000e+01 6.600000000000000000e+01 1.127000000000000000e+04
-6.844668865203857422e+00 -5.892997264862060547e+00 1.103466749191284180e-02 2.250000000000000000e+02 3.955536000000000000e+07 1.817000000000000000e+03 3.100000000000000000e+01 1.460000000000000000e+02 9.032000000000000000e+03
-2.483641862869262695e+00 -1.685703873634338379e+00 8.908773958683013916e-02 9.000000000000000000e+01 3.965172000000000000e+07 8.000000000000000000e+01 2.800000000000000000e+01 8.800000000000000000e+01 3.003000000000000000e+03
-8.918571472167968750e+00 -7.044885158538818359e+00 1.210059300065040588e-01 2.650000000000000000e+02 3.965172000000000000e+07 3.401000000000000000e+03 3.000000000000000000e+01 9.000000000000000000e+01 1.136600000000000000e+04
-6.846417427062988281e+00 -5.821737289428710938e+00 1.097968965768814087e-02 1.740000000000000000e+02 3.965172000000000000e+07 1.389000000000000000e+03 3.100000000000000000e+01 2.260000000000000000e+02 8.987000000000000000e+03
-2.460897684097290039e+00 -1.780349731445312500e+00 6.150259822607040405e-02 1.210000000000000000e+02 3.974996000000000000e+07 1.110000000000000000e+02 2.900000000000000000e+01 5.900000000000000000e+01 3.038000000000000000e+03
-8.999476432800292969e+00 -7.019548892974853516e+00 1.215169578790664673e-01 1.990000000000000000e+02 3.974996000000000000e+07 2.583000000000000000e+03 3.000000000000000000e+01 8.500000000000000000e+01 1.141400000000000000e+04
-6.767909526824951172e+00 -5.683795452117919922e+00 1.079765148460865021e-02 3.830000000000000000e+02 3.974996000000000000e+07 2.969000000000000000e+03 3.100000000000000000e+01 1.060000000000000000e+02 8.838000000000000000e+03
-2.471800565719604492e+00 -1.766537666320800781e+00 1.714556515216827393e-01 5.900000000000000000e+01 3.984912800000000000e+07 5.400000000000000000e+01 2.500000000000000000e+01 6.400000000000000000e+01 3.043000000000000000e+03
-2.466893434524536133e+00 -1.761730194091796875e+00 6.138113141059875488e-02 2.860000000000000000e+02 3.984912800000000000e+07 2.610000000000000000e+02 2.900000000000000000e+01 7.900000000000000000e+01 3.032000000000000000e+03
-9.053468704223632812e+00 -6.972739219665527344e+00 1.216660067439079285e-01 2.530000000000000000e+02 3.984912800000000000e+07 3.295000000000000000e+03 3.000000000000000000e+01 7.600000000000000000e+01 1.142800000000000000e+04
-7.088218212127685547e+00 -5.879007339477539062e+00 1.125091407448053360e-02 1.560000000000000000e+02 3.984912800000000000e+07 1.310000000000000000e+03 3.100000000000000000e+01 1.710000000000000000e+02 9.209000000000000000e+03
-2.476066589355468750e+00 -1.746733427047729492e+00 1.710048913955688477e-01 1.810000000000000000e+02 3.994711200000000000e+07 1.650000000000000000e+02 2.500000000000000000e+01 3.500000000000000000e+01 3.035000000000000000e+03
-2.465399503707885742e+00 -1.737919807434082031e+00 6.107746809720993042e-02 2.560000000000000000e+02 3.994711200000000000e+07 2.320000000000000000e+02 2.900000000000000000e+01 8.000000000000000000e+01 3.017000000000000000e+03
-9.141451835632324219e+00 -6.951557636260986328e+00 1.222728490829467773e-01 2.500000000000000000e+02 3.994711200000000000e+07 3.277000000000000000e+03 3.000000000000000000e+01 6.600000000000000000e+01 1.148500000000000000e+04
-6.941586017608642578e+00 -5.685859680175781250e+00 1.096258591860532761e-02 1.870000000000000000e+02 3.994711200000000000e+07 1.495000000000000000e+03 3.100000000000000000e+01 1.510000000000000000e+02 8.973000000000000000e+03
-2.508040904998779297e+00 -1.746340990066528320e+00 1.724698394536972046e-01 1.460000000000000000e+02 4.004587200000000000e+07 1.360000000000000000e+02 2.500000000000000000e+01 7.200000000000000000e+01 3.061000000000000000e+03
-2.480119943618774414e+00 -1.725614786148071289e+00 6.117868795990943909e-02 2.760000000000000000e+02 4.004587200000000000e+07 2.500000000000000000e+02 2.900000000000000000e+01 1.000000000000000000e+02 3.022000000000000000e+03
-9.195928573608398438e+00 -6.904341697692871094e+00 1.224325448274612427e-01 2.480000000000000000e+02 4.004587200000000000e+07 3.271000000000000000e+03 3.000000000000000000e+01 7.200000000000000000e+01 1.150000000000000000e+04
-6.378459930419921875e+00 -5.159532546997070312e+00 1.002307515591382980e-02 2.660000000000000000e+02 4.004587200000000000e+07 1.783000000000000000e+03 3.100000000000000000e+01 1.310000000000000000e+02 8.204000000000000000e+03
-2.480771541595458984e+00 -1.703572988510131836e+00 6.093575805425643921e-02 2.190000000000000000e+02 4.014380800000000000e+07 1.970000000000000000e+02 2.900000000000000000e+01 7.000000000000000000e+01 3.010000000000000000e+03
-9.295957565307617188e+00 -6.890659332275390625e+00 1.231990754604339600e-01 2.660000000000000000e+02 4.014380800000000000e+07 3.552000000000000000e+03 3.000000000000000000e+01 8.100000000000000000e+01 1.157200000000000000e+04
-6.870980262756347656e+00 -5.488529682159423828e+00 1.074389554560184479e-02 1.820000000000000000e+02 4.014380800000000000e+07 1.390000000000000000e+03 3.100000000000000000e+01 1.510000000000000000e+02 8.794000000000000000e+03
-2.492005348205566406e+00 -1.688880085945129395e+00 6.095600128173828125e-02 6.300000000000000000e+01 4.024062000000000000e+07 5.600000000000000000e+01 2.900000000000000000e+01 4.400000000000000000e+01 3.011000000000000000e+03
-9.344518661499023438e+00 -6.838214874267578125e+00 1.232842504978179932e-01 7.600000000000000000e+01 4.024062000000000000e+07 1.008000000000000000e+03 3.000000000000000000e+01 9.300000000000000000e+01 1.158000000000000000e+04
-6.957131862640380859e+00 -5.487761020660400391e+00 1.082575134932994843e-02 1.510000000000000000e+02 4.024062000000000000e+07 1.177000000000000000e+03 3.100000000000000000e+01 1.350000000000000000e+02 8.861000000000000000e+03
-2.450077295303344727e+00 -1.771911144256591797e+00 1.420635133981704712e-01 1.400000000000000000e+01 4.033900800000000000e+07 1.200000000000000000e+01 2.600000000000000000e+01 3.300000000000000000e+01 3.027000000000000000e+03
-2.478696823120117188e+00 -1.790633082389831543e+00 3.255640715360641479e-02 1.580000000000000000e+02 4.033900800000000000e+07 1.470000000000000000e+02 3.000000000000000000e+01 6.300000000000000000e+01 3.058000000000000000e+03
-6.671158313751220703e+00 -5.196102142333984375e+00 1.033095084130764008e-02 2.430000000000000000e+02 4.033900800000000000e+07 1.729000000000000000e+03 3.100000000000000000e+01 1.380000000000000000e+02 8.456000000000000000e+03
-2.532446146011352539e+00 -1.807918906211853027e+00 1.461935341358184814e-01 1.100000000000000000e+02 4.043639200000000000e+07 1.060000000000000000e+02 2.600000000000000000e+01 6.400000000000000000e+01 3.115000000000000000e+03
-2.492893695831298828e+00 -1.777712583541870117e+00 3.259899467229843140e-02 2.070000000000000000e+02 4.043639200000000000e+07 1.940000000000000000e+02 3.000000000000000000e+01 7.200000000000000000e+01 3.062000000000000000e+03
-6.930415153503417969e+00 -5.330036163330078125e+00 1.068158727139234543e-02 1.540000000000000000e+02 4.043639200000000000e+07 1.173000000000000000e+03 3.100000000000000000e+01 1.810000000000000000e+02 8.743000000000000000e+03
-2.499398946762084961e+00 -1.761274814605712891e+00 1.436591893434524536e-01 1.820000000000000000e+02 4.053448000000000000e+07 1.690000000000000000e+02 2.600000000000000000e+01 5.400000000000000000e+01 3.061000000000000000e+03
-2.475953340530395508e+00 -1.742813825607299805e+00 3.223701938986778259e-02 2.380000000000000000e+02 4.053448000000000000e+07 2.160000000000000000e+02 3.000000000000000000e+01 7.600000000000000000e+01 3.028000000000000000e+03
-6.495498180389404297e+00 -4.932417869567871094e+00 9.964431636035442352e-03 1.820000000000000000e+02 4.053448000000000000e+07 1.207000000000000000e+03 3.100000000000000000e+01 1.750000000000000000e+02 8.156000000000000000e+03
-2.501138448715209961e+00 -1.739631533622741699e+00 1.431429535150527954e-01 1.140000000000000000e+02 4.063242000000000000e+07 1.060000000000000000e+02 2.600000000000000000e+01 5.900000000000000000e+01 3.050000000000000000e+03
-2.483315706253051758e+00 -1.725306749343872070e+00 3.219443559646606445e-02 2.360000000000000000e+02 4.063242000000000000e+07 2.140000000000000000e+02 3.000000000000000000e+01 7.800000000000000000e+01 3.024000000000000000e+03
-6.880886554718017578e+00 -5.158807754516601562e+00 1.050687953829765320e-02 2.490000000000000000e+02 4.063242000000000000e+07 1.825000000000000000e+03 3.100000000000000000e+01 1.400000000000000000e+02 8.600000000000000000e+03
-2.483134269714355469e+00 -1.702685594558715820e+00 3.205603361129760742e-02 1.710000000000000000e+02 4.072964800000000000e+07 1.540000000000000000e+02 3.000000000000000000e+01 7.800000000000000000e+01 3.011000000000000000e+03
-7.230702877044677734e+00 -5.352087020874023438e+00 1.099068485200405121e-02 1.470000000000000000e+02 4.072964800000000000e+07 1.179000000000000000e+03 3.100000000000000000e+01 1.510000000000000000e+02 8.996000000000000000e+03
-9.898779869079589844e+00 -6.698671340942382812e+00 1.272553205490112305e-01 6.000000000000000000e+01 4.082876000000000000e+07 8.440000000000000000e+02 3.000000000000000000e+01 1.030000000000000000e+02 1.195300000000000000e+04
-2.467426776885986328e+00 -1.803033113479614258e+00 3.733607707545161247e-03 7.400000000000000000e+01 4.082876000000000000e+07 6.800000000000000000e+01 3.100000000000000000e+01 5.400000000000000000e+01 3.056000000000000000e+03
-2.482558727264404297e+00 -1.792145609855651855e+00 1.149483323097229004e-01 1.060000000000000000e+02 4.092675200000000000e+07 9.800000000000000000e+01 2.700000000000000000e+01 5.100000000000000000e+01 3.064000000000000000e+03
-9.977947235107421875e+00 -6.663352012634277344e+00 1.277450472116470337e-01 2.280000000000000000e+02 4.092675200000000000e+07 3.247000000000000000e+03 3.000000000000000000e+01 5.400000000000000000e+01 1.199900000000000000e+04
-2.441948175430297852e+00 -1.761532783508300781e+00 3.678629640489816666e-03 1.080000000000000000e+02 4.092675200000000000e+07 9.700000000000000000e+01 3.100000000000000000e+01 5.100000000000000000e+01 3.011000000000000000e+03
-2.460956096649169922e+00 -1.753682374954223633e+00 1.134477034211158752e-01 1.980000000000000000e+02 4.102407200000000000e+07 1.800000000000000000e+02 2.700000000000000000e+01 6.900000000000000000e+01 3.024000000000000000e+03
-1.014472389221191406e+01 -6.685085296630859375e+00 1.293526440858840942e-01 2.050000000000000000e+02 4.102407200000000000e+07 3.003000000000000000e+03 3.000000000000000000e+01 6.900000000000000000e+01 1.215000000000000000e+04
-2.455969095230102539e+00 -1.748836278915405273e+00 3.683516522869467735e-03 1.160000000000000000e+02 4.102407200000000000e+07 1.040000000000000000e+02 3.100000000000000000e+01 5.400000000000000000e+01 3.015000000000000000e+03
-2.492104053497314453e+00 -1.752922177314758301e+00 1.143856048583984375e-01 2.270000000000000000e+02 4.112232000000000000e+07 2.100000000000000000e+02 2.700000000000000000e+01 5.700000000000000000e+01 3.049000000000000000e+03
-1.026351547241210938e+01 -6.673405170440673828e+00 1.303427517414093018e-01 2.870000000000000000e+02 4.112232000000000000e+07 4.261000000000000000e+03 3.000000000000000000e+01 8.100000000000000000e+01 1.224300000000000000e+04
-2.463381052017211914e+00 -1.731433629989624023e+00 3.678629640489816666e-03 1.220000000000000000e+02 4.112232000000000000e+07 1.090000000000000000e+02 3.100000000000000000e+01 5.500000000000000000e+01 3.011000000000000000e+03
-2.507737874984741211e+00 -1.741017103195190430e+00 1.146106868982315063e-01 1.570000000000000000e+02 4.122020800000000000e+07 1.460000000000000000e+02 2.700000000000000000e+01 6.600000000000000000e+01 3.055000000000000000e+03
-1.035981750488281250e+01 -6.645938873291015625e+00 1.310454010963439941e-01 2.060000000000000000e+02 4.122020800000000000e+07 3.095000000000000000e+03 3.000000000000000000e+01 8.300000000000000000e+01 1.230900000000000000e+04
-2.473958492279052734e+00 -1.716286063194274902e+00 3.678629640489816666e-03 1.200000000000000000e+02 4.122020800000000000e+07 1.070000000000000000e+02 3.100000000000000000e+01 5.400000000000000000e+01 3.011000000000000000e+03
-1.042405986785888672e+01 -6.597219944000244141e+00 1.313434988260269165e-01 2.630000000000000000e+02 4.131758000000000000e+07 3.992000000000000000e+03 3.000000000000000000e+01 8.700000000000000000e+01 1.233700000000000000e+04
-2.491868972778320312e+00 -1.706158399581909180e+00 3.689625300467014313e-03 7.900000000000000000e+01 4.131758000000000000e+07 7.100000000000000000e+01 3.100000000000000000e+01 4.600000000000000000e+01 3.020000000000000000e+03
-1.062295818328857422e+01 -6.632161617279052734e+00 1.333343535661697388e-01 1.770000000000000000e+02 4.141603200000000000e+07 2.766000000000000000e+03 3.000000000000000000e+01 7.800000000000000000e+01 1.252400000000000000e+04
-7.612101078033447266e+00 -5.143613815307617188e+00 1.122403517365455627e-02 5.700000000000000000e+01 4.141603200000000000e+07 4.750000000000000000e+02 3.100000000000000000e+01 8.300000000000000000e+01 9.187000000000000000e+03
-1.070602416992187500e+01 -6.593072891235351562e+00 1.338666677474975586e-01 2.000000000000000000e+02 4.151448000000000000e+07 3.152000000000000000e+03 3.000000000000000000e+01 7.700000000000000000e+01 1.257400000000000000e+04
-7.482111454010009766e+00 -4.989181518554687500e+00 1.098701916635036469e-02 1.740000000000000000e+02 4.151448000000000000e+07 1.389000000000000000e+03 3.100000000000000000e+01 1.510000000000000000e+02 8.993000000000000000e+03
-1.077447986602783203e+01 -6.544388294219970703e+00 1.342180073261260986e-01 2.850000000000000000e+02 4.161318000000000000e+07 4.501000000000000000e+03 3.000000000000000000e+01 9.000000000000000000e+01 1.260700000000000000e+04
-7.383935451507568359e+00 -4.858529567718505859e+00 1.079887431114912033e-02 2.100000000000000000e+02 4.161318000000000000e+07 1.632000000000000000e+03 3.100000000000000000e+01 1.220000000000000000e+02 8.839000000000000000e+03
-1.088134288787841797e+01 -6.518234729766845703e+00 1.350484192371368408e-01 3.290000000000000000e+02 4.170984000000000000e+07 5.267000000000000000e+03 3.000000000000000000e+01 7.700000000000000000e+01 1.268500000000000000e+04
-7.591420650482177734e+00 -4.928572177886962891e+00 1.105788070708513260e-02 1.970000000000000000e+02 4.170984000000000000e+07 1.599000000000000000e+03 3.100000000000000000e+01 2.060000000000000000e+02 9.051000000000000000e+03
-1.100808811187744141e+01 -6.502711772918701172e+00 1.361236870288848877e-01 1.940000000000000000e+02 4.180731200000000000e+07 3.144000000000000000e+03 3.000000000000000000e+01 8.100000000000000000e+01 1.278600000000000000e+04
-7.354584217071533203e+00 -4.710916996002197266e+00 1.067059114575386047e-02 1.550000000000000000e+02 4.180731200000000000e+07 1.176000000000000000e+03 3.100000000000000000e+01 2.100000000000000000e+02 8.734000000000000000e+03
-1.122750377655029297e+01 -6.539729118347167969e+00 1.383381187915802002e-01 2.270000000000000000e+02 4.190382000000000000e+07 3.805000000000000000e+03 3.000000000000000000e+01 7.400000000000000000e+01 1.299400000000000000e+04
-7.440835475921630859e+00 -4.702026844024658203e+00 1.075366884469985962e-02 1.280000000000000000e+02 4.190382000000000000e+07 9.870000000000000000e+02 3.100000000000000000e+01 1.880000000000000000e+02 8.802000000000000000e+03
-1.130730819702148438e+01 -6.493622779846191406e+00 1.388278603553771973e-01 2.470000000000000000e+02 4.200180800000000000e+07 4.172000000000000000e+03 3.000000000000000000e+01 7.800000000000000000e+01 1.304000000000000000e+04
-7.094457149505615234e+00 -4.422463417053222656e+00 1.021366473287343979e-02 2.000000000000000000e+02 4.200180800000000000e+07 1.391000000000000000e+03 3.100000000000000000e+01 1.140000000000000000e+02 8.360000000000000000e+03
-1.136695289611816406e+01 -6.435451030731201172e+00 1.390727162361145020e-01 2.590000000000000000e+02 4.210096800000000000e+07 4.390000000000000000e+03 3.000000000000000000e+01 8.400000000000000000e+01 1.306300000000000000e+04
-8.463121414184570312e+00 -5.203811645507812500e+00 1.213788986206054688e-02 1.550000000000000000e+02 4.210096800000000000e+07 1.517000000000000000e+03 3.100000000000000000e+01 1.530000000000000000e+02 9.935000000000000000e+03
-1.144027900695800781e+01 -6.384587764739990234e+00 1.394879221916198730e-01 1.750000000000000000e+02 4.219790000000000000e+07 2.975000000000000000e+03 3.000000000000000000e+01 8.000000000000000000e+01 1.310200000000000000e+04
-8.500022888183593750e+00 -5.154896259307861328e+00 1.214522123336791992e-02 1.780000000000000000e+02 4.219790000000000000e+07 1.735000000000000000e+03 3.100000000000000000e+01 1.600000000000000000e+02 9.941000000000000000e+03
-1.163168907165527344e+01 -6.398128032684326172e+00 1.413403898477554321e-01 2.070000000000000000e+02 4.229634000000000000e+07 3.638000000000000000e+03 3.000000000000000000e+01 6.900000000000000000e+01 1.327600000000000000e+04
-6.814208984375000000e+00 -4.075545310974121094e+00 9.700538590550422668e-03 1.630000000000000000e+02 4.229634000000000000e+07 1.019000000000000000e+03 3.100000000000000000e+01 1.610000000000000000e+02 7.940000000000000000e+03
-1.170237445831298828e+01 -6.343791961669921875e+00 1.417236477136611938e-01 2.690000000000000000e+02 4.239432800000000000e+07 4.735000000000000000e+03 3.000000000000000000e+01 8.800000000000000000e+01 1.331200000000000000e+04
-7.112995624542236328e+00 -4.195206642150878906e+00 1.008904818445444107e-02 7.700000000000000000e+01 4.239432800000000000e+07 5.200000000000000000e+02 3.100000000000000000e+01 1.930000000000000000e+02 8.258000000000000000e+03
-1.185750198364257812e+01 -6.334059238433837891e+00 1.431289613246917725e-01 1.970000000000000000e+02 4.249146000000000000e+07 3.549000000000000000e+03 3.000000000000000000e+01 7.400000000000000000e+01 1.344400000000000000e+04
-7.317543506622314453e+00 -4.255546569824218750e+00 1.034194603562355042e-02 1.330000000000000000e+02 4.249146000000000000e+07 9.450000000000000000e+02 3.100000000000000000e+01 2.490000000000000000e+02 8.465000000000000000e+03
-1.198640060424804688e+01 -6.308687686920166016e+00 1.442148834466934204e-01 2.610000000000000000e+02 4.258912800000000000e+07 4.772000000000000000e+03 3.000000000000000000e+01 1.040000000000000000e+02 1.354600000000000000e+04
-7.562130928039550781e+00 -4.335913658142089844e+00 1.064982172101736069e-02 1.040000000000000000e+02 4.258912800000000000e+07 7.810000000000000000e+02 3.100000000000000000e+01 2.510000000000000000e+02 8.717000000000000000e+03
-1.205329132080078125e+01 -6.249751091003417969e+00 1.445555686950683594e-01 2.150000000000000000e+02 4.268656000000000000e+07 3.932000000000000000e+03 3.000000000000000000e+01 8.400000000000000000e+01 1.357800000000000000e+04
-8.249341964721679688e+00 -4.662918567657470703e+00 1.157711632549762726e-02 1.180000000000000000e+02 4.268656000000000000e+07 1.051000000000000000e+03 3.100000000000000000e+01 2.260000000000000000e+02 9.476000000000000000e+03
-1.219471073150634766e+01 -6.228435516357421875e+00 1.457905322313308716e-01 2.130000000000000000e+02 4.278398000000000000e+07 3.976000000000000000e+03 3.000000000000000000e+01 1.110000000000000000e+02 1.369400000000000000e+04
-8.917239189147949219e+00 -4.968496799468994141e+00 1.247142162173986435e-02 1.550000000000000000e+02 4.278398000000000000e+07 1.602000000000000000e+03 3.100000000000000000e+01 1.390000000000000000e+02 1.020800000000000000e+04
-1.228272342681884766e+01 -6.178657531738281250e+00 1.463867425918579102e-01 2.190000000000000000e+02 4.288099200000000000e+07 4.110000000000000000e+03 3.000000000000000000e+01 7.200000000000000000e+01 1.375000000000000000e+04
-7.527588367462158203e+00 -4.133890151977539062e+00 1.049221865832805634e-02 1.410000000000000000e+02 4.288099200000000000e+07 1.034000000000000000e+03 3.100000000000000000e+01 2.030000000000000000e+02 8.588000000000000000e+03
-1.247900104522705078e+01 -6.181740283966064453e+00 1.482711285352706909e-01 2.110000000000000000e+02 4.297868800000000000e+07 4.081000000000000000e+03 3.000000000000000000e+01 6.900000000000000000e+01 1.392700000000000000e+04
-9.695178985595703125e+00 -5.247085094451904297e+00 1.346835400909185410e-02 1.450000000000000000e+02 4.297868800000000000e+07 1.752000000000000000e+03 3.100000000000000000e+01 2.120000000000000000e+02 1.102400000000000000e+04
-1.259668350219726562e+01 -6.144068241119384766e+00 1.492186486721038818e-01 1.960000000000000000e+02 4.307528800000000000e+07 3.836000000000000000e+03 3.000000000000000000e+01 8.400000000000000000e+01 1.401600000000000000e+04
-8.763648986816406250e+00 -4.673642158508300781e+00 1.213422417640686035e-02 9.200000000000000000e+01 4.307528800000000000e+07 9.010000000000000000e+02 3.100000000000000000e+01 1.930000000000000000e+02 9.932000000000000000e+03
-1.275583648681640625e+01 -6.125093936920166016e+00 1.506559103727340698e-01 1.800000000000000000e+02 4.317322000000000000e+07 3.572000000000000000e+03 3.000000000000000000e+01 7.400000000000000000e+01 1.415100000000000000e+04
-9.397662162780761719e+00 -4.937937736511230469e+00 1.296988781541585922e-02 1.930000000000000000e+02 4.317322000000000000e+07 2.149000000000000000e+03 3.100000000000000000e+01 1.460000000000000000e+02 1.061600000000000000e+04
-1.290256786346435547e+01 -6.098413467407226562e+00 1.519441008567810059e-01 2.310000000000000000e+02 4.327106000000000000e+07 4.670000000000000000e+03 3.000000000000000000e+01 8.500000000000000000e+01 1.427200000000000000e+04
-8.536159515380859375e+00 -4.418642520904541016e+00 1.174327079206705093e-02 2.050000000000000000e+02 4.327106000000000000e+07 1.871000000000000000e+03 3.100000000000000000e+01 1.660000000000000000e+02 9.612000000000000000e+03
-1.303584957122802734e+01 -6.063834667205810547e+00 1.530726104974746704e-01 2.290000000000000000e+02 4.336950000000000000e+07 4.676000000000000000e+03 3.000000000000000000e+01 9.600000000000000000e+01 1.437800000000000000e+04
-8.416115760803222656e+00 -4.291232585906982422e+00 1.154168508946895599e-02 1.720000000000000000e+02 4.336950000000000000e+07 1.530000000000000000e+03 3.100000000000000000e+01 1.790000000000000000e+02 9.447000000000000000e+03
-1.312645530700683594e+01 -6.008288383483886719e+00 1.537007391452789307e-01 1.800000000000000000e+02 4.346648000000000000e+07 3.717000000000000000e+03 3.000000000000000000e+01 8.000000000000000000e+01 1.443700000000000000e+04
-9.071415901184082031e+00 -4.555443763732910156e+00 1.240178290754556656e-02 1.240000000000000000e+02 4.346648000000000000e+07 1.263000000000000000e+03 3.100000000000000000e+01 1.640000000000000000e+02 1.015100000000000000e+04
-1.343660259246826172e+01 -6.050808429718017578e+00 1.568946391344070435e-01 1.440000000000000000e+02 4.356456800000000000e+07 3.102000000000000000e+03 3.000000000000000000e+01 1.330000000000000000e+02 1.473700000000000000e+04
-9.311639785766601562e+00 -4.604753494262695312e+00 1.269133388996124268e-02 1.750000000000000000e+02 4.356456800000000000e+07 1.865000000000000000e+03 3.100000000000000000e+01 1.340000000000000000e+02 1.038800000000000000e+04
-1.387758064270019531e+01 -6.147252559661865234e+00 1.616003066301345825e-01 1.330000000000000000e+02 4.366260800000000000e+07 3.041000000000000000e+03 3.000000000000000000e+01 1.160000000000000000e+02 1.517900000000000000e+04
-9.205754280090332031e+00 -4.482304096221923828e+00 1.250929571688175201e-02 1.580000000000000000e+02 4.366260800000000000e+07 1.642000000000000000e+03 3.100000000000000000e+01 1.640000000000000000e+02 1.023900000000000000e+04
-1.393887329101562500e+01 -6.072369098663330078e+00 1.618771106004714966e-01 1.870000000000000000e+02 4.376071200000000000e+07 4.305000000000000000e+03 3.000000000000000000e+01 9.000000000000000000e+01 1.520500000000000000e+04
-9.175372123718261719e+00 -4.398070812225341797e+00 1.243110466748476028e-02 1.420000000000000000e+02 4.376071200000000000e+07 1.456000000000000000e+03 3.100000000000000000e+01 1.620000000000000000e+02 1.017500000000000000e+04
-1.399517250061035156e+01 -5.994995594024658203e+00 1.621006876230239868e-01 1.400000000000000000e+02 4.385747200000000000e+07 3.225000000000000000e+03 3.000000000000000000e+01 1.020000000000000000e+02 1.522600000000000000e+04
-9.052960395812988281e+00 -4.271283149719238281e+00 1.222951896488666534e-02 1.270000000000000000e+02 4.385747200000000000e+07 1.260000000000000000e+03 3.100000000000000000e+01 1.420000000000000000e+02 1.001000000000000000e+04
-1.404459571838378906e+01 -5.914443492889404297e+00 1.622497290372848511e-01 1.620000000000000000e+02 4.395534000000000000e+07 3.745000000000000000e+03 3.000000000000000000e+01 8.600000000000000000e+01 1.524000000000000000e+04
-9.026392936706542969e+00 -4.191228866577148438e+00 1.215865928679704666e-02 2.060000000000000000e+02 4.395534000000000000e+07 2.018000000000000000e+03 3.100000000000000000e+01 1.460000000000000000e+02 9.952000000000000000e+03
-1.415915489196777344e+01 -5.860661983489990234e+00 1.631546616554260254e-01 1.500000000000000000e+02 4.405288000000000000e+07 3.501000000000000000e+03 3.000000000000000000e+01 1.050000000000000000e+02 1.532500000000000000e+04
-9.069221496582031250e+00 -4.143660545349121094e+00 1.218187250196933746e-02 9.300000000000000000e+01 4.405288000000000000e+07 9.170000000000000000e+02 3.100000000000000000e+01 2.060000000000000000e+02 9.971000000000000000e+03
-1.448569297790527344e+01 -5.891972064971923828e+00 1.664976030588150024e-01 1.520000000000000000e+02 4.415188800000000000e+07 3.692000000000000000e+03 3.000000000000000000e+01 1.220000000000000000e+02 1.563900000000000000e+04
-9.364455223083496094e+00 -4.209289550781250000e+00 1.254350412636995316e-02 1.950000000000000000e+02 4.415188800000000000e+07 2.046000000000000000e+03 3.100000000000000000e+01 1.070000000000000000e+02 1.026700000000000000e+04
-1.461071300506591797e+01 -5.838600158691406250e+00 1.675196588039398193e-01 1.830000000000000000e+02 4.424844800000000000e+07 4.513000000000000000e+03 3.000000000000000000e+01 8.300000000000000000e+01 1.573500000000000000e+04
-9.709299087524414062e+00 -4.292879104614257812e+00 1.296988781541585922e-02 9.000000000000000000e+01 4.424844800000000000e+07 1.003000000000000000e+03 3.100000000000000000e+01 2.280000000000000000e+02 1.061600000000000000e+04
-1.473189735412597656e+01 -5.782453060150146484e+00 1.684991121292114258e-01 1.310000000000000000e+02 4.434556000000000000e+07 3.257000000000000000e+03 3.000000000000000000e+01 1.110000000000000000e+02 1.582700000000000000e+04
-8.899102210998535156e+00 -3.869555234909057617e+00 1.185567025095224380e-02 1.020000000000000000e+02 4.434556000000000000e+07 9.530000000000000000e+02 3.100000000000000000e+01 2.070000000000000000e+02 9.704000000000000000e+03
-1.490612220764160156e+01 -5.745536804199218750e+00 1.700854152441024780e-01 1.080000000000000000e+02 4.444335200000000000e+07 2.735000000000000000e+03 3.000000000000000000e+01 9.500000000000000000e+01 1.597600000000000000e+04
-9.209557533264160156e+00 -3.937533617019653320e+00 1.223685033619403839e-02 1.740000000000000000e+02 4.444335200000000000e+07 1.724000000000000000e+03 3.100000000000000000e+01 1.320000000000000000e+02 1.001600000000000000e+04
-1.497756958007812500e+01 -5.667768478393554688e+00 1.705006211996078491e-01 1.100000000000000000e+02 4.454072800000000000e+07 2.796000000000000000e+03 3.000000000000000000e+01 1.160000000000000000e+02 1.601500000000000000e+04
-9.208653450012207031e+00 -3.870488643646240234e+00 1.220386289060115814e-02 1.120000000000000000e+02 4.454072800000000000e+07 1.112000000000000000e+03 3.100000000000000000e+01 1.810000000000000000e+02 9.989000000000000000e+03
-9.276592254638671875e+00 -3.832239627838134766e+00 1.226250641047954559e-02 1.890000000000000000e+02 4.463844800000000000e+07 1.883000000000000000e+03 3.100000000000000000e+01 1.250000000000000000e+02 1.003700000000000000e+04
-9.624229431152343750e+00 -3.906893730163574219e+00 1.269011106342077255e-02 1.900000000000000000e+02 4.473563200000000000e+07 2.026000000000000000e+03 3.100000000000000000e+01 1.430000000000000000e+02 1.038700000000000000e+04
-9.676815032958984375e+00 -3.859250783920288086e+00 1.272798515856266022e-02 1.440000000000000000e+02 4.483290000000000000e+07 1.548000000000000000e+03 3.100000000000000000e+01 1.540000000000000000e+02 1.041800000000000000e+04
-9.570888519287109375e+00 -3.749104261398315430e+00 1.255816500633955002e-02 1.220000000000000000e+02 4.493150000000000000e+07 1.276000000000000000e+03 3.100000000000000000e+01 1.460000000000000000e+02 1.027900000000000000e+04
-9.827045440673828125e+00 -3.780061244964599609e+00 1.286359690129756927e-02 1.280000000000000000e+02 4.502791200000000000e+07 1.407000000000000000e+03 3.100000000000000000e+01 1.270000000000000000e+02 1.052900000000000000e+04
-1.040294551849365234e+01 -3.928481578826904297e+00 1.358564011752605438e-02 7.400000000000000000e+01 4.512496000000000000e+07 9.050000000000000000e+02 3.100000000000000000e+01 2.070000000000000000e+02 1.112000000000000000e+04
-9.570764541625976562e+00 -3.547277927398681641e+00 1.247020065784454346e-02 9.200000000000000000e+01 4.522372000000000000e+07 9.530000000000000000e+02 3.100000000000000000e+01 1.760000000000000000e+02 1.020700000000000000e+04
-9.706062316894531250e+00 -3.529840469360351562e+00 1.261802949011325836e-02 1.890000000000000000e+02 4.532028000000000000e+07 1.994000000000000000e+03 3.100000000000000000e+01 1.220000000000000000e+02 1.032800000000000000e+04
-1.046219062805175781e+01 -3.732299804687500000e+00 1.357097923755645752e-02 1.300000000000000000e+02 4.541780800000000000e+07 1.596000000000000000e+03 3.100000000000000000e+01 1.880000000000000000e+02 1.110800000000000000e+04
-8.229906082153320312e+00 -2.879149913787841797e+00 1.065226644277572632e-02 1.590000000000000000e+02 4.551532800000000000e+07 1.199000000000000000e+03 3.100000000000000000e+01 1.420000000000000000e+02 8.719000000000000000e+03
-9.837497711181640625e+00 -3.373943805694580078e+00 1.270599476993083954e-02 8.500000000000000000e+01 4.561408800000000000e+07 9.110000000000000000e+02 3.100000000000000000e+01 2.010000000000000000e+02 1.040000000000000000e+04
-8.096842765808105469e+00 -2.721545934677124023e+00 1.043601986020803452e-02 7.500000000000000000e+01 4.571064800000000000e+07 5.410000000000000000e+02 3.100000000000000000e+01 2.080000000000000000e+02 8.542000000000000000e+03
-1.058482742309570312e+01 -3.485680818557739258e+00 1.361496094614267349e-02 1.240000000000000000e+02 4.580771200000000000e+07 1.533000000000000000e+03 3.100000000000000000e+01 1.800000000000000000e+02 1.114400000000000000e+04
-9.966457366943359375e+00 -3.214396476745605469e+00 1.279395818710327148e-02 9.100000000000000000e+01 4.590622000000000000e+07 9.820000000000000000e+02 3.100000000000000000e+01 1.690000000000000000e+02 1.047200000000000000e+04
-9.230750083923339844e+00 -2.914706945419311523e+00 1.182634849101305008e-02 1.720000000000000000e+02 4.600379200000000000e+07 1.599000000000000000e+03 3.100000000000000000e+01 1.490000000000000000e+02 9.680000000000000000e+03
-1.136949253082275391e+01 -3.513466835021972656e+00 1.453858986496925354e-02 6.100000000000000000e+01 4.610174000000000000e+07 8.530000000000000000e+02 3.100000000000000000e+01 2.000000000000000000e+02 1.190000000000000000e+04
-1.071312904357910156e+01 -3.238756656646728516e+00 1.367360446602106094e-02 1.380000000000000000e+02 4.620023200000000000e+07 1.711000000000000000e+03 3.100000000000000000e+01 1.600000000000000000e+02 1.119200000000000000e+04
-1.201014900207519531e+01 -3.550586462020874023e+00 1.530094910413026810e-02 6.300000000000000000e+01 4.629735200000000000e+07 9.760000000000000000e+02 3.100000000000000000e+01 2.040000000000000000e+02 1.252400000000000000e+04
-1.042927551269531250e+01 -3.013768434524536133e+00 1.326310355216264725e-02 8.400000000000000000e+01 4.639575200000000000e+07 9.720000000000000000e+02 3.100000000000000000e+01 1.720000000000000000e+02 1.085600000000000000e+04
-9.154134750366210938e+00 -2.584536075592041016e+00 1.162109710276126862e-02 2.020000000000000000e+02 4.649307200000000000e+07 1.806000000000000000e+03 3.100000000000000000e+01 1.610000000000000000e+02 9.512000000000000000e+03
-9.725100517272949219e+00 -2.681421279907226562e+00 1.232481468468904495e-02 1.110000000000000000e+02 4.659035200000000000e+07 1.115000000000000000e+03 3.100000000000000000e+01 1.630000000000000000e+02 1.008800000000000000e+04
-1.143317031860351562e+01 -3.077013492584228516e+00 1.446528546512126923e-02 1.030000000000000000e+02 4.668772000000000000e+07 1.424000000000000000e+03 3.100000000000000000e+01 1.650000000000000000e+02 1.184000000000000000e+04
-1.036081695556640625e+01 -2.720344305038452148e+00 1.308717485517263412e-02 1.330000000000000000e+02 4.678524800000000000e+07 1.513000000000000000e+03 3.100000000000000000e+01 1.370000000000000000e+02 1.071200000000000000e+04
-1.066697120666503906e+01 -2.730876207351684570e+00 1.345247216522693634e-02 1.120000000000000000e+02 4.688247200000000000e+07 1.341000000000000000e+03 3.100000000000000000e+01 1.570000000000000000e+02 1.101100000000000000e+04
-1.134815406799316406e+01 -2.831187486648559570e+00 1.428935583680868149e-02 8.300000000000000000e+01 4.698158000000000000e+07 1.122000000000000000e+03 3.100000000000000000e+01 2.280000000000000000e+02 1.169600000000000000e+04
-1.178509807586669922e+01 -2.863501548767089844e+00 1.481714379042387009e-02 1.010000000000000000e+02 4.707799200000000000e+07 1.465000000000000000e+03 3.100000000000000000e+01 1.600000000000000000e+02 1.212800000000000000e+04
-1.219657516479492188e+01 -2.884342193603515625e+00 1.531194522976875305e-02 8.400000000000000000e+01 4.717700000000000000e+07 1.301000000000000000e+03 3.100000000000000000e+01 1.320000000000000000e+02 1.253300000000000000e+04
-1.150359630584716797e+01 -2.646035432815551758e+00 1.442130375653505325e-02 6.600000000000000000e+01 4.727432800000000000e+07 9.090000000000000000e+02 3.100000000000000000e+01 2.000000000000000000e+02 1.180400000000000000e+04
-1.211687088012695312e+01 -2.708927154541015625e+00 1.516900211572647095e-02 7.600000000000000000e+01 4.737140000000000000e+07 1.149000000000000000e+03 3.100000000000000000e+01 1.710000000000000000e+02 1.241600000000000000e+04
-1.249581623077392578e+01 -2.713250398635864258e+00 1.562226470559835434e-02 1.360000000000000000e+02 4.746892800000000000e+07 2.205000000000000000e+03 3.100000000000000000e+01 1.300000000000000000e+02 1.278700000000000000e+04
-1.204450035095214844e+01 -2.537968635559082031e+00 1.503827795386314392e-02 8.600000000000000000e+01 4.756675200000000000e+07 1.281000000000000000e+03 3.100000000000000000e+01 1.710000000000000000e+02 1.230900000000000000e+04
-1.237630844116210938e+01 -2.528675317764282227e+00 1.543289702385663986e-02 1.060000000000000000e+02 4.766428000000000000e+07 1.682000000000000000e+03 3.100000000000000000e+01 1.830000000000000000e+02 1.263200000000000000e+04
-1.205315685272216797e+01 -2.385701179504394531e+00 1.501139905303716660e-02 6.000000000000000000e+01 4.776232000000000000e+07 8.980000000000000000e+02 3.100000000000000000e+01 1.740000000000000000e+02 1.228700000000000000e+04
-1.113649845123291016e+01 -2.133341073989868164e+00 1.385319884866476059e-02 9.800000000000000000e+01 4.786000800000000000e+07 1.241000000000000000e+03 3.100000000000000000e+01 1.680000000000000000e+02 1.133900000000000000e+04
-1.137749862670898438e+01 -2.107218503952026367e+00 1.413664035499095917e-02 8.000000000000000000e+01 4.795794000000000000e+07 1.062000000000000000e+03 3.100000000000000000e+01 1.910000000000000000e+02 1.157100000000000000e+04
-1.187944984436035156e+01 -2.124877452850341797e+00 1.474384032189846039e-02 6.500000000000000000e+01 4.805578000000000000e+07 9.390000000000000000e+02 3.100000000000000000e+01 1.760000000000000000e+02 1.206800000000000000e+04
-1.329946899414062500e+01 -2.294752120971679688e+00 1.648847013711929321e-02 9.300000000000000000e+01 4.815279200000000000e+07 1.683000000000000000e+03 3.100000000000000000e+01 1.820000000000000000e+02 1.349600000000000000e+04
-1.403538990020751953e+01 -2.333139896392822266e+00 1.738277822732925415e-02 7.300000000000000000e+01 4.825002000000000000e+07 1.467000000000000000e+03 3.100000000000000000e+01 1.770000000000000000e+02 1.422800000000000000e+04
-1.214168739318847656e+01 -1.941862702369689941e+00 1.502239517867565155e-02 8.800000000000000000e+01 4.834848000000000000e+07 1.310000000000000000e+03 3.100000000000000000e+01 1.580000000000000000e+02 1.229600000000000000e+04
-1.358853244781494141e+01 -2.087833404541015625e+00 1.679634861648082733e-02 5.900000000000000000e+01 4.844456800000000000e+07 1.089000000000000000e+03 3.100000000000000000e+01 1.620000000000000000e+02 1.374800000000000000e+04
-1.180844974517822266e+01 -1.740232467651367188e+00 1.458257250487804413e-02 6.600000000000000000e+01 4.854251200000000000e+07 9.190000000000000000e+02 3.100000000000000000e+01 1.710000000000000000e+02 1.193600000000000000e+04
-1.240113639831542969e+01 -1.749902009963989258e+00 1.530094910413026810e-02 6.300000000000000000e+01 4.864070000000000000e+07 9.780000000000000000e+02 3.100000000000000000e+01 1.860000000000000000e+02 1.252400000000000000e+04
-1.241164016723632812e+01 -1.673777103424072266e+00 1.530094910413026810e-02 6.700000000000000000e+01 4.873960800000000000e+07 1.029000000000000000e+03 3.100000000000000000e+01 1.600000000000000000e+02 1.252400000000000000e+04
-1.364757823944091797e+01 -1.755256056785583496e+00 1.681100763380527496e-02 4.300000000000000000e+01 4.883704000000000000e+07 8.020000000000000000e+02 3.100000000000000000e+01 1.900000000000000000e+02 1.376000000000000000e+04
-1.418218231201171875e+01 -1.735621452331542969e+00 1.745608262717723846e-02 5.500000000000000000e+01 4.893292800000000000e+07 1.111000000000000000e+03 3.100000000000000000e+01 1.830000000000000000e+02 1.428800000000000000e+04
-1.279925060272216797e+01 -1.248423099517822266e+00 1.571145094931125641e-02 5.700000000000000000e+01 4.932252800000000000e+07 9.200000000000000000e+02 3.100000000000000000e+01 1.550000000000000000e+02 1.286000000000000000e+04
-1.349978351593017578e+01 -1.233179569244384766e+00 1.656177453696727753e-02 9.800000000000000000e+01 4.941939200000000000e+07 1.774000000000000000e+03 3.100000000000000000e+01 1.690000000000000000e+02 1.355600000000000000e+04
-5.649838924407958984e+00 9.025873541831970215e-01 1.698095947504043579e-01 9.800000000000000000e+01 5.166423200000000000e+07 3.190000000000000000e+02 2.800000000000000000e+01 6.100000000000000000e+01 5.724000000000000000e+03
-5.657999515533447266e+00 9.395294189453125000e-01 1.702249199151992798e-01 2.520000000000000000e+02 5.176124000000000000e+07 8.180000000000000000e+02 2.800000000000000000e+01 5.000000000000000000e+01 5.738000000000000000e+03
-5.618637084960937500e+00 9.684559106826782227e-01 1.692162752151489258e-01 1.100000000000000000e+01 5.185943200000000000e+07 3.100000000000000000e+01 2.800000000000000000e+01 4.800000000000000000e+01 5.704000000000000000e+03
-5.715291023254394531e+00 8.811353445053100586e-01 1.170938238501548767e-01 1.600000000000000000e+01 5.215088800000000000e+07 4.900000000000000000e+01 2.900000000000000000e+01 5.400000000000000000e+01 5.784000000000000000e+03
-5.711750984191894531e+00 9.165039062500000000e-01 1.171343103051185608e-01 3.660000000000000000e+02 5.224930000000000000e+07 1.223000000000000000e+03 2.900000000000000000e+01 7.600000000000000000e+01 5.786000000000000000e+03
-5.643890380859375000e+00 9.411726593971252441e-01 1.158589124679565430e-01 3.150000000000000000e+02 5.234600800000000000e+07 1.026000000000000000e+03 2.900000000000000000e+01 7.300000000000000000e+01 5.723000000000000000e+03
-5.594663143157958984e+00 9.682831168174743652e-01 1.149681583046913147e-01 3.200000000000000000e+01 5.244424800000000000e+07 9.900000000000000000e+01 2.900000000000000000e+01 4.200000000000000000e+01 5.679000000000000000e+03
-5.657229900360107422e+00 8.761646151542663574e-01 6.095011159777641296e-02 1.140000000000000000e+02 5.273632800000000000e+07 3.690000000000000000e+02 3.000000000000000000e+01 4.100000000000000000e+01 5.725000000000000000e+03
-5.664580821990966797e+00 9.129285216331481934e-01 6.108851730823516846e-02 3.560000000000000000e+02 5.283334000000000000e+07 1.166000000000000000e+03 3.000000000000000000e+01 8.500000000000000000e+01 5.738000000000000000e+03
-5.640134811401367188e+00 9.445306062698364258e-01 6.088623404502868652e-02 2.640000000000000000e+02 5.293128000000000000e+07 8.580000000000000000e+02 3.000000000000000000e+01 6.600000000000000000e+01 5.719000000000000000e+03
-5.649010658264160156e+00 9.816880822181701660e-01 6.104592978954315186e-02 1.500000000000000000e+01 5.302884800000000000e+07 4.800000000000000000e+01 3.000000000000000000e+01 5.900000000000000000e+01 5.734000000000000000e+03
-5.668800354003906250e+00 8.819461464881896973e-01 7.009066641330718994e-03 1.050000000000000000e+02 5.332016000000000000e+07 3.410000000000000000e+02 3.100000000000000000e+01 5.100000000000000000e+01 5.737000000000000000e+03
-5.670192241668701172e+00 9.178311824798583984e-01 7.017618510872125626e-03 2.040000000000000000e+02 5.341666000000000000e+07 6.690000000000000000e+02 3.100000000000000000e+01 4.700000000000000000e+01 5.744000000000000000e+03
-5.662480831146240234e+00 9.522737860679626465e-01 7.015174720436334610e-03 1.840000000000000000e+02 5.351506000000000000e+07 6.020000000000000000e+02 3.100000000000000000e+01 5.700000000000000000e+01 5.742000000000000000e+03
-5.693965911865234375e+00 9.935321211814880371e-01 7.061600685119628906e-03 4.300000000000000000e+01 5.361126000000000000e+07 1.410000000000000000e+02 3.100000000000000000e+01 8.500000000000000000e+01 5.780000000000000000e+03
-7.246984958648681641e+00 5.658592224121093750e+00 9.789280593395233154e-02 9.800000000000000000e+01 6.083300000000000000e+07 8.170000000000000000e+02 3.000000000000000000e+01 3.700000000000000000e+01 9.195000000000000000e+03
-7.237226963043212891e+00 5.722799301147460938e+00 9.823348373174667358e-02 3.510000000000000000e+02 6.092808000000000000e+07 2.983000000000000000e+03 3.000000000000000000e+01 7.800000000000000000e+01 9.227000000000000000e+03
-7.259254455566406250e+00 5.676207065582275391e+00 1.125824358314275742e-02 2.160000000000000000e+02 6.141690000000000000e+07 1.821000000000000000e+03 3.100000000000000000e+01 7.100000000000000000e+01 9.215000000000000000e+03
-7.226641178131103516e+00 5.722504615783691406e+00 1.126190926879644394e-02 3.790000000000000000e+02 6.151416000000000000e+07 3.198000000000000000e+03 3.100000000000000000e+01 6.700000000000000000e+01 9.218000000000000000e+03
-7.073590278625488281e+00 5.672274112701416016e+00 1.107742823660373688e-02 2.900000000000000000e+01 6.161119200000000000e+07 2.310000000000000000e+02 3.100000000000000000e+01 1.010000000000000000e+02 9.067000000000000000e+03
-1.710910916328430176e+00 3.338472604751586914e+00 1.113374233245849609e-01 2.150000000000000000e+02 6.659628800000000000e+07 3.010000000000000000e+02 2.800000000000000000e+01 7.100000000000000000e+01 3.753000000000000000e+03
-1.684989213943481445e+00 3.338199615478515625e+00 1.109814271330833435e-01 3.280000000000000000e+02 6.669362000000000000e+07 4.580000000000000000e+02 2.800000000000000000e+01 9.400000000000000000e+01 3.741000000000000000e+03
-1.657800793647766113e+00 3.335049390792846680e+00 1.105364263057708740e-01 8.300000000000000000e+01 6.678960800000000000e+07 1.130000000000000000e+02 2.800000000000000000e+01 5.000000000000000000e+01 3.726000000000000000e+03
-3.413031339645385742e+00 6.285695075988769531e+00 1.448287069797515869e-01 1.130000000000000000e+02 6.678960800000000000e+07 5.740000000000000000e+02 2.900000000000000000e+01 9.500000000000000000e+01 7.154000000000000000e+03
-3.374398946762084961e+00 6.306518554687500000e+00 1.448287069797515869e-01 1.240000000000000000e+02 6.688739200000000000e+07 6.310000000000000000e+02 2.900000000000000000e+01 8.700000000000000000e+01 7.154000000000000000e+03
-1.717670321464538574e+00 3.357344627380371094e+00 7.636201381683349609e-02 2.750000000000000000e+02 6.718043200000000000e+07 3.870000000000000000e+02 2.900000000000000000e+01 8.300000000000000000e+01 3.772000000000000000e+03
-1.685340285301208496e+00 3.344606876373291016e+00 7.583566755056381226e-02 3.330000000000000000e+02 6.727745600000000000e+07 4.650000000000000000e+02 2.900000000000000000e+01 9.900000000000000000e+01 3.746000000000000000e+03
-1.644343256950378418e+00 3.313687801361083984e+00 7.490441948175430298e-02 1.340000000000000000e+02 6.737595200000000000e+07 1.820000000000000000e+02 2.900000000000000000e+01 4.300000000000000000e+01 3.700000000000000000e+03
-3.420653581619262695e+00 6.310069561004638672e+00 7.641919702291488647e-02 2.280000000000000000e+02 6.737595200000000000e+07 1.167000000000000000e+03 3.000000000000000000e+01 6.700000000000000000e+01 7.178000000000000000e+03
-3.377159833908081055e+00 6.322119712829589844e+00 7.631273567676544189e-02 1.890000000000000000e+02 6.747404000000000000e+07 9.630000000000000000e+02 3.000000000000000000e+01 6.800000000000000000e+01 7.168000000000000000e+03
-1.696150541305541992e+00 3.271201610565185547e+00 3.923164308071136475e-02 1.500000000000000000e+01 6.766894400000000000e+07 1.800000000000000000e+01 3.000000000000000000e+01 5.000000000000000000e+01 3.685000000000000000e+03
-1.679685473442077637e+00 3.288671493530273438e+00 3.931681439280509949e-02 1.100000000000000000e+02 6.776663200000000000e+07 1.480000000000000000e+02 3.000000000000000000e+01 3.700000000000000000e+01 3.693000000000000000e+03
-1.672057032585144043e+00 3.323928117752075195e+00 3.961491212248802185e-02 1.290000000000000000e+02 6.786446400000000000e+07 1.770000000000000000e+02 3.000000000000000000e+01 4.300000000000000000e+01 3.721000000000000000e+03
-1.641421318054199219e+00 3.313516378402709961e+00 3.937004506587982178e-02 6.800000000000000000e+01 6.796424800000000000e+07 9.100000000000000000e+01 3.000000000000000000e+01 4.800000000000000000e+01 3.698000000000000000e+03
-3.414127588272094727e+00 6.308374404907226562e+00 8.763470686972141266e-03 1.060000000000000000e+02 6.796424800000000000e+07 5.390000000000000000e+02 3.100000000000000000e+01 1.800000000000000000e+01 7.173000000000000000e+03
-3.369238615036010742e+00 6.317733764648437500e+00 8.747588843107223511e-03 1.710000000000000000e+02 6.806208000000000000e+07 8.650000000000000000e+02 3.100000000000000000e+01 3.600000000000000000e+01 7.160000000000000000e+03
-1.684786796569824219e+00 3.304263114929199219e+00 4.531397484242916107e-03 1.200000000000000000e+01 6.835492000000000000e+07 1.500000000000000000e+01 3.100000000000000000e+01 2.000000000000000000e+01 3.709000000000000000e+03
-1.671660780906677246e+00 3.328836917877197266e+00 4.550945013761520386e-03 1.200000000000000000e+01 6.845132800000000000e+07 1.500000000000000000e+01 3.100000000000000000e+01 2.300000000000000000e+01 3.725000000000000000e+03
-1.637462377548217773e+00 3.311243534088134766e+00 4.513071384280920029e-03 8.300000000000000000e+01 6.855019200000000000e+07 1.110000000000000000e+02 3.100000000000000000e+01 3.700000000000000000e+01 3.694000000000000000e+03
-1.270774304866790771e-01 7.076395750045776367e-01 7.654695305973291397e-03 7.000000000000000000e+01 7.246144800000000000e+07 4.000000000000000000e+00 3.000000000000000000e+01 4.700000000000000000e+01 7.190000000000000000e+02
-9.284331649541854858e-02 7.179810404777526855e-01 7.707926910370588303e-03 8.600000000000000000e+01 7.323835200000000000e+07 4.000000000000000000e+00 3.000000000000000000e+01 1.400000000000000000e+01 7.240000000000000000e+02
-3.170585632324218750e-02 7.189843654632568359e-01 2.135969698429107666e-02 6.000000000000000000e+01 7.343033600000000000e+07 3.000000000000000000e+00 2.800000000000000000e+01 1.300000000000000000e+01 7.200000000000000000e+02
-5.793564487248659134e-04 7.428178787231445312e-01 4.192014411091804504e-02 1.960000000000000000e+02 7.470336800000000000e+07 1.000000000000000000e+01 2.500000000000000000e+01 1.900000000000000000e+01 7.440000000000000000e+02
-1.806698553264141083e-02 7.437384128570556641e-01 7.920852862298488617e-03 1.460000000000000000e+02 7.490016800000000000e+07 6.000000000000000000e+00 3.000000000000000000e+01 1.600000000000000000e+01 7.440000000000000000e+02
