-4.004123061895370483e-02 -7.347390055656433105e-01 4.152573645114898682e-02 1.240000000000000000e+02 2.551133000000000000e+07 5.000000000000000000e+00 2.500000000000000000e+01 2.500000000000000000e+01 7.370000000000000000e+02
-5.056152120232582092e-02 -6.961580514907836914e-01 6.487360596656799316e-02 5.300000000000000000e+01 2.580746000000000000e+07 3.000000000000000000e+00 2.100000000000000000e+01 3.300000000000000000e+01 7.010000000000000000e+02
-6.830620765686035156e-02 -7.016446590423583984e-01 6.552141904830932617e-02 5.900000000000000000e+01 2.619879000000000000e+07 3.000000000000000000e+00 2.100000000000000000e+01 2.700000000000000000e+01 7.080000000000000000e+02
-1.123057901859283447e-01 -6.999017596244812012e-01 1.435330603271722794e-02 1.030000000000000000e+02 2.717858000000000000e+07 5.000000000000000000e+00 2.900000000000000000e+01 1.700000000000000000e+01 7.090000000000000000e+02
-1.618566513061523438e-01 -9.811503887176513672e-01 2.033999264240264893e-01 1.000000000000000000e+01 2.727606000000000000e+07 1.000000000000000000e+00 9.000000000000000000e+00 3.800000000000000000e+01 1.015000000000000000e+03
-7.784675061702728271e-02 -6.981785893440246582e-01 2.637358941137790680e-02 6.400000000000000000e+01 2.756705000000000000e+07 3.000000000000000000e+00 2.700000000000000000e+01 1.200000000000000000e+01 7.030000000000000000e+02
-3.973555564880371094e+00 -7.997227191925048828e+00 1.091005094349384308e-02 3.800000000000000000e+01 3.312914000000000000e+07 2.920000000000000000e+02 3.100000000000000000e+01 4.500000000000000000e+01 8.930000000000000000e+03
-3.948676586151123047e+00 -7.826276779174804688e+00 1.070968806743621826e-02 3.200000000000000000e+01 3.322652000000000000e+07 2.350000000000000000e+02 3.100000000000000000e+01 5.400000000000000000e+01 8.766000000000000000e+03
-3.998903274536132812e+00 -7.806350708007812500e+00 1.071579661220312119e-02 2.100000000000000000e+01 3.332481000000000000e+07 1.500000000000000000e+02 3.100000000000000000e+01 5.500000000000000000e+01 8.771000000000000000e+03
-4.032885074615478516e+00 -7.755050659179687500e+00 1.067914348095655441e-02 2.700000000000000000e+01 3.342147000000000000e+07 1.960000000000000000e+02 3.100000000000000000e+01 4.100000000000000000e+01 8.741000000000000000e+03
-3.902538537979125977e+00 -7.393219947814941406e+00 1.021366473287343979e-02 4.200000000000000000e+01 3.351971000000000000e+07 2.890000000000000000e+02 3.100000000000000000e+01 7.800000000000000000e+01 8.360000000000000000e+03
-4.127748012542724609e+00 -7.704976558685302734e+00 1.067914348095655441e-02 3.200000000000000000e+01 3.361755200000000000e+07 2.340000000000000000e+02 3.100000000000000000e+01 3.900000000000000000e+01 8.741000000000000000e+03
-4.167782783508300781e+00 -7.666326522827148438e+00 1.066081877797842026e-02 3.500000000000000000e+01 3.371558000000000000e+07 2.560000000000000000e+02 3.100000000000000000e+01 4.700000000000000000e+01 8.726000000000000000e+03
-4.205083847045898438e+00 -7.623096466064453125e+00 1.063638366758823395e-02 4.300000000000000000e+01 3.381327200000000000e+07 3.150000000000000000e+02 3.100000000000000000e+01 4.400000000000000000e+01 8.706000000000000000e+03
-4.284988403320312500e+00 -7.656489849090576172e+00 1.071946043521165848e-02 3.000000000000000000e+01 3.391038000000000000e+07 2.200000000000000000e+02 3.100000000000000000e+01 4.700000000000000000e+01 8.774000000000000000e+03
-4.274122238159179688e+00 -7.528308391571044922e+00 1.057651918381452560e-02 3.100000000000000000e+01 3.400894000000000000e+07 2.230000000000000000e+02 3.100000000000000000e+01 3.500000000000000000e+01 8.657000000000000000e+03
-4.314245700836181641e+00 -7.491542339324951172e+00 1.056185830384492874e-02 3.300000000000000000e+01 3.410626000000000000e+07 2.360000000000000000e+02 3.100000000000000000e+01 4.200000000000000000e+01 8.645000000000000000e+03
-4.445367336273193359e+00 -7.610859870910644531e+00 1.076832972466945648e-02 3.700000000000000000e+01 3.420415200000000000e+07 2.770000000000000000e+02 3.100000000000000000e+01 4.600000000000000000e+01 8.814000000000000000e+03
-4.379352569580078125e+00 -7.393295288085937500e+00 1.049832813441753387e-02 3.700000000000000000e+01 3.430212800000000000e+07 2.640000000000000000e+02 3.100000000000000000e+01 3.000000000000000000e+01 8.593000000000000000e+03
-4.460678100585937500e+00 -7.426291942596435547e+00 1.058384869247674942e-02 2.700000000000000000e+01 3.440002000000000000e+07 1.920000000000000000e+02 3.100000000000000000e+01 4.900000000000000000e+01 8.663000000000000000e+03
-4.311620712280273438e+00 -7.079360961914062500e+00 1.012692227959632874e-02 3.400000000000000000e+01 3.449775200000000000e+07 2.240000000000000000e+02 3.100000000000000000e+01 5.200000000000000000e+01 8.289000000000000000e+03
-4.184225082397460938e+00 -6.776242733001708984e+00 9.729859419167041779e-03 6.100000000000000000e+01 3.459467200000000000e+07 3.840000000000000000e+02 3.100000000000000000e+01 5.900000000000000000e+01 7.964000000000000000e+03
-4.578575611114501953e+00 -7.314108848571777344e+00 1.054231077432632446e-02 2.700000000000000000e+01 3.469302000000000000e+07 1.910000000000000000e+02 3.100000000000000000e+01 4.100000000000000000e+01 8.629000000000000000e+03
-4.586934089660644531e+00 -7.228461742401123047e+00 1.045923307538032532e-02 2.400000000000000000e+01 3.479212000000000000e+07 1.660000000000000000e+02 3.100000000000000000e+01 4.700000000000000000e+01 8.561000000000000000e+03
-4.626331806182861328e+00 -7.192610740661621094e+00 1.044823694974184036e-02 1.900000000000000000e+01 3.488982000000000000e+07 1.290000000000000000e+02 3.100000000000000000e+01 4.200000000000000000e+01 8.552000000000000000e+03
-4.669285774230957031e+00 -7.162413597106933594e+00 1.044579315930604935e-02 2.200000000000000000e+01 3.498848000000000000e+07 1.510000000000000000e+02 3.100000000000000000e+01 3.300000000000000000e+01 8.550000000000000000e+03
-4.710389137268066406e+00 -7.129456520080566406e+00 1.043968461453914642e-02 2.500000000000000000e+01 3.508615200000000000e+07 1.720000000000000000e+02 3.100000000000000000e+01 4.400000000000000000e+01 8.545000000000000000e+03
-4.752933502197265625e+00 -7.098758220672607422e+00 1.043724082410335541e-02 2.400000000000000000e+01 3.518328000000000000e+07 1.650000000000000000e+02 3.100000000000000000e+01 3.800000000000000000e+01 8.543000000000000000e+03
-4.796962738037109375e+00 -7.070289134979248047e+00 1.043846365064382553e-02 2.600000000000000000e+01 3.528228800000000000e+07 1.810000000000000000e+02 3.100000000000000000e+01 3.100000000000000000e+01 8.544000000000000000e+03
-4.822126388549804688e+00 -7.014352321624755859e+00 1.039936766028404236e-02 4.700000000000000000e+01 3.537966000000000000e+07 3.310000000000000000e+02 3.100000000000000000e+01 3.900000000000000000e+01 8.512000000000000000e+03
-4.885078907012939453e+00 -7.013351440429687500e+00 1.044212747365236282e-02 2.100000000000000000e+01 3.547687200000000000e+07 1.440000000000000000e+02 3.100000000000000000e+01 3.300000000000000000e+01 8.547000000000000000e+03
-4.944164752960205078e+00 -7.006123065948486328e+00 1.047633681446313858e-02 2.200000000000000000e+01 3.557456000000000000e+07 1.530000000000000000e+02 3.100000000000000000e+01 2.900000000000000000e+01 8.575000000000000000e+03
-4.917852401733398438e+00 -6.878849029541015625e+00 1.033095084130764008e-02 2.600000000000000000e+01 3.567264800000000000e+07 1.760000000000000000e+02 3.100000000000000000e+01 4.000000000000000000e+01 8.456000000000000000e+03
-4.972285270690917969e+00 -6.865551948547363281e+00 1.035660691559314728e-02 2.800000000000000000e+01 3.577140800000000000e+07 1.920000000000000000e+02 3.100000000000000000e+01 3.900000000000000000e+01 8.477000000000000000e+03
-5.060456275939941406e+00 -6.897804260253906250e+00 1.045190170407295227e-02 3.100000000000000000e+01 3.586986000000000000e+07 2.170000000000000000e+02 3.100000000000000000e+01 4.500000000000000000e+01 8.555000000000000000e+03
-5.051390171051025391e+00 -6.797596931457519531e+00 1.034683361649513245e-02 9.700000000000000000e+01 3.596775200000000000e+07 6.870000000000000000e+02 3.100000000000000000e+01 3.300000000000000000e+01 8.469000000000000000e+03
-5.090598583221435547e+00 -6.763277530670166016e+00 1.034194603562355042e-02 2.600000000000000000e+01 3.606604000000000000e+07 1.760000000000000000e+02 3.100000000000000000e+01 5.200000000000000000e+01 8.465000000000000000e+03
-5.051975250244140625e+00 -6.626940250396728516e+00 1.018067728728055954e-02 1.800000000000000000e+01 3.616352000000000000e+07 1.150000000000000000e+02 3.100000000000000000e+01 4.400000000000000000e+01 8.333000000000000000e+03
-5.151210784912109375e+00 -6.671804428100585938e+00 1.029796432703733444e-02 3.600000000000000000e+01 3.626084000000000000e+07 2.460000000000000000e+02 3.100000000000000000e+01 3.700000000000000000e+01 8.429000000000000000e+03
-5.123678207397460938e+00 -6.552629470825195312e+00 1.016235258430242538e-02 2.400000000000000000e+01 3.635878000000000000e+07 1.570000000000000000e+02 3.100000000000000000e+01 4.400000000000000000e+01 8.318000000000000000e+03
-5.214693069458007812e+00 -6.585353374481201172e+00 1.026253402233123779e-02 2.600000000000000000e+01 3.645651200000000000e+07 1.740000000000000000e+02 3.100000000000000000e+01 3.500000000000000000e+01 8.400000000000000000e+03
-5.179930686950683594e+00 -6.459615230560302734e+00 1.011592708528041840e-02 2.500000000000000000e+01 3.655492000000000000e+07 1.610000000000000000e+02 3.100000000000000000e+01 5.700000000000000000e+01 8.280000000000000000e+03
-5.213164806365966797e+00 -6.419947147369384766e+00 1.010370906442403793e-02 5.500000000000000000e+01 3.665234000000000000e+07 3.660000000000000000e+02 3.100000000000000000e+01 5.000000000000000000e+01 8.270000000000000000e+03
-5.278498649597167969e+00 -6.419507980346679688e+00 1.015380024909973145e-02 4.100000000000000000e+01 3.675216800000000000e+07 2.740000000000000000e+02 3.100000000000000000e+01 3.400000000000000000e+01 8.311000000000000000e+03
-5.322267532348632812e+00 -6.392378330230712891e+00 1.016235258430242538e-02 2.000000000000000000e+01 3.684944000000000000e+07 1.290000000000000000e+02 3.100000000000000000e+01 3.600000000000000000e+01 8.318000000000000000e+03
-5.314982414245605469e+00 -6.304552555084228516e+00 1.007438730448484421e-02 4.200000000000000000e+01 3.694736800000000000e+07 2.770000000000000000e+02 3.100000000000000000e+01 3.300000000000000000e+01 8.246000000000000000e+03
-5.344477176666259766e+00 -6.261173725128173828e+00 1.005728356540203094e-02 3.700000000000000000e+01 3.704526000000000000e+07 2.470000000000000000e+02 3.100000000000000000e+01 6.400000000000000000e+01 8.232000000000000000e+03
-5.329829216003417969e+00 -6.166978359222412109e+00 9.958323091268539429e-03 3.900000000000000000e+01 3.714187200000000000e+07 2.500000000000000000e+02 3.100000000000000000e+01 4.100000000000000000e+01 8.151000000000000000e+03
-5.382715225219726562e+00 -6.151468753814697266e+00 9.986422955989837646e-03 4.600000000000000000e+01 3.723915200000000000e+07 2.980000000000000000e+02 3.100000000000000000e+01 4.200000000000000000e+01 8.174000000000000000e+03
-5.348741054534912109e+00 -6.037485599517822266e+00 9.854475967586040497e-03 4.100000000000000000e+01 3.733682000000000000e+07 2.580000000000000000e+02 3.100000000000000000e+01 4.300000000000000000e+01 8.066000000000000000e+03
-5.362316131591796875e+00 -5.978497505187988281e+00 9.811715222895145416e-03 3.300000000000000000e+01 3.743456000000000000e+07 2.030000000000000000e+02 3.100000000000000000e+01 5.400000000000000000e+01 8.031000000000000000e+03
-5.410326957702636719e+00 -5.958067893981933594e+00 9.832484647631645203e-03 2.300000000000000000e+01 3.753152000000000000e+07 1.400000000000000000e+02 3.100000000000000000e+01 3.600000000000000000e+01 8.048000000000000000e+03
-5.399407863616943359e+00 -5.873226165771484375e+00 9.746963158249855042e-03 3.400000000000000000e+01 3.762860000000000000e+07 2.080000000000000000e+02 3.100000000000000000e+01 4.100000000000000000e+01 7.978000000000000000e+03
-5.248670101165771484e+00 -5.639414787292480469e+00 9.412209503352642059e-03 5.500000000000000000e+01 3.772580800000000000e+07 3.230000000000000000e+02 3.100000000000000000e+01 6.100000000000000000e+01 7.704000000000000000e+03
-5.243399143218994141e+00 -5.564889907836914062e+00 9.341349825263023376e-03 5.400000000000000000e+01 3.782338000000000000e+07 3.070000000000000000e+02 3.100000000000000000e+01 4.900000000000000000e+01 7.646000000000000000e+03
-5.254668712615966797e+00 -5.508733749389648438e+00 9.301031939685344696e-03 4.600000000000000000e+01 3.791984000000000000e+07 2.580000000000000000e+02 3.100000000000000000e+01 4.900000000000000000e+01 7.613000000000000000e+03
-5.355751991271972656e+00 -5.546164512634277344e+00 9.419539943337440491e-03 3.700000000000000000e+01 3.801732000000000000e+07 2.110000000000000000e+02 3.100000000000000000e+01 5.400000000000000000e+01 7.710000000000000000e+03
-5.395274162292480469e+00 -5.518918514251708984e+00 9.429314173758029938e-03 2.500000000000000000e+01 3.811484000000000000e+07 1.400000000000000000e+02 3.100000000000000000e+01 4.800000000000000000e+01 7.718000000000000000e+03
-5.437477111816406250e+00 -5.494238853454589844e+00 9.443975053727626801e-03 4.300000000000000000e+01 3.821294000000000000e+07 2.490000000000000000e+02 3.100000000000000000e+01 4.700000000000000000e+01 7.730000000000000000e+03
-5.468963146209716797e+00 -5.458652496337890625e+00 9.440309368073940277e-03 3.600000000000000000e+01 3.831026000000000000e+07 2.070000000000000000e+02 3.100000000000000000e+01 4.800000000000000000e+01 7.727000000000000000e+03
-5.493808746337890625e+00 -5.416567325592041016e+00 9.425648488104343414e-03 4.100000000000000000e+01 3.840728800000000000e+07 2.350000000000000000e+02 3.100000000000000000e+01 5.400000000000000000e+01 7.715000000000000000e+03
-8.556524276733398438e+00 -7.751187324523925781e+00 1.229222714900970459e-01 5.100000000000000000e+01 3.850424800000000000e+07 6.700000000000000000e+02 3.000000000000000000e+01 8.400000000000000000e+01 1.154600000000000000e+04
-5.495419979095458984e+00 -5.352057456970214844e+00 9.371892549097537994e-03 4.700000000000000000e+01 3.850424800000000000e+07 2.740000000000000000e+02 3.100000000000000000e+01 5.900000000000000000e+01 7.671000000000000000e+03
-5.532480239868164062e+00 -5.322397232055664062e+00 9.379222989082336426e-03 3.200000000000000000e+01 3.860095200000000000e+07 1.860000000000000000e+02 3.100000000000000000e+01 5.900000000000000000e+01 7.677000000000000000e+03
-5.511390686035156250e+00 -5.237374782562255859e+00 9.288814850151538849e-03 9.600000000000000000e+01 3.869875200000000000e+07 5.470000000000000000e+02 3.100000000000000000e+01 4.200000000000000000e+01 7.603000000000000000e+03
-5.488010883331298828e+00 -5.151445388793945312e+00 9.195963852107524872e-03 3.400000000000000000e+01 3.879596000000000000e+07 1.850000000000000000e+02 3.100000000000000000e+01 4.200000000000000000e+01 7.527000000000000000e+03
-5.502650260925292969e+00 -5.102036476135253906e+00 9.167863056063652039e-03 2.900000000000000000e+01 3.889360000000000000e+07 1.560000000000000000e+02 3.100000000000000000e+01 3.900000000000000000e+01 7.504000000000000000e+03
-9.311772346496582031e+00 -7.929143905639648438e+00 1.302149891853332520e-01 8.600000000000000000e+01 3.899147200000000000e+07 1.278000000000000000e+03 3.000000000000000000e+01 6.700000000000000000e+01 1.223100000000000000e+04
-5.542701721191406250e+00 -5.076281547546386719e+00 9.182523936033248901e-03 3.500000000000000000e+01 3.899147200000000000e+07 1.900000000000000000e+02 3.100000000000000000e+01 5.100000000000000000e+01 7.516000000000000000e+03
-5.493653774261474609e+00 -4.969723701477050781e+00 9.050577878952026367e-03 4.200000000000000000e+01 3.908904800000000000e+07 2.240000000000000000e+02 3.100000000000000000e+01 2.800000000000000000e+01 7.408000000000000000e+03
-5.558345794677734375e+00 -4.966571331024169922e+00 9.106777608394622803e-03 3.300000000000000000e+01 3.918688800000000000e+07 1.760000000000000000e+02 3.100000000000000000e+01 3.700000000000000000e+01 7.454000000000000000e+03
-9.538096427917480469e+00 -7.823622226715087891e+00 1.313434988260269165e-01 2.800000000000000000e+01 3.928380000000000000e+07 4.150000000000000000e+02 3.000000000000000000e+01 8.500000000000000000e+01 1.233700000000000000e+04
-5.623204231262207031e+00 -4.962811470031738281e+00 9.162977337837219238e-03 3.800000000000000000e+01 3.928380000000000000e+07 2.060000000000000000e+02 3.100000000000000000e+01 4.400000000000000000e+01 7.500000000000000000e+03
-9.561834335327148438e+00 -7.745438575744628906e+00 1.310134679079055786e-01 4.900000000000000000e+01 3.938040800000000000e+07 7.320000000000000000e+02 3.000000000000000000e+01 7.900000000000000000e+01 1.230600000000000000e+04
-5.600783348083496094e+00 -4.882217884063720703e+00 9.077455848455429077e-03 3.600000000000000000e+01 3.938040800000000000e+07 1.920000000000000000e+02 3.100000000000000000e+01 3.100000000000000000e+01 7.430000000000000000e+03
-9.727087974548339844e+00 -7.780940532684326172e+00 1.326210647821426392e-01 8.300000000000000000e+01 3.947892000000000000e+07 1.275000000000000000e+03 3.000000000000000000e+01 9.700000000000000000e+01 1.245700000000000000e+04
-5.585165023803710938e+00 -4.808612823486328125e+00 9.004151448607444763e-03 4.400000000000000000e+01 3.947892000000000000e+07 2.310000000000000000e+02 3.100000000000000000e+01 5.500000000000000000e+01 7.370000000000000000e+03
-5.629801273345947266e+00 -4.787208080291748047e+00 9.028586558997631073e-03 4.200000000000000000e+01 3.957500800000000000e+07 2.220000000000000000e+02 3.100000000000000000e+01 4.500000000000000000e+01 7.390000000000000000e+03
-9.654685974121093750e+00 -7.530609607696533203e+00 1.303640455007553101e-01 2.900000000000000000e+01 3.967315200000000000e+07 4.230000000000000000e+02 3.000000000000000000e+01 9.300000000000000000e+01 1.224500000000000000e+04
-5.591681003570556641e+00 -4.695980548858642578e+00 8.921074680984020233e-03 3.000000000000000000e+01 3.967315200000000000e+07 1.530000000000000000e+02 3.100000000000000000e+01 4.100000000000000000e+01 7.302000000000000000e+03
-9.564450263977050781e+00 -7.366282939910888672e+00 1.285328716039657593e-01 3.100000000000000000e+01 3.977216000000000000e+07 4.400000000000000000e+02 3.000000000000000000e+01 9.600000000000000000e+01 1.207300000000000000e+04
-5.693511486053466797e+00 -4.722229957580566406e+00 9.037138894200325012e-03 4.800000000000000000e+01 3.977216000000000000e+07 2.550000000000000000e+02 3.100000000000000000e+01 4.200000000000000000e+01 7.397000000000000000e+03
-1.002336120605468750e+01 -7.622199535369873047e+00 1.340689510107040405e-01 1.000000000000000000e+02 3.987000000000000000e+07 1.570000000000000000e+03 3.000000000000000000e+01 1.170000000000000000e+02 1.259300000000000000e+04
-5.563016414642333984e+00 -4.556672096252441406e+00 8.785462006926536560e-03 2.100000000000000000e+01 3.987000000000000000e+07 1.020000000000000000e+02 3.100000000000000000e+01 3.900000000000000000e+01 7.191000000000000000e+03
-1.007313919067382812e+01 -7.562954902648925781e+00 1.341115385293960571e-01 4.800000000000000000e+01 3.996850000000000000e+07 7.500000000000000000e+02 3.000000000000000000e+01 8.400000000000000000e+01 1.259700000000000000e+04
-5.599422931671142578e+00 -4.529369831085205078e+00 8.798900991678237915e-03 3.100000000000000000e+01 3.996850000000000000e+07 1.540000000000000000e+02 3.100000000000000000e+01 3.200000000000000000e+01 7.202000000000000000e+03
-9.728140830993652344e+00 -7.211016654968261719e+00 1.289267838001251221e-01 7.400000000000000000e+01 4.006624000000000000e+07 1.072000000000000000e+03 3.000000000000000000e+01 1.010000000000000000e+02 1.211000000000000000e+04
-5.624765396118164062e+00 -4.493054866790771484e+00 8.795236237347126007e-03 3.800000000000000000e+01 4.006624000000000000e+07 1.900000000000000000e+02 3.100000000000000000e+01 4.900000000000000000e+01 7.199000000000000000e+03
-1.049039268493652344e+01 -7.676752567291259766e+00 1.384020000696182251e-01 4.500000000000000000e+01 4.016284800000000000e+07 7.450000000000000000e+02 3.000000000000000000e+01 1.060000000000000000e+02 1.300000000000000000e+04
-5.652228355407714844e+00 -4.458457469940185547e+00 8.795236237347126007e-03 3.200000000000000000e+01 4.016284800000000000e+07 1.590000000000000000e+02 3.100000000000000000e+01 3.800000000000000000e+01 7.199000000000000000e+03
-1.055432033538818359e+01 -7.624536991119384766e+00 1.386255770921707153e-01 3.700000000000000000e+01 4.026099200000000000e+07 6.130000000000000000e+02 3.000000000000000000e+01 9.600000000000000000e+01 1.302100000000000000e+04
-5.679478645324707031e+00 -4.423692226409912109e+00 8.795236237347126007e-03 3.200000000000000000e+01 4.026099200000000000e+07 1.590000000000000000e+02 3.100000000000000000e+01 3.900000000000000000e+01 7.199000000000000000e+03
-1.048366928100585938e+01 -7.476030826568603516e+00 1.370925009250640869e-01 4.700000000000000000e+01 4.035815200000000000e+07 7.650000000000000000e+02 3.000000000000000000e+01 9.900000000000000000e+01 1.287700000000000000e+04
-5.581271171569824219e+00 -4.292438030242919922e+00 8.602202869951725006e-03 4.800000000000000000e+01 4.035815200000000000e+07 2.310000000000000000e+02 3.100000000000000000e+01 5.400000000000000000e+01 7.041000000000000000e+03
-9.887460708618164062e+00 -6.959744453430175781e+00 1.287351548671722412e-01 9.600000000000000000e+01 4.045608800000000000e+07 1.392000000000000000e+03 3.000000000000000000e+01 9.300000000000000000e+01 1.209200000000000000e+04
-5.613875389099121094e+00 -4.262948989868164062e+00 8.611976169049739838e-03 4.000000000000000000e+01 4.045608800000000000e+07 1.920000000000000000e+02 3.100000000000000000e+01 4.300000000000000000e+01 7.049000000000000000e+03
-9.939011573791503906e+00 -6.905220508575439453e+00 1.288522630929946899e-01 9.100000000000000000e+01 4.055382000000000000e+07 1.315000000000000000e+03 3.000000000000000000e+01 1.410000000000000000e+02 1.210300000000000000e+04
-5.657528877258300781e+00 -4.241619586944580078e+00 8.638854138553142548e-03 2.500000000000000000e+01 4.055382000000000000e+07 1.180000000000000000e+02 3.100000000000000000e+01 4.600000000000000000e+01 7.071000000000000000e+03
-1.031684112548828125e+01 -7.074259757995605469e+00 1.331853121519088745e-01 4.700000000000000000e+01 4.065079200000000000e+07 7.190000000000000000e+02 3.000000000000000000e+01 1.190000000000000000e+02 1.251000000000000000e+04
-5.735693454742431641e+00 -4.245497226715087891e+00 8.718267083168029785e-03 4.100000000000000000e+01 4.065079200000000000e+07 2.010000000000000000e+02 3.100000000000000000e+01 5.400000000000000000e+01 7.136000000000000000e+03
-9.362972259521484375e+00 -6.336081027984619141e+00 1.203671544790267944e-01 3.900000000000000000e+01 4.074960000000000000e+07 4.880000000000000000e+02 3.000000000000000000e+01 9.500000000000000000e+01 1.130600000000000000e+04
-5.679280281066894531e+00 -4.150043964385986328e+00 8.593650534749031067e-03 3.400000000000000000e+01 4.074960000000000000e+07 1.610000000000000000e+02 3.100000000000000000e+01 4.600000000000000000e+01 7.034000000000000000e+03
-1.057667446136474609e+01 -7.063186645507812500e+00 1.354103982448577881e-01 2.200000000000000000e+01 4.084718000000000000e+07 3.400000000000000000e+02 3.000000000000000000e+01 1.150000000000000000e+02 1.271900000000000000e+04
-5.725723743438720703e+00 -4.130329132080078125e+00 8.625415153801441193e-03 2.500000000000000000e+01 4.084718000000000000e+07 1.170000000000000000e+02 3.100000000000000000e+01 5.100000000000000000e+01 7.060000000000000000e+03
-9.680487632751464844e+00 -6.379167079925537109e+00 1.234332993626594543e-01 5.500000000000000000e+01 4.094435200000000000e+07 7.250000000000000000e+02 3.000000000000000000e+01 1.200000000000000000e+02 1.159400000000000000e+04
-5.660540103912353516e+00 -4.030734062194824219e+00 8.489803411066532135e-03 3.300000000000000000e+01 4.094435200000000000e+07 1.530000000000000000e+02 3.100000000000000000e+01 4.700000000000000000e+01 6.949000000000000000e+03
-1.047980022430419922e+01 -6.814035415649414062e+00 1.330894976854324341e-01 3.200000000000000000e+01 4.104228000000000000e+07 4.840000000000000000e+02 3.000000000000000000e+01 1.170000000000000000e+02 1.250100000000000000e+04
-5.627896785736083984e+00 -3.955673217773437500e+00 8.404281921684741974e-03 5.200000000000000000e+01 4.104228000000000000e+07 2.400000000000000000e+02 3.100000000000000000e+01 3.400000000000000000e+01 6.879000000000000000e+03
-1.100030994415283203e+01 -7.056821823120117188e+00 1.391472369432449341e-01 2.600000000000000000e+01 4.114012000000000000e+07 4.310000000000000000e+02 3.000000000000000000e+01 8.700000000000000000e+01 1.307000000000000000e+04
-5.791741371154785156e+00 -4.017967700958251953e+00 8.611976169049739838e-03 3.000000000000000000e+01 4.114012000000000000e+07 1.420000000000000000e+02 3.100000000000000000e+01 5.000000000000000000e+01 7.049000000000000000e+03
-1.184271907806396484e+01 -7.495066642761230469e+00 1.492186486721038818e-01 3.800000000000000000e+01 4.123724800000000000e+07 7.310000000000000000e+02 3.000000000000000000e+01 9.300000000000000000e+01 1.401600000000000000e+04
-5.776680469512939453e+00 -3.955236673355102539e+00 8.553333580493927002e-03 2.100000000000000000e+01 4.123724800000000000e+07 9.600000000000000000e+01 3.100000000000000000e+01 3.700000000000000000e+01 7.001000000000000000e+03
-1.150339794158935547e+01 -7.181840896606445312e+00 1.443852186203002930e-01 3.400000000000000000e+01 4.133548800000000000e+07 6.090000000000000000e+02 3.000000000000000000e+01 1.030000000000000000e+02 1.356200000000000000e+04
-5.698925971984863281e+00 -3.850852012634277344e+00 8.403060026466846466e-03 3.700000000000000000e+01 4.133548800000000000e+07 1.680000000000000000e+02 3.100000000000000000e+01 4.700000000000000000e+01 6.878000000000000000e+03
-1.069921302795410156e+01 -6.588878154754638672e+00 1.337815076112747192e-01 7.500000000000000000e+01 4.143363200000000000e+07 1.168000000000000000e+03 3.000000000000000000e+01 1.210000000000000000e+02 1.256600000000000000e+04
-5.644239902496337891e+00 -3.763661861419677734e+00 8.288217708468437195e-03 4.500000000000000000e+01 4.143363200000000000e+07 2.010000000000000000e+02 3.100000000000000000e+01 3.700000000000000000e+01 6.784000000000000000e+03
-1.195217800140380859e+01 -7.259718418121337891e+00 1.488886177539825439e-01 4.200000000000000000e+01 4.153222000000000000e+07 8.050000000000000000e+02 3.000000000000000000e+01 9.700000000000000000e+01 1.398500000000000000e+04
-5.753271102905273438e+00 -3.785574674606323242e+00 8.414056152105331421e-03 2.500000000000000000e+01 4.153222000000000000e+07 1.120000000000000000e+02 3.100000000000000000e+01 3.700000000000000000e+01 6.887000000000000000e+03
-1.203938865661621094e+01 -7.211937427520751953e+00 1.494209319353103638e-01 3.200000000000000000e+01 4.162858000000000000e+07 6.120000000000000000e+02 3.000000000000000000e+01 1.090000000000000000e+02 1.403500000000000000e+04
-5.760454654693603516e+00 -3.739855766296386719e+00 8.390843868255615234e-03 3.800000000000000000e+01 4.162858000000000000e+07 1.730000000000000000e+02 3.100000000000000000e+01 3.800000000000000000e+01 6.868000000000000000e+03
-1.027714347839355469e+01 -6.070927143096923828e+00 1.270849704742431641e-01 9.100000000000000000e+01 4.172571200000000000e+07 1.282000000000000000e+03 3.000000000000000000e+01 1.150000000000000000e+02 1.193700000000000000e+04
-5.869184017181396484e+00 -3.759456157684326172e+00 8.515459485352039337e-03 3.200000000000000000e+01 4.172571200000000000e+07 1.490000000000000000e+02 3.100000000000000000e+01 4.000000000000000000e+01 6.970000000000000000e+03
-1.010250759124755859e+01 -5.884447574615478516e+00 1.244766265153884888e-01 4.500000000000000000e+01 4.182200000000000000e+07 6.030000000000000000e+02 3.000000000000000000e+01 1.060000000000000000e+02 1.169200000000000000e+04
-5.730677604675292969e+00 -3.621340751647949219e+00 8.282109163701534271e-03 2.600000000000000000e+01 4.182200000000000000e+07 1.140000000000000000e+02 3.100000000000000000e+01 3.400000000000000000e+01 6.779000000000000000e+03
-1.023207283020019531e+01 -5.876130580902099609e+00 1.256264299154281616e-01 1.060000000000000000e+02 4.191988800000000000e+07 1.462000000000000000e+03 3.000000000000000000e+01 1.150000000000000000e+02 1.180000000000000000e+04
-5.762125015258789062e+00 -3.591928720474243164e+00 8.295548148453235626e-03 1.900000000000000000e+01 4.191988800000000000e+07 8.200000000000000000e+01 3.100000000000000000e+01 3.300000000000000000e+01 6.790000000000000000e+03
-1.136260223388671875e+01 -6.432987689971923828e+00 1.390194892883300781e-01 4.900000000000000000e+01 4.201895200000000000e+07 8.190000000000000000e+02 3.000000000000000000e+01 1.130000000000000000e+02 1.305800000000000000e+04
-5.930574417114257812e+00 -3.646596670150756836e+00 8.505686186254024506e-03 2.800000000000000000e+01 4.201895200000000000e+07 1.290000000000000000e+02 3.100000000000000000e+01 4.300000000000000000e+01 6.962000000000000000e+03
-1.262779140472412109e+01 -7.047314167022705078e+00 1.539669036865234375e-01 3.200000000000000000e+01 4.211556000000000000e+07 6.510000000000000000e+02 3.000000000000000000e+01 1.010000000000000000e+02 1.446200000000000000e+04
-5.820305347442626953e+00 -3.529763460159301758e+00 8.316317573189735413e-03 2.900000000000000000e+01 4.211556000000000000e+07 1.280000000000000000e+02 3.100000000000000000e+01 3.500000000000000000e+01 6.807000000000000000e+03
-1.193220615386962891e+01 -6.563430309295654297e+00 1.449920684099197388e-01 8.000000000000000000e+01 4.221375200000000000e+07 1.468000000000000000e+03 3.000000000000000000e+01 1.010000000000000000e+02 1.361900000000000000e+04
-5.963720321655273438e+00 -3.566871881484985352e+00 8.489803411066532135e-03 3.000000000000000000e+01 4.221375200000000000e+07 1.390000000000000000e+02 3.100000000000000000e+01 3.000000000000000000e+01 6.949000000000000000e+03
-1.468598842620849609e+01 -7.961192607879638672e+00 1.778572201728820801e-01 3.200000000000000000e+01 4.231143200000000000e+07 8.620000000000000000e+02 3.000000000000000000e+01 1.270000000000000000e+02 1.670600000000000000e+04
-5.834758281707763672e+00 -3.441308975219726562e+00 8.276000618934631348e-03 2.400000000000000000e+01 4.231143200000000000e+07 1.040000000000000000e+02 3.100000000000000000e+01 3.800000000000000000e+01 6.774000000000000000e+03
-1.198186302185058594e+01 -6.400490760803222656e+00 1.446300894021987915e-01 4.500000000000000000e+01 4.240840000000000000e+07 8.140000000000000000e+02 3.000000000000000000e+01 1.060000000000000000e+02 1.358500000000000000e+04
-5.745114803314208984e+00 -3.341094255447387695e+00 8.119619451463222504e-03 2.400000000000000000e+01 4.240840000000000000e+07 1.000000000000000000e+02 3.100000000000000000e+01 3.800000000000000000e+01 6.646000000000000000e+03
-1.202268028259277344e+01 -6.327782630920410156e+00 1.446513831615447998e-01 6.300000000000000000e+01 4.250592800000000000e+07 1.139000000000000000e+03 3.000000000000000000e+01 1.470000000000000000e+02 1.358700000000000000e+04
-5.845318794250488281e+00 -3.351541757583618164e+00 8.232017979025840759e-03 2.000000000000000000e+01 4.250592800000000000e+07 8.500000000000000000e+01 3.100000000000000000e+01 4.100000000000000000e+01 6.738000000000000000e+03
-1.267823696136474609e+01 -6.573791503906250000e+00 1.520505696535110474e-01 1.040000000000000000e+02 4.260315200000000000e+07 2.098000000000000000e+03 3.000000000000000000e+01 1.300000000000000000e+02 1.428200000000000000e+04
-4.539053440093994141e+00 -2.565687656402587891e+00 6.370101589709520340e-03 1.320000000000000000e+02 4.260315200000000000e+07 3.570000000000000000e+02 3.100000000000000000e+01 6.100000000000000000e+01 5.214000000000000000e+03
-1.214840412139892578e+01 -6.204784393310546875e+00 1.452369242906570435e-01 8.000000000000000000e+01 4.270026000000000000e+07 1.470000000000000000e+03 3.000000000000000000e+01 1.150000000000000000e+02 1.364200000000000000e+04
-4.486573219299316406e+00 -2.499823570251464844e+00 6.274806335568428040e-03 7.400000000000000000e+01 4.270026000000000000e+07 1.940000000000000000e+02 3.100000000000000000e+01 7.100000000000000000e+01 5.136000000000000000e+03
-1.247031402587890625e+01 -6.273022174835205078e+00 1.486224532127380371e-01 5.300000000000000000e+01 4.279712000000000000e+07 1.015000000000000000e+03 3.000000000000000000e+01 1.030000000000000000e+02 1.396000000000000000e+04
-5.515089511871337891e+00 -3.028695583343505859e+00 7.687126751989126205e-03 9.100000000000000000e+01 4.279712000000000000e+07 3.580000000000000000e+02 3.100000000000000000e+01 5.800000000000000000e+01 6.292000000000000000e+03
-1.247362422943115234e+01 -6.179076671600341797e+00 1.482072472572326660e-01 4.100000000000000000e+01 4.289455200000000000e+07 7.800000000000000000e+02 3.000000000000000000e+01 8.700000000000000000e+01 1.392100000000000000e+04
-5.530051231384277344e+00 -2.992894649505615234e+00 7.682239636778831482e-03 6.400000000000000000e+01 4.289455200000000000e+07 2.470000000000000000e+02 3.100000000000000000e+01 5.700000000000000000e+01 6.288000000000000000e+03
-1.417306613922119141e+01 -6.912953376770019531e+00 1.678922772407531738e-01 4.700000000000000000e+01 4.299106000000000000e+07 1.147000000000000000e+03 3.000000000000000000e+01 1.000000000000000000e+02 1.577000000000000000e+04
-5.859786033630371094e+00 -3.125015735626220703e+00 8.113509975373744965e-03 3.700000000000000000e+01 4.299106000000000000e+07 1.570000000000000000e+02 3.100000000000000000e+01 3.900000000000000000e+01 6.641000000000000000e+03
-1.326332855224609375e+01 -6.368782043457031250e+00 1.566497683525085449e-01 3.400000000000000000e+01 4.308880000000000000e+07 7.150000000000000000e+02 3.000000000000000000e+01 1.110000000000000000e+02 1.471400000000000000e+04
-5.839015007019042969e+00 -3.068070650100708008e+00 8.058532141149044037e-03 2.200000000000000000e+01 4.308880000000000000e+07 9.000000000000000000e+01 3.100000000000000000e+01 4.500000000000000000e+01 6.596000000000000000e+03
-1.282662868499755859e+01 -6.062520503997802734e+00 1.510498225688934326e-01 6.200000000000000000e+01 4.318642000000000000e+07 1.227000000000000000e+03 3.000000000000000000e+01 1.200000000000000000e+02 1.418800000000000000e+04
-5.782244205474853516e+00 -2.993110656738281250e+00 7.954685017466545105e-03 2.700000000000000000e+01 4.318642000000000000e+07 1.090000000000000000e+02 3.100000000000000000e+01 3.600000000000000000e+01 6.511000000000000000e+03
-1.374303913116455078e+01 -6.392795085906982422e+00 1.613767296075820923e-01 1.170000000000000000e+02 4.328476800000000000e+07 2.666000000000000000e+03 3.000000000000000000e+01 1.100000000000000000e+02 1.515800000000000000e+04
-5.750611782073974609e+00 -2.932137727737426758e+00 7.886269129812717438e-03 2.400000000000000000e+01 4.328476800000000000e+07 9.400000000000000000e+01 3.100000000000000000e+01 4.300000000000000000e+01 6.455000000000000000e+03
-1.313191127777099609e+01 -6.010785579681396484e+00 1.537646204233169556e-01 5.700000000000000000e+01 4.338142000000000000e+07 1.173000000000000000e+03 3.000000000000000000e+01 8.800000000000000000e+01 1.444300000000000000e+04
-5.793516635894775391e+00 -2.909363031387329102e+00 7.920476607978343964e-03 2.000000000000000000e+01 4.338142000000000000e+07 7.800000000000000000e+01 3.100000000000000000e+01 3.800000000000000000e+01 6.483000000000000000e+03
-1.295245742797851562e+01 -5.832787513732910156e+00 1.512414515018463135e-01 2.700000000000000000e+01 4.347947200000000000e+07 5.310000000000000000e+02 3.000000000000000000e+01 7.800000000000000000e+01 1.420600000000000000e+04
-5.809466838836669922e+00 -2.872873306274414062e+00 7.918033748865127563e-03 4.500000000000000000e+01 4.347947200000000000e+07 1.830000000000000000e+02 3.100000000000000000e+01 5.600000000000000000e+01 6.481000000000000000e+03
-1.411071777343750000e+01 -6.250523567199707031e+00 1.643151193857192993e-01 4.900000000000000000e+01 4.357731200000000000e+07 1.151000000000000000e+03 3.000000000000000000e+01 7.700000000000000000e+01 1.543400000000000000e+04
-5.900709629058837891e+00 -2.873069763183593750e+00 8.018215186893939972e-03 4.500000000000000000e+01 4.357731200000000000e+07 1.880000000000000000e+02 3.100000000000000000e+01 4.700000000000000000e+01 6.563000000000000000e+03
-1.077340602874755859e+01 -4.693356037139892578e+00 1.251154094934463501e-01 9.200000000000000000e+01 4.367523200000000000e+07 1.255000000000000000e+03 3.000000000000000000e+01 1.270000000000000000e+02 1.175200000000000000e+04
-5.903799533843994141e+00 -2.829893827438354492e+00 7.998667657375335693e-03 3.300000000000000000e+01 4.367523200000000000e+07 1.360000000000000000e+02 3.100000000000000000e+01 4.000000000000000000e+01 6.547000000000000000e+03
-1.105109405517578125e+01 -4.733865261077880859e+00 1.280005574226379395e-01 3.900000000000000000e+01 4.377174000000000000e+07 5.460000000000000000e+02 3.000000000000000000e+01 1.440000000000000000e+02 1.202300000000000000e+04
-5.966271877288818359e+00 -2.814950466156005859e+00 8.059754036366939545e-03 2.000000000000000000e+01 4.377174000000000000e+07 8.100000000000000000e+01 3.100000000000000000e+01 4.100000000000000000e+01 6.597000000000000000e+03
-1.263091945648193359e+01 -5.319118022918701172e+00 1.459182947874069214e-01 5.600000000000000000e+01 4.386947200000000000e+07 1.028000000000000000e+03 3.000000000000000000e+01 1.480000000000000000e+02 1.370600000000000000e+04
-5.995222568511962891e+00 -2.783764123916625977e+00 8.075636811554431915e-03 2.900000000000000000e+01 4.386947200000000000e+07 1.210000000000000000e+02 3.100000000000000000e+01 4.100000000000000000e+01 6.610000000000000000e+03
-1.202026748657226562e+01 -4.975347995758056641e+00 1.385084539651870728e-01 5.800000000000000000e+01 4.396674000000000000e+07 9.660000000000000000e+02 3.000000000000000000e+01 1.100000000000000000e+02 1.301000000000000000e+04
-5.971260547637939453e+00 -2.728225231170654297e+00 8.020658977329730988e-03 2.200000000000000000e+01 4.396674000000000000e+07 8.900000000000000000e+01 3.100000000000000000e+01 4.800000000000000000e+01 6.565000000000000000e+03
-1.447365093231201172e+01 -5.887073993682861328e+00 1.663592010736465454e-01 3.100000000000000000e+01 4.406550000000000000e+07 7.330000000000000000e+02 3.000000000000000000e+01 1.150000000000000000e+02 1.562600000000000000e+04
-5.766250133514404297e+00 -2.591909170150756836e+00 7.723778951913118362e-03 2.600000000000000000e+01 4.406550000000000000e+07 9.900000000000000000e+01 3.100000000000000000e+01 3.200000000000000000e+01 6.322000000000000000e+03
-4.417919158935546875e+00 -1.405027627944946289e+00 1.375920474529266357e-01 8.800000000000000000e+01 4.416191200000000000e+07 1.860000000000000000e+02 2.800000000000000000e+01 4.800000000000000000e+01 4.638000000000000000e+03
-1.316124820709228516e+01 -5.259378433227539062e+00 1.509007662534713745e-01 3.100000000000000000e+01 4.416191200000000000e+07 6.040000000000000000e+02 3.000000000000000000e+01 1.090000000000000000e+02 1.417400000000000000e+04
-5.855212211608886719e+00 -2.588829517364501953e+00 7.821517065167427063e-03 2.900000000000000000e+01 4.416191200000000000e+07 1.140000000000000000e+02 3.100000000000000000e+01 3.300000000000000000e+01 6.402000000000000000e+03
-4.425502777099609375e+00 -1.377596259117126465e+00 1.375623792409896851e-01 2.250000000000000000e+02 4.425882000000000000e+07 4.790000000000000000e+02 2.800000000000000000e+01 4.400000000000000000e+01 4.637000000000000000e+03
-5.864567279815673828e+00 -2.550062656402587891e+00 7.812964729964733124e-03 2.500000000000000000e+01 4.425882000000000000e+07 9.700000000000000000e+01 3.100000000000000000e+01 3.600000000000000000e+01 6.395000000000000000e+03
-4.394668579101562500e+00 -1.338475704193115234e+00 1.363460570573806763e-01 2.620000000000000000e+02 4.435644800000000000e+07 5.500000000000000000e+02 2.800000000000000000e+01 5.700000000000000000e+01 4.596000000000000000e+03
-1.411397838592529297e+01 -5.440206050872802734e+00 1.610466986894607544e-01 3.200000000000000000e+01 4.435644800000000000e+07 7.140000000000000000e+02 3.000000000000000000e+01 9.000000000000000000e+01 1.512700000000000000e+04
-5.888379096984863281e+00 -2.517568349838256836e+00 7.823959924280643463e-03 3.400000000000000000e+01 4.435644800000000000e+07 1.340000000000000000e+02 3.100000000000000000e+01 3.400000000000000000e+01 6.404000000000000000e+03
-4.417167663574218750e+00 -1.315765619277954102e+00 1.367910504341125488e-01 1.850000000000000000e+02 4.445367200000000000e+07 3.900000000000000000e+02 2.800000000000000000e+01 4.400000000000000000e+01 4.611000000000000000e+03
-1.389925861358642578e+01 -5.259717464447021484e+00 1.582254171371459961e-01 5.300000000000000000e+01 4.445367200000000000e+07 1.154000000000000000e+03 3.000000000000000000e+01 8.600000000000000000e+01 1.486200000000000000e+04
-5.901872158050537109e+00 -2.480615615844726562e+00 7.821517065167427063e-03 4.600000000000000000e+01 4.445367200000000000e+07 1.830000000000000000e+02 3.100000000000000000e+01 5.300000000000000000e+01 6.402000000000000000e+03
-1.284297752380371094e+01 -4.770121574401855469e+00 1.458650529384613037e-01 5.500000000000000000e+01 4.455124800000000000e+07 1.018000000000000000e+03 3.000000000000000000e+01 8.700000000000000000e+01 1.370100000000000000e+04
-5.921603202819824219e+00 -2.446264743804931641e+00 7.827625609934329987e-03 3.400000000000000000e+01 4.455124800000000000e+07 1.340000000000000000e+02 3.100000000000000000e+01 4.800000000000000000e+01 6.407000000000000000e+03
-1.265028476715087891e+01 -4.610422611236572266e+00 1.433525383472442627e-01 2.900000000000000000e+01 4.464766000000000000e+07 5.090000000000000000e+02 3.000000000000000000e+01 1.090000000000000000e+02 1.346500000000000000e+04
-5.928162097930908203e+00 -2.406499147415161133e+00 7.816629484295845032e-03 3.300000000000000000e+01 4.464766000000000000e+07 1.300000000000000000e+02 3.100000000000000000e+01 3.800000000000000000e+01 6.398000000000000000e+03
-4.435171604156494141e+00 -1.407158851623535156e+00 9.421761333942413330e-02 1.490000000000000000e+02 4.474518000000000000e+07 3.200000000000000000e+02 2.900000000000000000e+01 4.000000000000000000e+01 4.654000000000000000e+03
-1.318772792816162109e+01 -4.714831829071044922e+00 1.491121798753738403e-01 3.900000000000000000e+01 4.474518000000000000e+07 7.470000000000000000e+02 3.000000000000000000e+01 1.070000000000000000e+02 1.400600000000000000e+04
-5.992045879364013672e+00 -2.389712572097778320e+00 7.881381548941135406e-03 2.400000000000000000e+01 4.474518000000000000e+07 9.500000000000000000e+01 3.100000000000000000e+01 3.000000000000000000e+01 6.451000000000000000e+03
-4.455205440521240234e+00 -1.385189890861511230e+00 2.632968425750732422e-01 1.230000000000000000e+02 4.484343200000000000e+07 2.670000000000000000e+02 2.500000000000000000e+01 6.500000000000000000e+01 4.673000000000000000e+03
-4.429399967193603516e+00 -1.375471234321594238e+00 9.391395002603530884e-02 1.970000000000000000e+02 4.484343200000000000e+07 4.230000000000000000e+02 2.900000000000000000e+01 6.800000000000000000e+01 4.639000000000000000e+03
-5.999147415161132812e+00 -2.349983453750610352e+00 7.871608249843120575e-03 1.600000000000000000e+01 4.484343200000000000e+07 6.000000000000000000e+01 3.100000000000000000e+01 5.000000000000000000e+01 6.443000000000000000e+03
-4.386250019073486328e+00 -1.334291100502014160e+00 2.587329447269439697e-01 9.200000000000000000e+01 4.493968000000000000e+07 1.910000000000000000e+02 2.500000000000000000e+01 3.700000000000000000e+01 4.592000000000000000e+03
-4.419580459594726562e+00 -1.342744946479797363e+00 9.352930635213851929e-02 1.990000000000000000e+02 4.493968000000000000e+07 4.230000000000000000e+02 2.900000000000000000e+01 8.000000000000000000e+01 4.620000000000000000e+03
-1.423183917999267578e+01 -4.891994476318359375e+00 1.602269411087036133e-01 3.000000000000000000e+01 4.493968000000000000e+07 6.600000000000000000e+02 3.000000000000000000e+01 9.700000000000000000e+01 1.505000000000000000e+04
-5.811853885650634766e+00 -2.235581874847412109e+00 7.607714273035526276e-03 4.400000000000000000e+01 4.493968000000000000e+07 1.660000000000000000e+02 3.100000000000000000e+01 3.600000000000000000e+01 6.227000000000000000e+03
-4.423902511596679688e+00 -1.314462423324584961e+00 9.344831854104995728e-02 1.260000000000000000e+02 4.503648800000000000e+07 2.670000000000000000e+02 2.900000000000000000e+01 6.500000000000000000e+01 4.616000000000000000e+03
-1.370439052581787109e+01 -4.616863727569580078e+00 1.539669036865234375e-01 3.100000000000000000e+01 4.503648800000000000e+07 6.260000000000000000e+02 3.000000000000000000e+01 1.240000000000000000e+02 1.446200000000000000e+04
-5.873173236846923828e+00 -2.217896223068237305e+00 7.670022547245025635e-03 2.300000000000000000e+01 4.503648800000000000e+07 8.600000000000000000e+01 3.100000000000000000e+01 3.100000000000000000e+01 6.278000000000000000e+03
-5.959809780120849609e+00 -2.208925008773803711e+00 7.765317335724830627e-03 2.400000000000000000e+01 4.513520000000000000e+07 9.100000000000000000e+01 3.100000000000000000e+01 4.500000000000000000e+01 6.356000000000000000e+03
-4.399550914764404297e+00 -1.422288298606872559e+00 4.922852665185928345e-02 3.800000000000000000e+01 4.523148800000000000e+07 8.000000000000000000e+01 3.000000000000000000e+01 7.800000000000000000e+01 4.624000000000000000e+03
-6.015541553497314453e+00 -2.187694787979125977e+00 7.820295169949531555e-03 1.700000000000000000e+01 4.523148800000000000e+07 6.400000000000000000e+01 3.100000000000000000e+01 4.300000000000000000e+01 6.401000000000000000e+03
-4.396755218505859375e+00 -1.391645431518554688e+00 4.910076782107353210e-02 1.280000000000000000e+02 4.532876800000000000e+07 2.690000000000000000e+02 3.000000000000000000e+01 5.100000000000000000e+01 4.612000000000000000e+03
-5.966688632965087891e+00 -2.128566741943359375e+00 7.739661261439323425e-03 3.100000000000000000e+01 4.532876800000000000e+07 1.190000000000000000e+02 3.100000000000000000e+01 4.000000000000000000e+01 6.335000000000000000e+03
-4.462857246398925781e+00 -1.385060191154479980e+00 2.195484340190887451e-01 1.820000000000000000e+02 4.542610000000000000e+07 3.950000000000000000e+02 2.600000000000000000e+01 5.800000000000000000e+01 4.678000000000000000e+03
-4.408077239990234375e+00 -1.365529060363769531e+00 4.913271218538284302e-02 1.510000000000000000e+02 4.542610000000000000e+07 3.180000000000000000e+02 3.000000000000000000e+01 5.300000000000000000e+01 4.615000000000000000e+03
-5.999458789825439453e+00 -2.098850250244140625e+00 7.765317335724830627e-03 3.500000000000000000e+01 4.542610000000000000e+07 1.360000000000000000e+02 3.100000000000000000e+01 4.200000000000000000e+01 6.356000000000000000e+03
-4.464580535888671875e+00 -1.355618834495544434e+00 2.192198932170867920e-01 1.210000000000000000e+02 4.552474000000000000e+07 2.610000000000000000e+02 2.600000000000000000e+01 3.600000000000000000e+01 4.671000000000000000e+03
-4.407760143280029297e+00 -1.335845708847045898e+00 4.903689771890640259e-02 1.500000000000000000e+02 4.552474000000000000e+07 3.170000000000000000e+02 3.000000000000000000e+01 5.900000000000000000e+01 4.606000000000000000e+03
-6.072762489318847656e+00 -2.082761287689208984e+00 7.843507453799247742e-03 4.400000000000000000e+01 4.552474000000000000e+07 1.760000000000000000e+02 3.100000000000000000e+01 4.400000000000000000e+01 6.420000000000000000e+03
-4.411080360412597656e+00 -1.307354331016540527e+00 4.898366332054138184e-02 1.050000000000000000e+02 4.562115200000000000e+07 2.210000000000000000e+02 3.000000000000000000e+01 5.800000000000000000e+01 4.601000000000000000e+03
-5.976420879364013672e+00 -2.008820533752441406e+00 7.703009061515331268e-03 2.200000000000000000e+01 4.562115200000000000e+07 8.200000000000000000e+01 3.100000000000000000e+01 3.900000000000000000e+01 6.305000000000000000e+03
-1.301406288146972656e+01 -3.770391941070556641e+00 1.442574709653854370e-01 3.400000000000000000e+01 4.571796000000000000e+07 6.090000000000000000e+02 3.000000000000000000e+01 9.600000000000000000e+01 1.355000000000000000e+04
-5.981985569000244141e+00 -1.969922661781311035e+00 7.694457191973924637e-03 1.600000000000000000e+01 4.571796000000000000e+07 5.800000000000000000e+01 3.100000000000000000e+01 5.100000000000000000e+01 6.298000000000000000e+03
-4.392208099365234375e+00 -1.416581392288208008e+00 5.638285074383020401e-03 1.050000000000000000e+02 4.581624800000000000e+07 2.210000000000000000e+02 3.100000000000000000e+01 3.500000000000000000e+01 4.615000000000000000e+03
-4.422963619232177734e+00 -1.398295521736145020e+00 1.741482317447662354e-01 1.200000000000000000e+02 4.591372000000000000e+07 2.570000000000000000e+02 2.700000000000000000e+01 8.500000000000000000e+01 4.642000000000000000e+03
-1.392676353454589844e+01 -3.850211143493652344e+00 1.538391560316085815e-01 6.900000000000000000e+01 4.591372000000000000e+07 1.417000000000000000e+03 3.000000000000000000e+01 1.330000000000000000e+02 1.445000000000000000e+04
-4.393188953399658203e+00 -1.387195825576782227e+00 5.628511309623718262e-03 1.550000000000000000e+02 4.591372000000000000e+07 3.260000000000000000e+02 3.100000000000000000e+01 5.700000000000000000e+01 4.607000000000000000e+03
-4.412367343902587891e+00 -1.365222930908203125e+00 1.733979135751724243e-01 2.550000000000000000e+02 4.601152000000000000e+07 5.410000000000000000e+02 2.700000000000000000e+01 6.600000000000000000e+01 4.622000000000000000e+03
-1.442800140380859375e+01 -3.893648862838745117e+00 1.591090708971023560e-01 3.200000000000000000e+01 4.601152000000000000e+07 6.910000000000000000e+02 3.000000000000000000e+01 1.230000000000000000e+02 1.494500000000000000e+04
-4.409261226654052734e+00 -1.362575531005859375e+00 5.638285074383020401e-03 1.750000000000000000e+02 4.601152000000000000e+07 3.690000000000000000e+02 3.100000000000000000e+01 6.500000000000000000e+01 4.615000000000000000e+03
-4.431181907653808594e+00 -1.341308116912841797e+00 1.738105863332748413e-01 1.660000000000000000e+02 4.610991200000000000e+07 3.530000000000000000e+02 2.700000000000000000e+01 6.400000000000000000e+01 4.633000000000000000e+03
-1.445452213287353516e+01 -3.805810928344726562e+00 1.591410040855407715e-01 5.200000000000000000e+01 4.610991200000000000e+07 1.138000000000000000e+03 3.000000000000000000e+01 1.220000000000000000e+02 1.494800000000000000e+04
-4.428068161010742188e+00 -1.338678479194641113e+00 5.651724059134721756e-03 1.900000000000000000e+02 4.610991200000000000e+07 4.030000000000000000e+02 3.100000000000000000e+01 6.800000000000000000e+01 4.626000000000000000e+03
-1.420641231536865234e+01 -3.647421598434448242e+00 1.561600416898727417e-01 5.200000000000000000e+01 4.620678000000000000e+07 1.093000000000000000e+03 3.000000000000000000e+01 1.390000000000000000e+02 1.466800000000000000e+04
-4.429485797882080078e+00 -1.309498667716979980e+00 5.643172189593315125e-03 1.080000000000000000e+02 4.620678000000000000e+07 2.270000000000000000e+02 3.100000000000000000e+01 5.600000000000000000e+01 4.619000000000000000e+03
-6.022579669952392578e+00 -1.740356802940368652e+00 7.659026887267827988e-03 1.800000000000000000e+01 4.630508000000000000e+07 6.500000000000000000e+01 3.100000000000000000e+01 5.300000000000000000e+01 6.269000000000000000e+03
-1.335048484802246094e+01 -3.253571748733520508e+00 1.463015675544738770e-01 4.300000000000000000e+01 4.640218000000000000e+07 7.930000000000000000e+02 3.000000000000000000e+01 1.190000000000000000e+02 1.374200000000000000e+04
-5.849330425262451172e+00 -1.651472926139831543e+00 7.425676099956035614e-03 2.000000000000000000e+01 4.640218000000000000e+07 6.900000000000000000e+01 3.100000000000000000e+01 4.600000000000000000e+01 6.078000000000000000e+03
-1.448421859741210938e+01 -3.435854434967041016e+00 1.584915816783905029e-01 1.800000000000000000e+01 4.649936000000000000e+07 3.810000000000000000e+02 3.000000000000000000e+01 9.200000000000000000e+01 1.488700000000000000e+04
-6.250748634338378906e+00 -1.723466992378234863e+00 7.921698503196239471e-03 2.100000000000000000e+01 4.649936000000000000e+07 8.300000000000000000e+01 3.100000000000000000e+01 3.600000000000000000e+01 6.484000000000000000e+03
-6.247686862945556641e+00 -1.681442379951477051e+00 7.904594764113426208e-03 1.600000000000000000e+01 4.659654000000000000e+07 6.200000000000000000e+01 3.100000000000000000e+01 3.500000000000000000e+01 6.470000000000000000e+03
-6.013181209564208984e+00 -1.578825592994689941e+00 7.595497183501720428e-03 3.200000000000000000e+01 4.669386000000000000e+07 1.180000000000000000e+02 3.100000000000000000e+01 4.500000000000000000e+01 6.217000000000000000e+03
-1.323969841003417969e+01 -2.884300470352172852e+00 1.442681103944778442e-01 4.400000000000000000e+01 4.679096800000000000e+07 7.850000000000000000e+02 3.000000000000000000e+01 1.420000000000000000e+02 1.355100000000000000e+04
-6.006286144256591797e+00 -1.537683367729187012e+00 7.574727293103933334e-03 5.700000000000000000e+01 4.679096800000000000e+07 2.140000000000000000e+02 3.100000000000000000e+01 4.500000000000000000e+01 6.200000000000000000e+03
-1.441155910491943359e+01 -3.047090768814086914e+00 1.568307578563690186e-01 6.800000000000000000e+01 4.689003200000000000e+07 1.454000000000000000e+03 3.000000000000000000e+01 1.150000000000000000e+02 1.473100000000000000e+04
-6.330942630767822266e+00 -1.579471588134765625e+00 7.971789687871932983e-03 2.300000000000000000e+01 4.689003200000000000e+07 9.200000000000000000e+01 3.100000000000000000e+01 4.600000000000000000e+01 6.525000000000000000e+03
-1.464548873901367188e+01 -3.002790927886962891e+00 1.591729521751403809e-01 4.000000000000000000e+01 4.698624000000000000e+07 8.720000000000000000e+02 3.000000000000000000e+01 1.150000000000000000e+02 1.495100000000000000e+04
-6.333712577819824219e+00 -1.538943171501159668e+00 7.963237352669239044e-03 1.800000000000000000e+01 4.698624000000000000e+07 7.100000000000000000e+01 3.100000000000000000e+01 4.100000000000000000e+01 6.518000000000000000e+03
-1.347787475585937500e+01 -2.677324533462524414e+00 1.463015675544738770e-01 6.500000000000000000e+01 4.708524800000000000e+07 1.207000000000000000e+03 3.000000000000000000e+01 1.240000000000000000e+02 1.374200000000000000e+04
-6.351794719696044922e+00 -1.502122521400451660e+00 7.974233478307723999e-03 1.900000000000000000e+01 4.708524800000000000e+07 7.900000000000000000e+01 3.100000000000000000e+01 6.200000000000000000e+01 6.527000000000000000e+03
-1.453295993804931641e+01 -2.794332504272460938e+00 1.575653553009033203e-01 6.600000000000000000e+01 4.718236800000000000e+07 1.425000000000000000e+03 3.000000000000000000e+01 1.070000000000000000e+02 1.480000000000000000e+04
-6.316062927246093750e+00 -1.452808856964111328e+00 7.918033748865127563e-03 3.300000000000000000e+01 4.718236800000000000e+07 1.330000000000000000e+02 3.100000000000000000e+01 3.300000000000000000e+01 6.481000000000000000e+03
-6.352183341979980469e+00 -1.420135855674743652e+00 7.952242158353328705e-03 3.600000000000000000e+01 4.727928000000000000e+07 1.470000000000000000e+02 3.100000000000000000e+01 3.100000000000000000e+01 6.509000000000000000e+03
-6.409639358520507812e+00 -1.391742348670959473e+00 8.013328537344932556e-03 3.200000000000000000e+01 4.737666000000000000e+07 1.320000000000000000e+02 3.100000000000000000e+01 4.000000000000000000e+01 6.559000000000000000e+03
-1.359863662719726562e+01 -2.355996608734130859e+00 1.469403505325317383e-01 4.100000000000000000e+01 4.747443200000000000e+07 7.580000000000000000e+02 3.000000000000000000e+01 1.400000000000000000e+02 1.380200000000000000e+04
-6.436649799346923828e+00 -1.356304883956909180e+00 8.036541752517223358e-03 2.300000000000000000e+01 4.747443200000000000e+07 9.300000000000000000e+01 3.100000000000000000e+01 5.500000000000000000e+01 6.578000000000000000e+03
-1.445414543151855469e+01 -2.412959814071655273e+00 1.560216397047042847e-01 2.900000000000000000e+01 4.757180800000000000e+07 6.000000000000000000e+02 3.000000000000000000e+01 1.240000000000000000e+02 1.465500000000000000e+04
-6.459547042846679688e+00 -1.319787502288818359e+00 8.054867386817932129e-03 2.000000000000000000e+01 4.757180800000000000e+07 8.100000000000000000e+01 3.100000000000000000e+01 4.300000000000000000e+01 6.593000000000000000e+03
-6.823615074157714844e+00 -1.350609421730041504e+00 8.498355746269226074e-03 1.600000000000000000e+01 4.766975200000000000e+07 7.100000000000000000e+01 3.100000000000000000e+01 4.400000000000000000e+01 6.956000000000000000e+03
-1.497876453399658203e+01 -2.311976194381713867e+00 1.613660901784896851e-01 3.100000000000000000e+01 4.776732800000000000e+07 6.900000000000000000e+02 3.000000000000000000e+01 1.110000000000000000e+02 1.515700000000000000e+04
-6.802309513092041016e+00 -1.303070783615112305e+00 8.461703546345233917e-03 1.500000000000000000e+01 4.776732800000000000e+07 6.500000000000000000e+01 3.100000000000000000e+01 4.100000000000000000e+01 6.926000000000000000e+03
-6.789527893066406250e+00 -1.257483720779418945e+00 8.436047472059726715e-03 2.200000000000000000e+01 4.786502000000000000e+07 9.900000000000000000e+01 3.100000000000000000e+01 3.800000000000000000e+01 6.905000000000000000e+03
-1.297544097900390625e+01 -1.840036392211914062e+00 1.395305097103118896e-01 3.800000000000000000e+01 4.796274000000000000e+07 6.320000000000000000e+02 3.000000000000000000e+01 1.370000000000000000e+02 1.310600000000000000e+04
-6.787272453308105469e+00 -1.214039564132690430e+00 8.423830382525920868e-03 4.500000000000000000e+01 4.796274000000000000e+07 2.080000000000000000e+02 3.100000000000000000e+01 3.800000000000000000e+01 6.895000000000000000e+03
-1.372370147705078125e+01 -1.860319256782531738e+00 1.474513560533523560e-01 2.700000000000000000e+01 4.805964800000000000e+07 4.940000000000000000e+02 3.000000000000000000e+01 1.450000000000000000e+02 1.385000000000000000e+04
-6.440821647644042969e+00 -1.111329197883605957e+00 7.985228672623634338e-03 2.500000000000000000e+01 4.805964800000000000e+07 1.010000000000000000e+02 3.100000000000000000e+01 5.100000000000000000e+01 6.536000000000000000e+03
-6.269956111907958984e+00 -1.042271375656127930e+00 7.765317335724830627e-03 4.600000000000000000e+01 4.815668000000000000e+07 1.840000000000000000e+02 3.100000000000000000e+01 6.500000000000000000e+01 6.356000000000000000e+03
-6.862778663635253906e+00 -1.097588300704956055e+00 8.491025306284427643e-03 2.900000000000000000e+01 4.825492000000000000e+07 1.380000000000000000e+02 3.100000000000000000e+01 6.000000000000000000e+01 6.950000000000000000e+03
-6.555072784423828125e+00 -1.007165551185607910e+00 8.102514781057834625e-03 7.500000000000000000e+01 4.835086000000000000e+07 3.280000000000000000e+02 3.100000000000000000e+01 5.800000000000000000e+01 6.632000000000000000e+03
-7.200225830078125000e+00 -1.061110258102416992e+00 8.891752921044826508e-03 4.700000000000000000e+01 4.844876000000000000e+07 2.410000000000000000e+02 3.100000000000000000e+01 5.400000000000000000e+01 7.278000000000000000e+03
-7.155111312866210938e+00 -1.009644865989685059e+00 8.828222751617431641e-03 2.700000000000000000e+01 4.854672800000000000e+07 1.340000000000000000e+02 3.100000000000000000e+01 4.200000000000000000e+01 7.226000000000000000e+03
-1.402569293975830078e+01 -1.377779960632324219e+00 1.500490605831146240e-01 5.800000000000000000e+01 4.864534000000000000e+07 1.130000000000000000e+03 3.000000000000000000e+01 1.270000000000000000e+02 1.409400000000000000e+04
-7.208741188049316406e+00 -9.721378684043884277e-01 8.886865340173244476e-03 2.000000000000000000e+01 4.864534000000000000e+07 9.800000000000000000e+01 3.100000000000000000e+01 4.900000000000000000e+01 7.274000000000000000e+03
-1.430273056030273438e+01 -1.316439032554626465e+00 1.529235541820526123e-01 8.200000000000000000e+01 4.874262000000000000e+07 1.674000000000000000e+03 3.000000000000000000e+01 1.020000000000000000e+02 1.436400000000000000e+04
-7.244325160980224609e+00 -9.317144751548767090e-01 8.923517540097236633e-03 2.400000000000000000e+01 4.874262000000000000e+07 1.210000000000000000e+02 3.100000000000000000e+01 4.400000000000000000e+01 7.304000000000000000e+03
-1.370280933380126953e+01 -1.176476836204528809e+00 1.464293152093887329e-01 5.300000000000000000e+01 4.883856000000000000e+07 9.780000000000000000e+02 3.000000000000000000e+01 1.480000000000000000e+02 1.375400000000000000e+04
-7.409713268280029297e+00 -9.068038463592529297e-01 9.120215661823749542e-03 4.300000000000000000e+01 4.883856000000000000e+07 2.320000000000000000e+02 3.100000000000000000e+01 5.000000000000000000e+01 7.465000000000000000e+03
-7.448911190032958984e+00 -8.652446269989013672e-01 9.161755442619323730e-03 2.600000000000000000e+01 4.893522000000000000e+07 1.380000000000000000e+02 3.100000000000000000e+01 4.700000000000000000e+01 7.499000000000000000e+03
-7.466007709503173828e+00 -8.208341002464294434e-01 9.176415391266345978e-03 2.400000000000000000e+01 4.903288800000000000e+07 1.270000000000000000e+02 3.100000000000000000e+01 4.900000000000000000e+01 7.511000000000000000e+03
-7.359501361846923828e+00 -7.634515762329101562e-01 9.039581753313541412e-03 3.800000000000000000e+01 4.912940000000000000e+07 2.000000000000000000e+02 3.100000000000000000e+01 5.300000000000000000e+01 7.399000000000000000e+03
-1.394313907623291016e+01 -8.530279397964477539e-01 1.487289220094680786e-01 5.800000000000000000e+01 4.922718000000000000e+07 1.106000000000000000e+03 3.000000000000000000e+01 1.550000000000000000e+02 1.397000000000000000e+04
-7.406844615936279297e+00 -7.224544882774353027e-01 9.092116728425025940e-03 1.900000000000000000e+01 4.922718000000000000e+07 9.700000000000000000e+01 3.100000000000000000e+01 4.900000000000000000e+01 7.442000000000000000e+03
-7.363337039947509766e+00 -6.726268529891967773e-01 9.033473208546638489e-03 4.800000000000000000e+01 4.932374000000000000e+07 2.550000000000000000e+02 3.100000000000000000e+01 4.100000000000000000e+01 7.394000000000000000e+03
-7.297578334808349609e+00 -6.214935779571533203e-01 8.947952650487422943e-03 6.200000000000000000e+01 4.942198000000000000e+07 3.290000000000000000e+02 3.100000000000000000e+01 6.900000000000000000e+01 7.324000000000000000e+03
-7.057015419006347656e+00 -5.574130415916442871e-01 8.648628368973731995e-03 1.100000000000000000e+02 4.951972000000000000e+07 5.480000000000000000e+02 3.100000000000000000e+01 8.300000000000000000e+01 7.079000000000000000e+03
-7.715567111968994141e+00 -5.618151426315307617e-01 9.451305493712425232e-03 4.100000000000000000e+01 4.961704800000000000e+07 2.420000000000000000e+02 3.100000000000000000e+01 5.800000000000000000e+01 7.736000000000000000e+03
-7.925410747528076172e+00 -5.282287597656250000e-01 9.704203344881534576e-03 1.700000000000000000e+01 4.971380000000000000e+07 9.800000000000000000e+01 3.100000000000000000e+01 4.500000000000000000e+01 7.943000000000000000e+03
-7.937486171722412109e+00 -4.801327884197235107e-01 9.715198539197444916e-03 3.000000000000000000e+01 4.981060800000000000e+07 1.810000000000000000e+02 3.100000000000000000e+01 4.900000000000000000e+01 7.952000000000000000e+03
-7.931295871734619141e+00 -4.309319853782653809e-01 9.704203344881534576e-03 4.400000000000000000e+01 4.990828800000000000e+07 2.690000000000000000e+02 3.100000000000000000e+01 4.600000000000000000e+01 7.943000000000000000e+03
-7.947774410247802734e+00 -3.829320967197418213e-01 9.721307083964347839e-03 3.600000000000000000e+01 5.000576000000000000e+07 2.200000000000000000e+02 3.100000000000000000e+01 3.600000000000000000e+01 7.957000000000000000e+03
-8.158790588378906250e+00 -3.429353237152099609e-01 9.976648725569248199e-03 5.200000000000000000e+01 5.010314000000000000e+07 3.370000000000000000e+02 3.100000000000000000e+01 5.000000000000000000e+01 8.166000000000000000e+03
-8.034821510314941406e+00 -2.883485853672027588e-01 9.822710417211055756e-03 6.100000000000000000e+01 5.020160000000000000e+07 3.910000000000000000e+02 3.100000000000000000e+01 6.000000000000000000e+01 8.040000000000000000e+03
-7.800544738769531250e+00 -2.320257574319839478e-01 9.534383192658424377e-03 4.200000000000000000e+01 5.029887200000000000e+07 2.510000000000000000e+02 3.100000000000000000e+01 9.100000000000000000e+01 7.804000000000000000e+03
-8.360665321350097656e+00 -1.973493844270706177e-01 1.021733041852712631e-02 3.300000000000000000e+01 5.039516800000000000e+07 2.220000000000000000e+02 3.100000000000000000e+01 3.800000000000000000e+01 8.363000000000000000e+03
-8.360718727111816406e+00 -1.460281163454055786e-01 1.021610852330923080e-02 6.200000000000000000e+01 5.049259200000000000e+07 4.230000000000000000e+02 3.100000000000000000e+01 5.300000000000000000e+01 8.362000000000000000e+03
-7.615505695343017578e+00 -8.627425879240036011e-02 9.304697625339031219e-03 2.490000000000000000e+02 5.059016800000000000e+07 1.436000000000000000e+03 3.100000000000000000e+01 5.400000000000000000e+01 7.616000000000000000e+03
-8.368881225585937500e+00 -4.345459118485450745e-02 1.022465992718935013e-02 2.500000000000000000e+01 5.068643200000000000e+07 1.710000000000000000e+02 3.100000000000000000e+01 6.200000000000000000e+01 8.369000000000000000e+03
-8.516989707946777344e+00 8.036366663873195648e-03 1.040547620505094528e-02 3.000000000000000000e+01 5.078395200000000000e+07 2.070000000000000000e+02 3.100000000000000000e+01 5.200000000000000000e+01 8.517000000000000000e+03
-8.536780357360839844e+00 6.043707579374313354e-02 1.042991131544113159e-02 5.200000000000000000e+01 5.088163200000000000e+07 3.690000000000000000e+02 3.100000000000000000e+01 4.700000000000000000e+01 8.537000000000000000e+03
-8.505250930786132812e+00 1.124069690704345703e-01 1.039203722029924393e-02 2.800000000000000000e+01 5.097956800000000000e+07 1.990000000000000000e+02 3.100000000000000000e+01 6.400000000000000000e+01 8.506000000000000000e+03
-8.799345970153808594e+00 1.703003793954849243e-01 1.075244788080453873e-02 3.900000000000000000e+01 5.107612800000000000e+07 2.980000000000000000e+02 3.100000000000000000e+01 5.900000000000000000e+01 8.801000000000000000e+03
-8.666178703308105469e+00 2.209250032901763916e-01 1.059118006378412247e-02 4.500000000000000000e+01 5.117334000000000000e+07 3.280000000000000000e+02 3.100000000000000000e+01 4.400000000000000000e+01 8.669000000000000000e+03
-8.736623764038085938e+00 2.763719856739044189e-01 1.067914348095655441e-02 5.600000000000000000e+01 5.127175200000000000e+07 4.240000000000000000e+02 3.100000000000000000e+01 6.000000000000000000e+01 8.741000000000000000e+03
-8.761744499206542969e+00 3.309929668903350830e-01 1.071213092654943466e-02 3.600000000000000000e+01 5.136860800000000000e+07 2.720000000000000000e+02 3.100000000000000000e+01 6.400000000000000000e+01 8.768000000000000000e+03
-8.840469360351562500e+00 3.883021175861358643e-01 1.081109046936035156e-02 5.000000000000000000e+01 5.146603200000000000e+07 3.870000000000000000e+02 3.100000000000000000e+01 6.600000000000000000e+01 8.849000000000000000e+03
-8.935798645019531250e+00 4.474399089813232422e-01 1.093082036823034286e-02 3.600000000000000000e+01 5.156442000000000000e+07 2.760000000000000000e+02 3.100000000000000000e+01 5.400000000000000000e+01 8.947000000000000000e+03
-8.937876701354980469e+00 5.025412440299987793e-01 1.093692891299724579e-02 4.100000000000000000e+01 5.166130000000000000e+07 3.230000000000000000e+02 3.100000000000000000e+01 7.500000000000000000e+01 8.952000000000000000e+03
-9.307899475097656250e+00 5.806596875190734863e-01 1.139385625720024109e-02 4.800000000000000000e+01 5.175939200000000000e+07 4.050000000000000000e+02 3.100000000000000000e+01 5.600000000000000000e+01 9.326000000000000000e+03
-9.382976531982421875e+00 6.431633830070495605e-01 1.149037294089794159e-02 4.500000000000000000e+01 5.185644800000000000e+07 3.870000000000000000e+02 3.100000000000000000e+01 3.300000000000000000e+01 9.405000000000000000e+03
-9.433699607849121094e+00 7.048218846321105957e-01 1.155756786465644836e-02 4.900000000000000000e+01 5.195228800000000000e+07 4.330000000000000000e+02 3.100000000000000000e+01 6.500000000000000000e+01 9.460000000000000000e+03
-9.403282165527343750e+00 7.605965137481689453e-01 1.152580231428146362e-02 4.900000000000000000e+01 5.205039200000000000e+07 4.240000000000000000e+02 3.100000000000000000e+01 4.700000000000000000e+01 9.434000000000000000e+03
-9.416371345520019531e+00 8.198410272598266602e-01 1.154779456555843353e-02 9.100000000000000000e+01 5.214868000000000000e+07 8.010000000000000000e+02 3.100000000000000000e+01 4.300000000000000000e+01 9.452000000000000000e+03
-9.428090095520019531e+00 8.791818022727966309e-01 1.156856399029493332e-02 5.300000000000000000e+01 5.224528800000000000e+07 4.630000000000000000e+02 3.100000000000000000e+01 4.600000000000000000e+01 9.469000000000000000e+03
-9.424508094787597656e+00 9.372128248214721680e-01 1.157100684940814972e-02 4.200000000000000000e+01 5.234332800000000000e+07 3.720000000000000000e+02 3.100000000000000000e+01 5.900000000000000000e+01 9.471000000000000000e+03
-7.443488121032714844e+00 1.614864349365234375e+00 2.260567843914031982e-01 2.450000000000000000e+02 5.243972000000000000e+07 1.414000000000000000e+03 2.800000000000000000e+01 4.900000000000000000e+01 7.620000000000000000e+03
-9.588633537292480469e+00 1.012988090515136719e+00 1.177992299199104309e-02 3.500000000000000000e+01 5.243972000000000000e+07 3.210000000000000000e+02 3.100000000000000000e+01 5.900000000000000000e+01 9.642000000000000000e+03
-9.578262329101562500e+00 1.071359157562255859e+00 1.177503634244203568e-02 9.700000000000000000e+01 5.253700000000000000e+07 8.890000000000000000e+02 3.100000000000000000e+01 4.000000000000000000e+01 9.638000000000000000e+03
-9.611231803894042969e+00 1.134800314903259277e+00 1.182390470057725906e-02 6.000000000000000000e+01 5.263499200000000000e+07 5.570000000000000000e+02 3.100000000000000000e+01 6.000000000000000000e+01 9.678000000000000000e+03
-1.498551273345947266e+01 3.541130542755126953e+00 4.570085108280181885e-01 2.160000000000000000e+02 5.273195200000000000e+07 5.068000000000000000e+03 2.800000000000000000e+01 4.900000000000000000e+01 1.540500000000000000e+04
-9.638820648193359375e+00 1.198069453239440918e+00 1.186666544526815414e-02 4.200000000000000000e+01 5.273195200000000000e+07 3.820000000000000000e+02 3.100000000000000000e+01 5.400000000000000000e+01 9.713000000000000000e+03
-9.738379478454589844e+00 1.271168351173400879e+00 1.199861243367195129e-02 5.000000000000000000e+01 5.282974000000000000e+07 4.770000000000000000e+02 3.100000000000000000e+01 6.300000000000000000e+01 9.821000000000000000e+03
-7.450016975402832031e+00 1.573827147483825684e+00 1.541816294193267822e-01 8.200000000000000000e+01 5.292722000000000000e+07 4.700000000000000000e+02 2.900000000000000000e+01 1.030000000000000000e+02 7.616000000000000000e+03
-9.914681434631347656e+00 1.356104016304016113e+00 1.222585514187812805e-02 4.400000000000000000e+01 5.292722000000000000e+07 4.350000000000000000e+02 3.100000000000000000e+01 6.200000000000000000e+01 1.000700000000000000e+04
-7.447058677673339844e+00 1.620998501777648926e+00 1.543233394622802734e-01 3.680000000000000000e+02 5.302499200000000000e+07 2.123000000000000000e+03 2.900000000000000000e+01 7.400000000000000000e+01 7.623000000000000000e+03
-9.344885826110839844e+00 1.336630940437316895e+00 1.153313368558883667e-02 6.600000000000000000e+01 5.302499200000000000e+07 5.820000000000000000e+02 3.100000000000000000e+01 8.200000000000000000e+01 9.440000000000000000e+03
-9.703441619873046875e+00 1.448728203773498535e+00 1.198639534413814545e-02 6.800000000000000000e+01 5.312078000000000000e+07 6.410000000000000000e+02 3.100000000000000000e+01 4.700000000000000000e+01 9.811000000000000000e+03
-9.544176101684570312e+00 1.484873175621032715e+00 1.180069241672754288e-02 7.500000000000000000e+01 5.321811200000000000e+07 6.950000000000000000e+02 3.100000000000000000e+01 6.000000000000000000e+01 9.659000000000000000e+03
-1.497687244415283203e+01 3.549957752227783203e+00 3.116630911827087402e-01 1.870000000000000000e+02 5.331447200000000000e+07 4.399000000000000000e+03 2.900000000000000000e+01 4.700000000000000000e+01 1.539500000000000000e+04
-1.236342906951904297e+01 2.462533712387084961e+00 1.342180073261260986e-01 6.400000000000000000e+01 5.331447200000000000e+07 1.008000000000000000e+03 3.000000000000000000e+01 6.600000000000000000e+01 1.260700000000000000e+04
-9.525013923645019531e+00 1.541809320449829102e+00 1.178847439587116241e-02 7.200000000000000000e+01 5.331447200000000000e+07 6.650000000000000000e+02 3.100000000000000000e+01 6.500000000000000000e+01 9.649000000000000000e+03
-1.232751750946044922e+01 2.534119844436645508e+00 1.339944303035736084e-01 4.800000000000000000e+01 5.341271200000000000e+07 7.520000000000000000e+02 3.000000000000000000e+01 6.200000000000000000e+01 1.258600000000000000e+04
-9.912793159484863281e+00 1.667059540748596191e+00 1.228083204478025436e-02 9.400000000000000000e+01 5.341271200000000000e+07 9.350000000000000000e+02 3.100000000000000000e+01 4.900000000000000000e+01 1.005200000000000000e+04
-7.423626899719238281e+00 1.573582291603088379e+00 8.079482614994049072e-02 1.540000000000000000e+02 5.350860000000000000e+07 8.840000000000000000e+02 3.000000000000000000e+01 6.800000000000000000e+01 7.589000000000000000e+03
-9.946707725524902344e+00 1.735587120056152344e+00 1.233580987900495529e-02 3.900000000000000000e+01 5.350860000000000000e+07 3.820000000000000000e+02 3.100000000000000000e+01 5.600000000000000000e+01 1.009700000000000000e+04
-7.398201465606689453e+00 1.615689635276794434e+00 8.062449097633361816e-02 1.960000000000000000e+02 5.360663200000000000e+07 1.116000000000000000e+03 3.000000000000000000e+01 4.000000000000000000e+01 7.573000000000000000e+03
-9.885684967041015625e+00 1.787511825561523438e+00 1.227350160479545593e-02 4.400000000000000000e+01 5.360663200000000000e+07 4.380000000000000000e+02 3.100000000000000000e+01 6.500000000000000000e+01 1.004600000000000000e+04
-7.437903404235839844e+00 1.672240018844604492e+00 8.116745203733444214e-02 5.700000000000000000e+01 5.370436800000000000e+07 3.260000000000000000e+02 3.000000000000000000e+01 9.900000000000000000e+01 7.624000000000000000e+03
-9.995431900024414062e+00 1.870763540267944336e+00 1.242377515882253647e-02 4.500000000000000000e+01 5.370436800000000000e+07 4.520000000000000000e+02 3.100000000000000000e+01 3.800000000000000000e+01 1.016900000000000000e+04
-1.001420021057128906e+01 1.937949061393737793e+00 1.246164832264184952e-02 4.000000000000000000e+01 5.380215200000000000e+07 4.030000000000000000e+02 3.100000000000000000e+01 3.500000000000000000e+01 1.020000000000000000e+04
-1.005016994476318359e+01 2.008963346481323242e+00 1.252151280641555786e-02 4.400000000000000000e+01 5.390004000000000000e+07 4.460000000000000000e+02 3.100000000000000000e+01 5.700000000000000000e+01 1.024900000000000000e+04
-7.423692226409912109e+00 1.531377553939819336e+00 9.260714985430240631e-03 5.300000000000000000e+01 5.399855200000000000e+07 3.010000000000000000e+02 3.100000000000000000e+01 7.100000000000000000e+01 7.580000000000000000e+03
-7.418068408966064453e+00 1.577731728553771973e+00 9.265602566301822662e-03 1.870000000000000000e+02 5.409571200000000000e+07 1.068000000000000000e+03 3.100000000000000000e+01 3.800000000000000000e+01 7.584000000000000000e+03
-7.407270908355712891e+00 1.623004436492919922e+00 9.264379739761352539e-03 2.090000000000000000e+02 5.419292800000000000e+07 1.193000000000000000e+03 3.100000000000000000e+01 5.400000000000000000e+01 7.583000000000000000e+03
-7.438144207000732422e+00 1.677664995193481445e+00 9.315692819654941559e-03 8.000000000000000000e+01 5.429051200000000000e+07 4.610000000000000000e+02 3.100000000000000000e+01 7.300000000000000000e+01 7.625000000000000000e+03
-9.945824623107910156e+00 2.307490587234497070e+00 1.247386541217565536e-02 5.700000000000000000e+01 5.438687200000000000e+07 5.870000000000000000e+02 3.100000000000000000e+01 8.200000000000000000e+01 1.021000000000000000e+04
-9.883815765380859375e+00 2.357106924057006836e+00 1.241400092840194702e-02 9.900000000000000000e+01 5.448558000000000000e+07 1.016000000000000000e+03 3.100000000000000000e+01 6.700000000000000000e+01 1.016100000000000000e+04
-1.019745922088623047e+01 2.498132228851318359e+00 1.282694563269615173e-02 8.800000000000000000e+01 5.458182000000000000e+07 9.630000000000000000e+02 3.100000000000000000e+01 7.400000000000000000e+01 1.049900000000000000e+04
-1.021588230133056641e+01 2.569191932678222656e+00 1.286970637738704681e-02 8.300000000000000000e+01 5.467832800000000000e+07 9.140000000000000000e+02 3.100000000000000000e+01 7.500000000000000000e+01 1.053400000000000000e+04
-1.027254676818847656e+01 2.650565147399902344e+00 1.296133548021316528e-02 5.000000000000000000e+01 5.477707200000000000e+07 5.550000000000000000e+02 3.100000000000000000e+01 8.300000000000000000e+01 1.060900000000000000e+04
-9.485602378845214844e+00 2.509691476821899414e+00 1.198761723935604095e-02 6.500000000000000000e+01 5.487394000000000000e+07 6.180000000000000000e+02 3.100000000000000000e+01 9.700000000000000000e+01 9.812000000000000000e+03
-1.034637832641601562e+01 2.805474758148193359e+00 1.309694815427064896e-02 7.000000000000000000e+01 5.497080000000000000e+07 7.960000000000000000e+02 3.100000000000000000e+01 8.000000000000000000e+01 1.072000000000000000e+04
-1.034920310974121094e+01 2.874526023864746094e+00 1.312260422855615616e-02 3.400000000000000000e+01 5.506951200000000000e+07 3.860000000000000000e+02 3.100000000000000000e+01 6.400000000000000000e+01 1.074100000000000000e+04
-1.057568454742431641e+01 3.007450103759765625e+00 1.343292463570833206e-02 7.700000000000000000e+01 5.516647200000000000e+07 9.130000000000000000e+02 3.100000000000000000e+01 5.300000000000000000e+01 1.099500000000000000e+04
-1.033331298828125000e+01 3.007178306579589844e+00 1.314826030284166336e-02 9.300000000000000000e+01 5.526380000000000000e+07 1.069000000000000000e+03 3.100000000000000000e+01 8.300000000000000000e+01 1.076200000000000000e+04
-1.069228935241699219e+01 3.182938575744628906e+00 1.362962182611227036e-02 1.140000000000000000e+02 5.536224000000000000e+07 1.411000000000000000e+03 3.100000000000000000e+01 6.700000000000000000e+01 1.115600000000000000e+04
-1.071369457244873047e+01 3.261006355285644531e+00 1.368215680122375488e-02 9.000000000000000000e+01 5.545830000000000000e+07 1.121000000000000000e+03 3.100000000000000000e+01 7.600000000000000000e+01 1.119900000000000000e+04
-1.080711269378662109e+01 3.362032175064086914e+00 1.382754277437925339e-02 8.500000000000000000e+01 5.555506000000000000e+07 1.082000000000000000e+03 3.100000000000000000e+01 6.100000000000000000e+01 1.131800000000000000e+04
-1.060615921020507812e+01 3.371031045913696289e+00 1.359663624316453934e-02 8.100000000000000000e+01 5.565288000000000000e+07 9.930000000000000000e+02 3.100000000000000000e+01 9.700000000000000000e+01 1.112900000000000000e+04
-1.083257293701171875e+01 3.516319990158081055e+00 1.391428615897893906e-02 8.000000000000000000e+01 5.575026000000000000e+07 1.027000000000000000e+03 3.100000000000000000e+01 9.500000000000000000e+01 1.138900000000000000e+04
-1.054975414276123047e+01 3.496212244033813477e+00 1.357830967754125595e-02 7.900000000000000000e+01 5.584672000000000000e+07 9.670000000000000000e+02 3.100000000000000000e+01 8.000000000000000000e+01 1.111400000000000000e+04
-1.051673603057861328e+01 3.557033777236938477e+00 1.356364879757165909e-02 9.900000000000000000e+01 5.594234000000000000e+07 1.208000000000000000e+03 3.100000000000000000e+01 1.150000000000000000e+02 1.110200000000000000e+04
-1.077830219268798828e+01 3.719357013702392578e+00 1.393016800284385681e-02 1.200000000000000000e+02 5.604039200000000000e+07 1.551000000000000000e+03 3.100000000000000000e+01 8.300000000000000000e+01 1.140200000000000000e+04
-1.074490261077880859e+01 3.781769514083862305e+00 1.391672901809215546e-02 9.500000000000000000e+01 5.613791200000000000e+07 1.224000000000000000e+03 3.100000000000000000e+01 7.300000000000000000e+01 1.139100000000000000e+04
-1.093797683715820312e+01 3.925316572189331055e+00 1.419772673398256302e-02 7.700000000000000000e+01 5.623472000000000000e+07 1.029000000000000000e+03 3.100000000000000000e+01 9.000000000000000000e+01 1.162100000000000000e+04
-1.064697170257568359e+01 3.894789934158325195e+00 1.385075598955154419e-02 1.020000000000000000e+02 5.633246000000000000e+07 1.300000000000000000e+03 3.100000000000000000e+01 9.900000000000000000e+01 1.133700000000000000e+04
-1.098081111907958984e+01 4.093478679656982422e+00 1.431745663285255432e-02 1.020000000000000000e+02 5.643090000000000000e+07 1.391000000000000000e+03 3.100000000000000000e+01 8.500000000000000000e+01 1.171900000000000000e+04
-1.133690547943115234e+01 4.305637359619140625e+00 1.481592282652854919e-02 6.100000000000000000e+01 5.652803200000000000e+07 8.830000000000000000e+02 3.100000000000000000e+01 1.130000000000000000e+02 1.212700000000000000e+04
-9.710774421691894531e+00 3.756388902664184570e+00 1.272065564990043640e-02 7.000000000000000000e+01 5.662504000000000000e+07 7.470000000000000000e+02 3.100000000000000000e+01 1.230000000000000000e+02 1.041200000000000000e+04
-1.087196826934814453e+01 4.282445430755615234e+00 1.427591778337955475e-02 7.200000000000000000e+01 5.672240800000000000e+07 9.700000000000000000e+02 3.100000000000000000e+01 1.140000000000000000e+02 1.168500000000000000e+04
-1.113414287567138672e+01 4.464825630187988281e+00 1.465587504208087921e-02 1.440000000000000000e+02 5.681939200000000000e+07 2.058000000000000000e+03 3.100000000000000000e+01 1.130000000000000000e+02 1.199600000000000000e+04
-1.114357185363769531e+01 4.548174858093261719e+00 1.470474433153867722e-02 5.800000000000000000e+01 5.691716800000000000e+07 8.270000000000000000e+02 3.100000000000000000e+01 1.070000000000000000e+02 1.203600000000000000e+04
-1.092705821990966797e+01 4.538219928741455078e+00 1.445551216602325439e-02 1.090000000000000000e+02 5.701434000000000000e+07 1.517000000000000000e+03 3.100000000000000000e+01 7.700000000000000000e+01 1.183200000000000000e+04
-1.122693443298339844e+01 4.743741512298583984e+00 1.489044819027185440e-02 1.010000000000000000e+02 5.711272800000000000e+07 1.487000000000000000e+03 3.100000000000000000e+01 1.050000000000000000e+02 1.218800000000000000e+04
-1.120312786102294922e+01 4.814908504486083984e+00 1.489777769893407822e-02 1.080000000000000000e+02 5.721016000000000000e+07 1.597000000000000000e+03 3.100000000000000000e+01 7.100000000000000000e+01 1.219400000000000000e+04
-1.119994640350341797e+01 4.895173072814941406e+00 1.493320893496274948e-02 1.130000000000000000e+02 5.730687200000000000e+07 1.677000000000000000e+03 3.100000000000000000e+01 8.800000000000000000e+01 1.222300000000000000e+04
-1.130311775207519531e+01 5.023093700408935547e+00 1.511158142238855362e-02 1.230000000000000000e+02 5.740368000000000000e+07 1.868000000000000000e+03 3.100000000000000000e+01 1.070000000000000000e+02 1.236900000000000000e+04
-1.162749767303466797e+01 5.252918243408203125e+00 1.558805629611015320e-02 9.200000000000000000e+01 5.750110000000000000e+07 1.486000000000000000e+03 3.100000000000000000e+01 8.600000000000000000e+01 1.275900000000000000e+04
-1.155506134033203125e+01 5.305803298950195312e+00 1.553429942578077316e-02 1.220000000000000000e+02 5.759966000000000000e+07 1.955000000000000000e+03 3.100000000000000000e+01 1.230000000000000000e+02 1.271500000000000000e+04
-1.155762958526611328e+01 5.393095493316650391e+00 1.558194775134325027e-02 8.600000000000000000e+01 5.769694000000000000e+07 1.384000000000000000e+03 3.100000000000000000e+01 1.060000000000000000e+02 1.275400000000000000e+04
-1.136890411376953125e+01 5.390224456787109375e+00 1.537180971354246140e-02 8.600000000000000000e+01 5.779476000000000000e+07 1.343000000000000000e+03 3.100000000000000000e+01 1.310000000000000000e+02 1.258200000000000000e+04
-1.193203830718994141e+01 5.747151851654052734e+00 1.618059538304805756e-02 7.000000000000000000e+01 5.789280000000000000e+07 1.212000000000000000e+03 3.100000000000000000e+01 1.030000000000000000e+02 1.324400000000000000e+04
-1.154173755645751953e+01 5.646669387817382812e+00 1.569801196455955505e-02 1.290000000000000000e+02 5.799084800000000000e+07 2.114000000000000000e+03 3.100000000000000000e+01 1.080000000000000000e+02 1.284900000000000000e+04
-1.155881404876708984e+01 5.743189334869384766e+00 1.576887257397174835e-02 1.530000000000000000e+02 5.808827200000000000e+07 2.536000000000000000e+03 3.100000000000000000e+01 8.800000000000000000e+01 1.290700000000000000e+04
-1.081715297698974609e+01 5.457695960998535156e+00 1.480248291045427322e-02 8.900000000000000000e+01 5.818555200000000000e+07 1.285000000000000000e+03 3.100000000000000000e+01 1.700000000000000000e+02 1.211600000000000000e+04
-1.153018760681152344e+01 5.906486034393310547e+00 1.582751609385013580e-02 1.100000000000000000e+02 5.828240800000000000e+07 1.831000000000000000e+03 3.100000000000000000e+01 1.020000000000000000e+02 1.295500000000000000e+04
-1.109005069732666016e+01 5.767196655273437500e+00 1.527162827551364899e-02 2.420000000000000000e+02 5.837968000000000000e+07 3.749000000000000000e+03 3.100000000000000000e+01 1.180000000000000000e+02 1.250000000000000000e+04
-1.173364067077636719e+01 6.193645954132080078e+00 1.620991714298725128e-02 1.300000000000000000e+02 5.847716000000000000e+07 2.263000000000000000e+03 3.100000000000000000e+01 1.670000000000000000e+02 1.326800000000000000e+04
-1.219433116912841797e+01 6.532806873321533203e+00 1.690141670405864716e-02 1.010000000000000000e+02 5.857382000000000000e+07 1.906000000000000000e+03 3.100000000000000000e+01 1.640000000000000000e+02 1.383400000000000000e+04
-1.219970226287841797e+01 6.632343769073486328e+00 1.696494594216346741e-02 1.230000000000000000e+02 5.867134000000000000e+07 2.353000000000000000e+03 3.100000000000000000e+01 1.130000000000000000e+02 1.388600000000000000e+04
-1.217891693115234375e+01 6.718183994293212891e+00 1.699304580688476562e-02 1.160000000000000000e+02 5.876924000000000000e+07 2.222000000000000000e+03 3.100000000000000000e+01 1.300000000000000000e+02 1.390900000000000000e+04
-1.179801082611083984e+01 6.602808475494384766e+00 1.651779189705848694e-02 1.800000000000000000e+02 5.886656000000000000e+07 3.252000000000000000e+03 3.100000000000000000e+01 1.270000000000000000e+02 1.352000000000000000e+04
-1.227817726135253906e+01 6.970812797546386719e+00 1.724960841238498688e-02 1.190000000000000000e+02 5.896347200000000000e+07 2.351000000000000000e+03 3.100000000000000000e+01 1.220000000000000000e+02 1.411900000000000000e+04
-1.215285015106201172e+01 6.998610496520996094e+00 1.713354513049125671e-02 1.100000000000000000e+02 5.906166000000000000e+07 2.152000000000000000e+03 3.100000000000000000e+01 1.810000000000000000e+02 1.402400000000000000e+04
-1.118746376037597656e+01 6.534397602081298828e+00 1.582873612642288208e-02 1.350000000000000000e+02 5.915970000000000000e+07 2.243000000000000000e+03 3.100000000000000000e+01 1.550000000000000000e+02 1.295600000000000000e+04
-1.277242755889892578e+01 7.565632820129394531e+00 1.813658513128757477e-02 9.600000000000000000e+01 5.925656000000000000e+07 2.095000000000000000e+03 3.100000000000000000e+01 1.090000000000000000e+02 1.484500000000000000e+04
-1.288521289825439453e+01 7.739634513854980469e+00 1.836382783949375153e-02 5.500000000000000000e+01 5.935408800000000000e+07 1.219000000000000000e+03 3.100000000000000000e+01 1.190000000000000000e+02 1.503100000000000000e+04
-1.241898727416992188e+01 7.563671588897705078e+00 1.776517927646636963e-02 9.100000000000000000e+01 5.945140800000000000e+07 1.897000000000000000e+03 3.100000000000000000e+01 1.480000000000000000e+02 1.454100000000000000e+04
-1.235958099365234375e+01 7.631850242614746094e+00 1.774685457348823547e-02 8.600000000000000000e+01 5.954936000000000000e+07 1.785000000000000000e+03 3.100000000000000000e+01 1.600000000000000000e+02 1.452600000000000000e+04
-8.171065330505371094e+00 6.211382865905761719e+00 2.078294008970260620e-01 9.800000000000000000e+01 5.993752800000000000e+07 1.021000000000000000e+03 2.900000000000000000e+01 1.290000000000000000e+02 1.026600000000000000e+04
-8.086058616638183594e+00 6.225417613983154297e+00 2.066349685192108154e-01 6.400000000000000000e+01 6.003520000000000000e+07 6.540000000000000000e+02 2.900000000000000000e+01 1.400000000000000000e+02 1.020700000000000000e+04
-8.129019737243652344e+00 6.188240528106689453e+00 1.087733283638954163e-01 1.710000000000000000e+02 6.052212800000000000e+07 1.760000000000000000e+03 3.000000000000000000e+01 4.200000000000000000e+01 1.021700000000000000e+04
-8.120987892150878906e+00 6.261202812194824219e+00 1.091778799891471863e-01 1.110000000000000000e+02 6.062108800000000000e+07 1.157000000000000000e+03 3.000000000000000000e+01 1.080000000000000000e+02 1.025500000000000000e+04
-8.139533996582031250e+00 6.205084323883056641e+00 1.250440906733274460e-02 2.470000000000000000e+02 6.110672800000000000e+07 2.571000000000000000e+03 3.100000000000000000e+01 7.200000000000000000e+01 1.023500000000000000e+04
-8.089433670043945312e+00 6.245743274688720703e+00 1.248608250170946121e-02 1.640000000000000000e+02 6.120416000000000000e+07 1.706000000000000000e+03 3.100000000000000000e+01 8.000000000000000000e+01 1.022000000000000000e+04
-2.656502008438110352e+00 4.964818954467773438e+00 1.140166744589805603e-01 1.570000000000000000e+02 6.676450000000000000e+07 4.960000000000000000e+02 2.900000000000000000e+01 7.700000000000000000e+01 5.632000000000000000e+03
-2.630650997161865234e+00 4.989869117736816406e+00 1.142191141843795776e-01 3.800000000000000000e+02 6.686224000000000000e+07 1.204000000000000000e+03 2.900000000000000000e+01 9.800000000000000000e+01 5.642000000000000000e+03
-2.604790449142456055e+00 4.949058055877685547e+00 5.954480171203613281e-02 1.300000000000000000e+01 6.744724000000000000e+07 3.700000000000000000e+01 3.000000000000000000e+01 2.600000000000000000e+01 5.593000000000000000e+03
-2.636570215225219727e+00 4.943891048431396484e+00 6.845354568213224411e-03 5.100000000000000000e+01 6.793688800000000000e+07 1.560000000000000000e+02 3.100000000000000000e+01 3.600000000000000000e+01 5.603000000000000000e+03
-2.603859663009643555e+00 4.955549716949462891e+00 6.839245557785034180e-03 1.500000000000000000e+01 6.803422400000000000e+07 4.300000000000000000e+01 3.100000000000000000e+01 3.100000000000000000e+01 5.598000000000000000e+03
-3.480080604553222656e+00 7.988381862640380859e+00 9.277193248271942139e-02 1.890000000000000000e+02 6.861974400000000000e+07 1.422000000000000000e+03 3.000000000000000000e+01 8.600000000000000000e+01 8.714000000000000000e+03
-6.933082938194274902e-01 2.827971935272216797e+00 8.641777187585830688e-02 1.280000000000000000e+02 7.017686400000000000e+07 1.080000000000000000e+02 2.800000000000000000e+01 7.900000000000000000e+01 2.913000000000000000e+03
-6.750149726867675781e-01 2.828283786773681641e+00 8.629910647869110107e-02 3.110000000000000000e+02 7.027582400000000000e+07 2.620000000000000000e+02 2.800000000000000000e+01 8.400000000000000000e+01 2.909000000000000000e+03
-6.565178632736206055e-01 2.827503919601440430e+00 8.615077286958694458e-02 3.040000000000000000e+02 7.037480000000000000e+07 2.560000000000000000e+02 2.800000000000000000e+01 7.500000000000000000e+01 2.904000000000000000e+03
-6.343141794204711914e-01 2.810028553009033203e+00 8.549812436103820801e-02 1.380000000000000000e+02 7.047324000000000000e+07 1.130000000000000000e+02 2.800000000000000000e+01 5.000000000000000000e+01 2.882000000000000000e+03
-7.083867788314819336e-01 2.822877645492553711e+00 5.893155932426452637e-02 2.100000000000000000e+01 7.066956800000000000e+07 1.700000000000000000e+01 2.900000000000000000e+01 8.300000000000000000e+01 2.911000000000000000e+03
-6.972247958183288574e-01 2.852421998977661133e+00 5.945790931582450867e-02 1.910000000000000000e+02 7.076664800000000000e+07 1.640000000000000000e+02 2.900000000000000000e+01 6.000000000000000000e+01 2.937000000000000000e+03
-6.746181249618530273e-01 2.835248470306396484e+00 5.901253595948219299e-02 2.440000000000000000e+02 7.086571200000000000e+07 2.070000000000000000e+02 2.900000000000000000e+01 8.300000000000000000e+01 2.915000000000000000e+03
-6.558558940887451172e-01 2.833490133285522461e+00 5.889106914401054382e-02 2.280000000000000000e+02 7.096404800000000000e+07 1.910000000000000000e+02 2.900000000000000000e+01 9.000000000000000000e+01 2.909000000000000000e+03
-6.318733096122741699e-01 2.808198928833007812e+00 5.828373506665229797e-02 1.320000000000000000e+02 7.106276000000000000e+07 1.080000000000000000e+02 2.900000000000000000e+01 3.900000000000000000e+01 2.879000000000000000e+03
-6.559211611747741699e-01 2.765107154846191406e+00 3.025680780410766602e-02 1.000000000000000000e+01 7.145348800000000000e+07 7.000000000000000000e+00 3.000000000000000000e+01 1.600000000000000000e+01 2.842000000000000000e+03
-6.362445950508117676e-01 2.757387638092041016e+00 3.012905083596706390e-02 1.000000000000000000e+01 7.155168800000000000e+07 7.000000000000000000e+00 3.000000000000000000e+01 2.100000000000000000e+01 2.830000000000000000e+03
-6.949675083160400391e-01 2.785614728927612305e+00 3.507587360218167305e-03 3.700000000000000000e+01 7.184451200000000000e+07 2.900000000000000000e+01 3.100000000000000000e+01 2.900000000000000000e+01 2.871000000000000000e+03
-6.875734925270080566e-01 2.825495481491088867e+00 1.091709062457084656e-01 5.400000000000000000e+01 7.194134400000000000e+07 4.500000000000000000e+01 2.700000000000000000e+01 7.800000000000000000e+01 2.910000000000000000e+03
-6.745997071266174316e-01 2.848136663436889648e+00 1.098837032914161682e-01 2.200000000000000000e+02 7.203963200000000000e+07 1.880000000000000000e+02 2.700000000000000000e+01 7.300000000000000000e+01 2.929000000000000000e+03
-6.489942669868469238e-01 2.744302272796630859e+00 3.445279318839311600e-03 2.000000000000000000e+01 7.203963200000000000e+07 1.500000000000000000e+01 3.100000000000000000e+01 1.500000000000000000e+01 2.820000000000000000e+03
-6.490346789360046387e-01 2.817166090011596680e+00 1.085331365466117859e-01 1.750000000000000000e+02 7.213664000000000000e+07 1.450000000000000000e+02 2.700000000000000000e+01 5.800000000000000000e+01 2.893000000000000000e+03
-6.312999129295349121e-01 2.819144964218139648e+00 1.084581017494201660e-01 2.800000000000000000e+01 7.223263200000000000e+07 2.200000000000000000e+01 2.700000000000000000e+01 2.900000000000000000e+01 2.891000000000000000e+03
-9.061598777770996094e-02 6.969901323318481445e-01 1.423183921724557877e-02 5.000000000000000000e+01 7.252356800000000000e+07 2.000000000000000000e+00 2.900000000000000000e+01 1.300000000000000000e+01 7.030000000000000000e+02
-8.682888001203536987e-02 7.015019059181213379e-01 1.431281678378582001e-02 6.200000000000000000e+01 7.262080000000000000e+07 3.000000000000000000e+00 2.900000000000000000e+01 1.500000000000000000e+01 7.070000000000000000e+02
-3.025992959737777710e-02 7.083138227462768555e-01 7.548232562839984894e-03 1.360000000000000000e+02 7.446764800000000000e+07 7.000000000000000000e+00 3.000000000000000000e+01 1.800000000000000000e+01 7.090000000000000000e+02
-5.731268902309238911e-04 7.348306179046630859e-01 4.146939143538475037e-02 2.080000000000000000e+02 7.456671200000000000e+07 1.000000000000000000e+01 2.500000000000000000e+01 8.000000000000000000e+00 7.360000000000000000e+02
-2.202180400490760803e-02 7.236239910125732422e-01 7.707926910370588303e-03 1.340000000000000000e+02 7.466470400000000000e+07 5.000000000000000000e+00 3.000000000000000000e+01 1.000000000000000000e+01 7.240000000000000000e+02
-6.315235048532485962e-03 7.138384580612182617e-01 1.663846075534820557e-01 9.400000000000000000e+01 7.505793600000000000e+07 4.000000000000000000e+00 6.000000000000000000e+00 1.000000000000000000e+02 7.330000000000000000e+02
