-3.518046438694000244e-02 -7.328330278396606445e-01 2.177502401173114777e-02 8.800000000000000000e+01 2.489665000000000000e+07 3.000000000000000000e+00 2.800000000000000000e+01 1.000000000000000000e+01 7.340000000000000000e+02
-4.399026557803153992e-02 -7.293528318405151367e-01 2.168602496385574341e-02 1.190000000000000000e+02 2.509402000000000000e+07 4.000000000000000000e+00 2.800000000000000000e+01 1.700000000000000000e+01 7.310000000000000000e+02
-2.062307670712471008e-02 -6.976870298385620117e-01 6.487360596656799316e-02 1.440000000000000000e+02 2.519204000000000000e+07 5.000000000000000000e+00 2.100000000000000000e+01 2.400000000000000000e+01 7.010000000000000000e+02
-2.571503631770610809e-02 -7.100651264190673828e-01 5.929028242826461792e-02 9.500000000000000000e+01 2.588089000000000000e+07 5.000000000000000000e+00 2.200000000000000000e+01 1.000000000000000000e+01 7.130000000000000000e+02
-8.960818871855735779e-03 -7.259616851806640625e-01 5.369755998253822327e-02 1.820000000000000000e+02 2.607732000000000000e+07 1.000000000000000000e+01 2.300000000000000000e+01 8.000000000000000000e+00 7.280000000000000000e+02
-7.879114896059036255e-02 -6.773477792739868164e-01 3.848314285278320312e-02 7.400000000000000000e+01 2.657003000000000000e+07 3.000000000000000000e+00 2.500000000000000000e+01 1.600000000000000000e+01 6.830000000000000000e+02
-9.308839589357376099e-02 -7.208654880523681641e-01 1.471770647913217545e-02 2.370000000000000000e+02 2.676582000000000000e+07 1.200000000000000000e+01 2.900000000000000000e+01 2.000000000000000000e+01 7.270000000000000000e+02
-1.081182956695556641e-01 -6.753116846084594727e-01 3.859583660960197449e-02 8.400000000000000000e+01 2.725643000000000000e+07 4.000000000000000000e+00 2.500000000000000000e+01 1.900000000000000000e+01 6.850000000000000000e+02
-1.259963810443878174e-01 -7.220894694328308105e-01 8.955282391980290413e-04 1.230000000000000000e+02 2.862095000000000000e+07 7.000000000000000000e+00 3.100000000000000000e+01 1.600000000000000000e+01 7.330000000000000000e+02
-8.203946113586425781e+00 -7.700818538665771484e+00 1.374690886586904526e-02 9.900000000000000000e+01 3.891226000000000000e+07 1.236000000000000000e+03 3.100000000000000000e+01 1.570000000000000000e+02 1.125200000000000000e+04
-9.132540702819824219e+00 -7.862766742706298828e+00 1.472307089716196060e-02 9.100000000000000000e+01 3.959724800000000000e+07 1.307000000000000000e+03 3.100000000000000000e+01 1.130000000000000000e+02 1.205100000000000000e+04
-9.093005180358886719e+00 -7.732086181640625000e+00 1.458257250487804413e-02 1.400000000000000000e+02 3.969366000000000000e+07 1.979000000000000000e+03 3.100000000000000000e+01 1.220000000000000000e+02 1.193600000000000000e+04
-9.453478813171386719e+00 -7.939177989959716797e+00 1.508225966244935989e-02 6.400000000000000000e+01 3.979204800000000000e+07 9.620000000000000000e+02 3.100000000000000000e+01 1.010000000000000000e+02 1.234500000000000000e+04
-9.715744972229003906e+00 -7.958176136016845703e+00 1.534371078014373779e-02 8.600000000000000000e+01 3.998952000000000000e+07 1.342000000000000000e+03 3.100000000000000000e+01 1.060000000000000000e+02 1.255900000000000000e+04
-9.008680343627929688e+00 -7.287116527557373047e+00 1.415618881583213806e-02 5.000000000000000000e+01 4.008832800000000000e+07 6.550000000000000000e+02 3.100000000000000000e+01 1.370000000000000000e+02 1.158700000000000000e+04
-9.607965469360351562e+00 -7.674829483032226562e+00 1.502361707389354706e-02 5.200000000000000000e+01 4.018632000000000000e+07 7.690000000000000000e+02 3.100000000000000000e+01 1.320000000000000000e+02 1.229700000000000000e+04
-8.900355339050292969e+00 -7.020568847656250000e+00 1.384953409433364868e-02 1.030000000000000000e+02 4.028318000000000000e+07 1.311000000000000000e+03 3.100000000000000000e+01 1.100000000000000000e+02 1.133600000000000000e+04
-8.951618194580078125e+00 -6.797495841979980469e+00 1.373224798589944839e-02 4.900000000000000000e+01 4.057746000000000000e+07 6.080000000000000000e+02 3.100000000000000000e+01 1.040000000000000000e+02 1.124000000000000000e+04
-9.838067054748535156e+00 -7.375895500183105469e+00 1.502239517867565155e-02 8.000000000000000000e+01 4.067544800000000000e+07 1.199000000000000000e+03 3.100000000000000000e+01 8.200000000000000000e+01 1.229600000000000000e+04
-9.591371536254882812e+00 -7.099427700042724609e+00 1.457890681922435760e-02 7.300000000000000000e+01 4.077278000000000000e+07 1.024000000000000000e+03 3.100000000000000000e+01 1.260000000000000000e+02 1.193300000000000000e+04
-9.055844306945800781e+00 -6.617414474487304688e+00 1.370292622596025467e-02 8.900000000000000000e+01 4.087194000000000000e+07 1.110000000000000000e+03 3.100000000000000000e+01 9.100000000000000000e+01 1.121600000000000000e+04
-9.643708229064941406e+00 -6.956621170043945312e+00 1.452759467065334320e-02 8.000000000000000000e+01 4.097003200000000000e+07 1.115000000000000000e+03 3.100000000000000000e+01 1.290000000000000000e+02 1.189100000000000000e+04
-9.913480758666992188e+00 -7.059150218963623047e+00 1.486845780164003372e-02 2.900000000000000000e+01 4.106744800000000000e+07 4.200000000000000000e+02 3.100000000000000000e+01 7.300000000000000000e+01 1.217000000000000000e+04
-1.026422405242919922e+01 -7.214402675628662109e+00 1.532782707363367081e-02 3.300000000000000000e+01 4.116575200000000000e+07 5.060000000000000000e+02 3.100000000000000000e+01 9.600000000000000000e+01 1.254600000000000000e+04
-1.031487083435058594e+01 -7.155847072601318359e+00 1.533760130405426025e-02 1.380000000000000000e+02 4.126384000000000000e+07 2.165000000000000000e+03 3.100000000000000000e+01 7.400000000000000000e+01 1.255400000000000000e+04
-9.551613807678222656e+00 -6.539896965026855469e+00 1.414274889975786209e-02 7.800000000000000000e+01 4.136136000000000000e+07 1.033000000000000000e+03 3.100000000000000000e+01 1.030000000000000000e+02 1.157600000000000000e+04
-9.847591400146484375e+00 -6.654169082641601562e+00 1.452026329934597015e-02 7.400000000000000000e+01 4.145996800000000000e+07 1.029000000000000000e+03 3.100000000000000000e+01 1.320000000000000000e+02 1.188500000000000000e+04
-1.002218627929687500e+01 -6.682940483093261719e+00 1.471696235239505768e-02 5.300000000000000000e+01 4.155832000000000000e+07 7.590000000000000000e+02 3.100000000000000000e+01 8.200000000000000000e+01 1.204600000000000000e+04
-9.591012954711914062e+00 -6.310756683349609375e+00 1.402668561786413193e-02 5.500000000000000000e+01 4.165716800000000000e+07 7.140000000000000000e+02 3.100000000000000000e+01 9.500000000000000000e+01 1.148100000000000000e+04
-1.024518775939941406e+01 -6.651475906372070312e+00 1.492343470454216003e-02 6.700000000000000000e+01 4.175392800000000000e+07 9.870000000000000000e+02 3.100000000000000000e+01 1.020000000000000000e+02 1.221500000000000000e+04
-1.033043766021728516e+01 -6.617074489593505859e+00 1.498818676918745041e-02 4.000000000000000000e+01 4.185148000000000000e+07 5.860000000000000000e+02 3.100000000000000000e+01 1.190000000000000000e+02 1.226800000000000000e+04
-9.799383163452148438e+00 -6.192444801330566406e+00 1.416229736059904099e-02 3.400000000000000000e+01 4.194812800000000000e+07 4.460000000000000000e+02 3.100000000000000000e+01 9.600000000000000000e+01 1.159200000000000000e+04
-1.024622917175292969e+01 -6.387179374694824219e+00 1.475117076188325882e-02 3.800000000000000000e+01 4.204628000000000000e+07 5.430000000000000000e+02 3.100000000000000000e+01 8.400000000000000000e+01 1.207400000000000000e+04
-9.871228218078613281e+00 -6.069629192352294922e+00 1.415740977972745895e-02 6.700000000000000000e+01 4.214539200000000000e+07 8.880000000000000000e+02 3.100000000000000000e+01 1.040000000000000000e+02 1.158800000000000000e+04
-1.059488868713378906e+01 -6.425341606140136719e+00 1.513845939189195633e-02 5.800000000000000000e+01 4.224251200000000000e+07 8.780000000000000000e+02 3.100000000000000000e+01 9.500000000000000000e+01 1.239100000000000000e+04
-1.062467288970947266e+01 -6.354565143585205078e+00 1.512501947581768036e-02 5.200000000000000000e+01 4.234100000000000000e+07 7.860000000000000000e+02 3.100000000000000000e+01 8.100000000000000000e+01 1.238000000000000000e+04
-9.567831993103027344e+00 -5.643055915832519531e+00 1.357097923755645752e-02 2.210000000000000000e+02 4.243904800000000000e+07 2.716000000000000000e+03 3.100000000000000000e+01 1.030000000000000000e+02 1.110800000000000000e+04
-9.884951591491699219e+00 -5.748632907867431641e+00 1.397048495709896088e-02 5.600000000000000000e+01 4.253627200000000000e+07 7.200000000000000000e+02 3.100000000000000000e+01 1.080000000000000000e+02 1.143500000000000000e+04
-1.017335224151611328e+01 -5.833115100860595703e+00 1.432722993195056915e-02 5.300000000000000000e+01 4.263404800000000000e+07 7.190000000000000000e+02 3.100000000000000000e+01 8.100000000000000000e+01 1.172700000000000000e+04
-1.032299518585205078e+01 -5.835044860839843750e+00 1.448727771639823914e-02 5.500000000000000000e+01 4.273162000000000000e+07 7.630000000000000000e+02 3.100000000000000000e+01 8.600000000000000000e+01 1.185800000000000000e+04
-1.034025955200195312e+01 -5.761373043060302734e+00 1.446162071079015732e-02 3.900000000000000000e+01 4.282920800000000000e+07 5.360000000000000000e+02 3.100000000000000000e+01 8.300000000000000000e+01 1.183700000000000000e+04
-1.006775569915771484e+01 -5.528861999511718750e+00 1.403279416263103485e-02 7.200000000000000000e+01 4.292622000000000000e+07 9.420000000000000000e+02 3.100000000000000000e+01 6.700000000000000000e+01 1.148600000000000000e+04
-1.013666915893554688e+01 -5.486021995544433594e+00 1.408166345208883286e-02 2.600000000000000000e+01 4.302407200000000000e+07 3.370000000000000000e+02 3.100000000000000000e+01 7.600000000000000000e+01 1.152600000000000000e+04
-9.801311492919921875e+00 -5.227025508880615234e+00 1.357097923755645752e-02 5.500000000000000000e+01 4.312082000000000000e+07 6.700000000000000000e+02 3.100000000000000000e+01 8.400000000000000000e+01 1.110800000000000000e+04
-1.013683414459228516e+01 -5.326330661773681641e+00 1.399003248661756516e-02 3.800000000000000000e+01 4.321887200000000000e+07 4.890000000000000000e+02 3.100000000000000000e+01 7.900000000000000000e+01 1.145100000000000000e+04
-1.010893630981445312e+01 -5.232772350311279297e+00 1.390695478767156601e-02 9.000000000000000000e+01 4.331674000000000000e+07 1.154000000000000000e+03 3.100000000000000000e+01 1.090000000000000000e+02 1.138300000000000000e+04
-1.028606700897216797e+01 -5.244688034057617188e+00 1.410609669983386993e-02 4.500000000000000000e+01 4.341535200000000000e+07 5.910000000000000000e+02 3.100000000000000000e+01 7.600000000000000000e+01 1.154600000000000000e+04
-1.023136997222900391e+01 -5.137944698333740234e+00 1.398758962750434875e-02 5.400000000000000000e+01 4.351240800000000000e+07 6.980000000000000000e+02 3.100000000000000000e+01 8.400000000000000000e+01 1.144900000000000000e+04
-1.021788406372070312e+01 -5.052905559539794922e+00 1.392650231719017029e-02 3.100000000000000000e+01 4.361072000000000000e+07 3.920000000000000000e+02 3.100000000000000000e+01 9.600000000000000000e+01 1.139900000000000000e+04
-9.544710159301757812e+00 -4.647342681884765625e+00 1.296988781541585922e-02 7.500000000000000000e+01 4.370896000000000000e+07 8.360000000000000000e+02 3.100000000000000000e+01 9.100000000000000000e+01 1.061600000000000000e+04
-1.045496463775634766e+01 -5.011423587799072266e+00 1.416474021971225739e-02 3.300000000000000000e+01 4.380720000000000000e+07 4.340000000000000000e+02 3.100000000000000000e+01 7.900000000000000000e+01 1.159400000000000000e+04
-1.023590564727783203e+01 -4.829409122467041016e+00 1.382754277437925339e-02 3.400000000000000000e+01 4.390406000000000000e+07 4.280000000000000000e+02 3.100000000000000000e+01 7.100000000000000000e+01 1.131800000000000000e+04
-1.026715946197509766e+01 -4.767354011535644531e+00 1.382998656481504440e-02 2.500000000000000000e+01 4.400211200000000000e+07 3.140000000000000000e+02 3.100000000000000000e+01 5.800000000000000000e+01 1.132000000000000000e+04
-1.021526718139648438e+01 -4.667280673980712891e+00 1.372125279158353806e-02 3.300000000000000000e+01 4.409972800000000000e+07 4.070000000000000000e+02 3.100000000000000000e+01 8.300000000000000000e+01 1.123100000000000000e+04
-1.034951496124267578e+01 -4.652070522308349609e+00 1.386297214776277542e-02 2.300000000000000000e+01 4.419896000000000000e+07 2.890000000000000000e+02 3.100000000000000000e+01 6.200000000000000000e+01 1.134700000000000000e+04
-1.023061656951904297e+01 -4.523375034332275391e+00 1.366627495735883713e-02 4.700000000000000000e+01 4.429562000000000000e+07 5.710000000000000000e+02 3.100000000000000000e+01 4.600000000000000000e+01 1.118600000000000000e+04
-1.019398403167724609e+01 -4.432602405548095703e+00 1.358075253665447235e-02 4.400000000000000000e+01 4.439294000000000000e+07 5.360000000000000000e+02 3.100000000000000000e+01 7.400000000000000000e+01 1.111600000000000000e+04
-1.021363449096679688e+01 -4.366825103759765625e+00 1.357097923755645752e-02 4.100000000000000000e+01 4.449088000000000000e+07 4.980000000000000000e+02 3.100000000000000000e+01 7.100000000000000000e+01 1.110800000000000000e+04
-1.019598579406738281e+01 -4.285474300384521484e+00 1.351233664900064468e-02 3.600000000000000000e+01 4.458840800000000000e+07 4.330000000000000000e+02 3.100000000000000000e+01 7.200000000000000000e+01 1.106000000000000000e+04
-1.021377182006835938e+01 -4.219396114349365234e+00 1.350134052336215973e-02 3.200000000000000000e+01 4.468628000000000000e+07 3.840000000000000000e+02 3.100000000000000000e+01 6.600000000000000000e+01 1.105100000000000000e+04
-1.013198757171630859e+01 -4.113014698028564453e+00 1.335962023586034775e-02 5.600000000000000000e+01 4.478311200000000000e+07 6.620000000000000000e+02 3.100000000000000000e+01 7.600000000000000000e+01 1.093500000000000000e+04
-1.006321907043457031e+01 -4.013354301452636719e+00 1.323622558265924454e-02 4.400000000000000000e+01 4.488094000000000000e+07 5.080000000000000000e+02 3.100000000000000000e+01 7.900000000000000000e+01 1.083400000000000000e+04
-1.020218181610107422e+01 -3.996394157409667969e+00 1.338649820536375046e-02 4.500000000000000000e+01 4.497964000000000000e+07 5.320000000000000000e+02 3.100000000000000000e+01 8.200000000000000000e+01 1.095700000000000000e+04
-1.005664539337158203e+01 -3.868378877639770508e+00 1.316414307802915573e-02 8.500000000000000000e+01 4.507615200000000000e+07 9.790000000000000000e+02 3.100000000000000000e+01 8.100000000000000000e+01 1.077500000000000000e+04
-1.003248023986816406e+01 -3.788582563400268555e+00 1.310183573514223099e-02 4.000000000000000000e+01 4.517340800000000000e+07 4.530000000000000000e+02 3.100000000000000000e+01 6.800000000000000000e+01 1.072400000000000000e+04
-9.838935852050781250e+00 -3.646672487258911133e+00 1.281961519271135330e-02 9.400000000000000000e+01 4.527234000000000000e+07 1.027000000000000000e+03 3.100000000000000000e+01 8.100000000000000000e+01 1.049300000000000000e+04
-9.866765975952148438e+00 -3.588284015655517578e+00 1.282694563269615173e-02 5.300000000000000000e+01 4.536898000000000000e+07 5.760000000000000000e+02 3.100000000000000000e+01 8.100000000000000000e+01 1.049900000000000000e+04
-9.936632156372070312e+00 -3.544811010360717773e+00 1.288925390690565109e-02 5.700000000000000000e+01 4.546672000000000000e+07 6.280000000000000000e+02 3.100000000000000000e+01 7.000000000000000000e+01 1.055000000000000000e+04
-9.997839927673339844e+00 -3.497643709182739258e+00 1.294056698679924011e-02 5.800000000000000000e+01 4.556430000000000000e+07 6.440000000000000000e+02 3.100000000000000000e+01 7.300000000000000000e+01 1.059200000000000000e+04
-2.568221807479858398e+00 -5.797305703163146973e-01 7.814089208841323853e-02 1.000000000000000000e+01 4.566331200000000000e+07 6.000000000000000000e+00 2.800000000000000000e+01 3.000000000000000000e+01 2.634000000000000000e+03
-9.681421279907226562e+00 -3.320415019989013672e+00 1.250440906733274460e-02 8.800000000000000000e+01 4.566331200000000000e+07 9.150000000000000000e+02 3.100000000000000000e+01 7.900000000000000000e+01 1.023500000000000000e+04
-2.595461606979370117e+00 -5.696401596069335938e-01 1.750960946083068848e-01 1.300000000000000000e+01 4.576002000000000000e+07 8.000000000000000000e+00 2.400000000000000000e+01 2.800000000000000000e+01 2.663000000000000000e+03
-2.582470655441284180e+00 -5.663165450096130371e-01 7.846722006797790527e-02 7.200000000000000000e+01 4.576002000000000000e+07 5.000000000000000000e+01 2.800000000000000000e+01 2.300000000000000000e+01 2.645000000000000000e+03
-9.730998039245605469e+00 -3.270825147628784180e+00 1.254228316247463226e-02 3.600000000000000000e+01 4.576002000000000000e+07 3.700000000000000000e+02 3.100000000000000000e+01 9.800000000000000000e+01 1.026600000000000000e+04
-2.603787660598754883e+00 -5.547436475753784180e-01 1.754248589277267456e-01 1.110000000000000000e+02 4.585714000000000000e+07 7.800000000000000000e+01 2.400000000000000000e+01 3.400000000000000000e+01 2.668000000000000000e+03
-2.595673322677612305e+00 -5.525413155555725098e-01 7.876388728618621826e-02 9.000000000000000000e+01 4.585714000000000000e+07 6.300000000000000000e+01 2.800000000000000000e+01 2.700000000000000000e+01 2.655000000000000000e+03
-9.802174568176269531e+00 -3.227945804595947266e+00 1.260825619101524353e-02 5.000000000000000000e+01 4.585714000000000000e+07 5.260000000000000000e+02 3.100000000000000000e+01 7.000000000000000000e+01 1.032000000000000000e+04
-2.574895381927490234e+00 -5.320928692817687988e-01 1.732550710439682007e-01 2.080000000000000000e+02 4.595564800000000000e+07 1.430000000000000000e+02 2.400000000000000000e+01 4.800000000000000000e+01 2.635000000000000000e+03
-2.588246583938598633e+00 -5.343809127807617188e-01 7.843755185604095459e-02 1.020000000000000000e+02 4.595564800000000000e+07 7.000000000000000000e+01 2.800000000000000000e+01 3.100000000000000000e+01 2.644000000000000000e+03
-9.744706153869628906e+00 -3.142876863479614258e+00 1.250929571688175201e-02 4.600000000000000000e+01 4.595564800000000000e+07 4.770000000000000000e+02 3.100000000000000000e+01 5.800000000000000000e+01 1.023900000000000000e+04
-2.596701383590698242e+00 -5.200062990188598633e-01 1.745043396949768066e-01 1.200000000000000000e+02 4.605348000000000000e+07 8.400000000000000000e+01 2.400000000000000000e+01 4.200000000000000000e+01 2.654000000000000000e+03
-2.600298166275024414e+00 -5.202545523643493652e-01 7.870455086231231689e-02 9.300000000000000000e+01 4.605348000000000000e+07 6.500000000000000000e+01 2.800000000000000000e+01 2.400000000000000000e+01 2.653000000000000000e+03
-9.705637931823730469e+00 -3.064657926559448242e+00 1.243477035313844681e-02 2.600000000000000000e+01 4.605348000000000000e+07 2.630000000000000000e+02 3.100000000000000000e+01 7.300000000000000000e+01 1.017800000000000000e+04
-2.579271793365478516e+00 -5.000750422477722168e-01 1.731235533952713013e-01 1.800000000000000000e+01 4.615162000000000000e+07 1.200000000000000000e+01 2.400000000000000000e+01 1.700000000000000000e+01 2.633000000000000000e+03
-2.594609498977661133e+00 -5.025788545608520508e-01 7.843755185604095459e-02 4.400000000000000000e+01 4.615162000000000000e+07 3.000000000000000000e+01 2.800000000000000000e+01 3.000000000000000000e+01 2.644000000000000000e+03
-9.719482421875000000e+00 -3.003571271896362305e+00 1.242866180837154388e-02 4.100000000000000000e+01 4.615162000000000000e+07 4.090000000000000000e+02 3.100000000000000000e+01 5.200000000000000000e+01 1.017300000000000000e+04
-2.571174860000610352e+00 -5.785404443740844727e-01 5.336433649063110352e-02 6.400000000000000000e+01 4.625028000000000000e+07 4.400000000000000000e+01 2.900000000000000000e+01 4.500000000000000000e+01 2.636000000000000000e+03
-9.694654464721679688e+00 -2.930854797363281250e+00 1.237368304282426834e-02 4.200000000000000000e+01 4.625028000000000000e+07 4.160000000000000000e+02 3.100000000000000000e+01 5.200000000000000000e+01 1.012800000000000000e+04
-2.591398239135742188e+00 -5.673559308052062988e-01 1.497067511081695557e-01 2.900000000000000000e+01 4.634744800000000000e+07 2.000000000000000000e+01 2.500000000000000000e+01 3.700000000000000000e+01 2.657000000000000000e+03
-2.565885543823242188e+00 -5.608317255973815918e-01 5.318213626742362976e-02 1.290000000000000000e+02 4.634744800000000000e+07 8.800000000000000000e+01 2.900000000000000000e+01 3.700000000000000000e+01 2.627000000000000000e+03
-9.573405265808105469e+00 -2.830206632614135742e+00 1.219653338193893433e-02 4.000000000000000000e+01 4.634744800000000000e+07 3.930000000000000000e+02 3.100000000000000000e+01 6.200000000000000000e+01 9.983000000000000000e+03
-2.630964994430541992e+00 -5.591238737106323242e-01 1.517914980649948120e-01 1.310000000000000000e+02 4.644595200000000000e+07 9.400000000000000000e+01 2.500000000000000000e+01 5.100000000000000000e+01 2.694000000000000000e+03
-2.581992864608764648e+00 -5.477745532989501953e-01 5.344531312584877014e-02 9.100000000000000000e+01 4.644595200000000000e+07 6.200000000000000000e+01 2.900000000000000000e+01 4.200000000000000000e+01 2.640000000000000000e+03
-9.653035163879394531e+00 -2.789456844329833984e+00 1.227594539523124695e-02 4.500000000000000000e+01 4.644595200000000000e+07 4.480000000000000000e+02 3.100000000000000000e+01 6.900000000000000000e+01 1.004800000000000000e+04
-2.636301755905151367e+00 -5.433731675148010254e-01 1.519041806459426880e-01 1.480000000000000000e+02 4.654342000000000000e+07 1.070000000000000000e+02 2.500000000000000000e+01 6.000000000000000000e+01 2.696000000000000000e+03
-2.583346605300903320e+00 -5.315184593200683594e-01 5.340482294559478760e-02 4.400000000000000000e+01 4.654342000000000000e+07 3.000000000000000000e+01 2.900000000000000000e+01 3.600000000000000000e+01 2.638000000000000000e+03
-9.626662254333496094e+00 -2.717947244644165039e+00 1.222096756100654602e-02 3.900000000000000000e+01 4.654342000000000000e+07 3.840000000000000000e+02 3.100000000000000000e+01 7.000000000000000000e+01 1.000300000000000000e+04
-2.628816604614257812e+00 -5.250359177589416504e-01 1.512843966484069824e-01 8.900000000000000000e+01 4.664090000000000000e+07 6.300000000000000000e+01 2.500000000000000000e+01 5.400000000000000000e+01 2.685000000000000000e+03
-2.598325490951538086e+00 -5.180030465126037598e-01 5.364775657653808594e-02 9.200000000000000000e+01 4.664090000000000000e+07 6.400000000000000000e+01 2.900000000000000000e+01 4.200000000000000000e+01 2.650000000000000000e+03
-9.545791625976562500e+00 -2.631981849670410156e+00 1.209757290780544281e-02 4.700000000000000000e+01 4.664090000000000000e+07 4.460000000000000000e+02 3.100000000000000000e+01 5.400000000000000000e+01 9.902000000000000000e+03
-2.604541301727294922e+00 -5.035889744758605957e-01 1.497067511081695557e-01 1.600000000000000000e+01 4.673836800000000000e+07 1.000000000000000000e+01 2.500000000000000000e+01 4.500000000000000000e+01 2.657000000000000000e+03
-2.610290050506591797e+00 -5.037553310394287109e-01 5.382996052503585815e-02 1.100000000000000000e+02 4.673836800000000000e+07 7.700000000000000000e+01 2.900000000000000000e+01 5.600000000000000000e+01 2.659000000000000000e+03
-2.570313692092895508e+00 -5.930788516998291016e-01 2.808495797216892242e-02 2.600000000000000000e+01 4.673836800000000000e+07 1.800000000000000000e+01 3.000000000000000000e+01 8.500000000000000000e+01 2.638000000000000000e+03
-9.532792091369628906e+00 -2.565564155578613281e+00 1.206092070788145065e-02 3.200000000000000000e+01 4.673836800000000000e+07 3.060000000000000000e+02 3.100000000000000000e+01 6.700000000000000000e+01 9.872000000000000000e+03
-2.601537942886352539e+00 -4.855282902717590332e-01 5.358702316880226135e-02 4.400000000000000000e+01 4.683596000000000000e+07 3.000000000000000000e+01 2.900000000000000000e+01 3.700000000000000000e+01 2.647000000000000000e+03
-2.572928905487060547e+00 -5.770776867866516113e-01 2.807431295514106750e-02 9.300000000000000000e+01 4.683596000000000000e+07 6.400000000000000000e+01 3.000000000000000000e+01 4.300000000000000000e+01 2.637000000000000000e+03
-9.520305633544921875e+00 -2.499659061431884766e+00 1.202549040317535400e-02 4.400000000000000000e+01 4.683596000000000000e+07 4.210000000000000000e+02 3.100000000000000000e+01 6.000000000000000000e+01 9.843000000000000000e+03
-2.655409336090087891e+00 -5.799439549446105957e-01 1.277022808790206909e-01 7.000000000000000000e+01 4.693344000000000000e+07 5.100000000000000000e+01 2.600000000000000000e+01 3.800000000000000000e+01 2.721000000000000000e+03
-2.574467420578002930e+00 -5.608539581298828125e-01 2.805302292108535767e-02 1.580000000000000000e+02 4.693344000000000000e+07 1.090000000000000000e+02 3.000000000000000000e+01 8.000000000000000000e+01 2.635000000000000000e+03
-9.421151161193847656e+00 -2.411930799484252930e+00 1.188132632523775101e-02 3.100000000000000000e+01 4.693344000000000000e+07 2.800000000000000000e+02 3.100000000000000000e+01 4.400000000000000000e+01 9.725000000000000000e+03
-2.612990140914916992e+00 -5.539039373397827148e-01 1.254964619874954224e-01 1.260000000000000000e+02 4.703270000000000000e+07 9.000000000000000000e+01 2.600000000000000000e+01 6.600000000000000000e+01 2.674000000000000000e+03
-2.584708452224731445e+00 -5.464947223663330078e-01 2.812754549086093903e-02 1.820000000000000000e+02 4.703270000000000000e+07 1.260000000000000000e+02 3.000000000000000000e+01 8.500000000000000000e+01 2.642000000000000000e+03
-9.432861328125000000e+00 -2.353352069854736328e+00 1.187766063958406448e-02 2.800000000000000000e+01 4.703270000000000000e+07 2.520000000000000000e+02 3.100000000000000000e+01 4.500000000000000000e+01 9.722000000000000000e+03
-2.617318153381347656e+00 -5.380616784095764160e-01 1.255434006452560425e-01 1.230000000000000000e+02 4.712920800000000000e+07 8.700000000000000000e+01 2.600000000000000000e+01 4.200000000000000000e+01 2.675000000000000000e+03
-2.599767684936523438e+00 -5.330350399017333984e-01 2.825530059635639191e-02 1.890000000000000000e+02 4.712920800000000000e+07 1.320000000000000000e+02 3.000000000000000000e+01 8.600000000000000000e+01 2.654000000000000000e+03
-9.152691841125488281e+00 -2.223888635635375977e+00 1.150747761130332947e-02 2.800000000000000000e+01 4.712920800000000000e+07 2.430000000000000000e+02 3.100000000000000000e+01 7.000000000000000000e+01 9.419000000000000000e+03
-2.627428054809570312e+00 -5.233579277992248535e-01 1.258719265460968018e-01 6.400000000000000000e+01 4.722832000000000000e+07 4.500000000000000000e+01 2.600000000000000000e+01 5.000000000000000000e+01 2.682000000000000000e+03
-2.602008581161499023e+00 -5.168783068656921387e-01 2.824465371668338776e-02 1.690000000000000000e+02 4.722832000000000000e+07 1.190000000000000000e+02 3.000000000000000000e+01 6.500000000000000000e+01 2.653000000000000000e+03
-9.310191154479980469e+00 -2.201747655868530273e+00 1.168829295784235001e-02 3.500000000000000000e+01 4.722832000000000000e+07 3.150000000000000000e+02 3.100000000000000000e+01 6.400000000000000000e+01 9.567000000000000000e+03
-2.650206327438354492e+00 -5.110089182853698730e-01 1.268105655908584595e-01 1.600000000000000000e+01 4.732591200000000000e+07 1.100000000000000000e+01 2.600000000000000000e+01 2.700000000000000000e+01 2.702000000000000000e+03
-2.602185249328613281e+00 -5.003365278244018555e-01 2.821271494030952454e-02 9.700000000000000000e+01 4.732591200000000000e+07 6.800000000000000000e+01 3.000000000000000000e+01 7.500000000000000000e+01 2.650000000000000000e+03
-2.598151922225952148e+00 -5.976220369338989258e-01 3.257132833823561668e-03 2.400000000000000000e+01 4.732591200000000000e+07 1.600000000000000000e+01 3.100000000000000000e+01 5.700000000000000000e+01 2.666000000000000000e+03
-2.600712537765502930e+00 -5.823856592178344727e-01 1.000545695424079895e-01 5.000000000000000000e+01 4.742312000000000000e+07 3.500000000000000000e+01 2.700000000000000000e+01 3.400000000000000000e+01 2.667000000000000000e+03
-2.603240251541137695e+00 -4.839948713779449463e-01 2.819142490625381470e-02 4.400000000000000000e+01 4.742312000000000000e+07 3.000000000000000000e+01 3.000000000000000000e+01 7.000000000000000000e+01 2.648000000000000000e+03
-2.603721857070922852e+00 -5.821052193641662598e-01 3.259576391428709030e-03 7.700000000000000000e+01 4.742312000000000000e+07 5.400000000000000000e+01 3.100000000000000000e+01 4.100000000000000000e+01 2.668000000000000000e+03
-2.633530855178833008e+00 -5.727884173393249512e-01 1.011800393462181091e-01 8.900000000000000000e+01 4.752076000000000000e+07 6.400000000000000000e+01 2.700000000000000000e+01 3.900000000000000000e+01 2.697000000000000000e+03
-2.580859422683715820e+00 -5.603889822959899902e-01 3.226589411497116089e-03 9.800000000000000000e+01 4.752076000000000000e+07 6.700000000000000000e+01 3.100000000000000000e+01 4.900000000000000000e+01 2.641000000000000000e+03
-2.613529920578002930e+00 -5.516653656959533691e-01 1.002796664834022522e-01 1.350000000000000000e+02 4.761880000000000000e+07 9.500000000000000000e+01 2.700000000000000000e+01 5.500000000000000000e+01 2.673000000000000000e+03
-2.595991373062133789e+00 -5.470168590545654297e-01 3.241250291466712952e-03 1.190000000000000000e+02 4.761880000000000000e+07 8.300000000000000000e+01 3.100000000000000000e+01 5.300000000000000000e+01 2.653000000000000000e+03
-2.607075691223144531e+00 -5.336148142814636230e-01 9.990450739860534668e-02 1.240000000000000000e+02 4.771648000000000000e+07 8.700000000000000000e+01 2.700000000000000000e+01 4.800000000000000000e+01 2.663000000000000000e+03
-2.584602594375610352e+00 -5.280750989913940430e-01 3.222924191504716873e-03 9.300000000000000000e+01 4.771648000000000000e+07 6.400000000000000000e+01 3.100000000000000000e+01 6.600000000000000000e+01 2.638000000000000000e+03
-2.624023675918579102e+00 -5.203292369842529297e-01 1.004297286272048950e-01 7.300000000000000000e+01 4.781467200000000000e+07 5.100000000000000000e+01 2.700000000000000000e+01 5.100000000000000000e+01 2.677000000000000000e+03
-2.580927371978759766e+00 -5.108472108840942383e-01 3.214372089132666588e-03 8.900000000000000000e+01 4.781467200000000000e+07 6.100000000000000000e+01 3.100000000000000000e+01 5.200000000000000000e+01 2.631000000000000000e+03
-2.669366598129272461e+00 -5.123178958892822266e-01 1.020429059863090515e-01 1.000000000000000000e+01 4.791256000000000000e+07 6.000000000000000000e+00 2.700000000000000000e+01 4.000000000000000000e+01 2.720000000000000000e+03
-2.579102754592895508e+00 -4.940606355667114258e-01 3.208263544365763664e-03 5.200000000000000000e+01 4.791256000000000000e+07 3.500000000000000000e+01 3.100000000000000000e+01 4.500000000000000000e+01 2.626000000000000000e+03
-2.574219226837158203e+00 -4.767693281173706055e-01 3.198489546775817871e-03 1.900000000000000000e+01 4.801060800000000000e+07 1.200000000000000000e+01 3.100000000000000000e+01 4.500000000000000000e+01 2.618000000000000000e+03
-9.106462478637695312e+00 -1.628872990608215332e+00 1.130222622305154800e-02 3.000000000000000000e+01 4.810863200000000000e+07 2.440000000000000000e+02 3.100000000000000000e+01 5.300000000000000000e+01 9.251000000000000000e+03
-8.888648986816406250e+00 -1.533688783645629883e+00 1.102000661194324493e-02 1.600000000000000000e+01 4.820596000000000000e+07 1.260000000000000000e+02 3.100000000000000000e+01 6.500000000000000000e+01 9.020000000000000000e+03
-9.059672355651855469e+00 -1.506013274192810059e+00 1.122036948800086975e-02 3.000000000000000000e+01 4.830318000000000000e+07 2.420000000000000000e+02 3.100000000000000000e+01 4.000000000000000000e+01 9.184000000000000000e+03
-9.353127479553222656e+00 -1.495878577232360840e+00 1.157222874462604523e-02 2.100000000000000000e+01 4.840184000000000000e+07 1.840000000000000000e+02 3.100000000000000000e+01 5.800000000000000000e+01 9.472000000000000000e+03
-9.128868103027343750e+00 -1.402620673179626465e+00 1.128389965742826462e-02 1.800000000000000000e+01 4.849808000000000000e+07 1.420000000000000000e+02 3.100000000000000000e+01 4.600000000000000000e+01 9.236000000000000000e+03
-8.848423004150390625e+00 -1.304007887840270996e+00 1.092715468257665634e-02 2.600000000000000000e+01 4.859623200000000000e+07 2.040000000000000000e+02 3.100000000000000000e+01 6.100000000000000000e+01 8.944000000000000000e+03
-9.348381042480468750e+00 -1.319133162498474121e+00 1.153435464948415756e-02 2.600000000000000000e+01 4.869468000000000000e+07 2.190000000000000000e+02 3.100000000000000000e+01 5.200000000000000000e+01 9.441000000000000000e+03
-9.614958763122558594e+00 -1.296629309654235840e+00 1.185322646051645279e-02 1.800000000000000000e+01 4.879364000000000000e+07 1.560000000000000000e+02 3.100000000000000000e+01 5.400000000000000000e+01 9.702000000000000000e+03
-8.386913299560546875e+00 -1.078666090965270996e+00 1.033095084130764008e-02 3.400000000000000000e+01 4.889122000000000000e+07 2.370000000000000000e+02 3.100000000000000000e+01 9.300000000000000000e+01 8.456000000000000000e+03
-8.874781608581542969e+00 -1.086099505424499512e+00 1.092348899692296982e-02 2.000000000000000000e+01 4.898758000000000000e+07 1.550000000000000000e+02 3.100000000000000000e+01 6.500000000000000000e+01 8.941000000000000000e+03
-8.873332977294921875e+00 -1.030701518058776855e+00 1.091371662914752960e-02 3.400000000000000000e+01 4.908464000000000000e+07 2.670000000000000000e+02 3.100000000000000000e+01 5.900000000000000000e+01 8.933000000000000000e+03
-9.626985549926757812e+00 -1.058418035507202148e+00 1.183245703577995300e-02 2.200000000000000000e+01 4.918258000000000000e+07 2.000000000000000000e+02 3.100000000000000000e+01 7.200000000000000000e+01 9.685000000000000000e+03
-9.243391036987304688e+00 -9.588803052902221680e-01 1.135353837162256241e-02 2.700000000000000000e+01 4.927954000000000000e+07 2.210000000000000000e+02 3.100000000000000000e+01 5.000000000000000000e+01 9.293000000000000000e+03
-8.954499244689941406e+00 -8.734108209609985352e-01 1.099190674722194672e-02 3.300000000000000000e+01 4.937763200000000000e+07 2.550000000000000000e+02 3.100000000000000000e+01 5.500000000000000000e+01 8.997000000000000000e+03
-9.480520248413085938e+00 -8.660275340080261230e-01 1.163087226450443268e-02 2.700000000000000000e+01 4.947476000000000000e+07 2.310000000000000000e+02 3.100000000000000000e+01 5.600000000000000000e+01 9.520000000000000000e+03
-9.240543365478515625e+00 -7.869649529457092285e-01 1.133032608777284622e-02 3.000000000000000000e+01 4.957320000000000000e+07 2.460000000000000000e+02 3.100000000000000000e+01 4.700000000000000000e+01 9.274000000000000000e+03
-9.240213394165039062e+00 -7.298575043678283691e-01 1.132421661168336868e-02 3.200000000000000000e+01 4.967148800000000000e+07 2.620000000000000000e+02 3.100000000000000000e+01 5.400000000000000000e+01 9.269000000000000000e+03
-9.368190765380859375e+00 -6.821522712707519531e-01 1.147571206092834473e-02 2.200000000000000000e+01 4.976928000000000000e+07 1.810000000000000000e+02 3.100000000000000000e+01 5.500000000000000000e+01 9.393000000000000000e+03
-9.437055587768554688e+00 -6.289799213409423828e-01 1.155512407422065735e-02 3.000000000000000000e+01 4.986628800000000000e+07 2.640000000000000000e+02 3.100000000000000000e+01 6.000000000000000000e+01 9.458000000000000000e+03
-9.377852439880371094e+00 -5.672595500946044922e-01 1.147815585136413574e-02 3.200000000000000000e+01 4.996347200000000000e+07 2.770000000000000000e+02 3.100000000000000000e+01 6.700000000000000000e+01 9.395000000000000000e+03
-9.281303405761718750e+00 -5.042821168899536133e-01 1.135598216205835342e-02 4.500000000000000000e+01 5.006151200000000000e+07 3.840000000000000000e+02 3.100000000000000000e+01 6.700000000000000000e+01 9.295000000000000000e+03
-9.378114700317382812e+00 -4.518474042415618896e-01 1.147082541137933731e-02 4.300000000000000000e+01 5.015940000000000000e+07 3.740000000000000000e+02 3.100000000000000000e+01 6.500000000000000000e+01 9.389000000000000000e+03
-9.377713203430175781e+00 -3.941698670387268066e-01 1.146715972572565079e-02 2.200000000000000000e+01 5.025718000000000000e+07 1.890000000000000000e+02 3.100000000000000000e+01 6.000000000000000000e+01 9.386000000000000000e+03
-9.382953643798828125e+00 -3.367294669151306152e-01 1.147082541137933731e-02 3.100000000000000000e+01 5.035604000000000000e+07 2.680000000000000000e+02 3.100000000000000000e+01 6.900000000000000000e+01 9.389000000000000000e+03
-9.359853744506835938e+00 -2.784071266651153564e-01 1.144028175622224808e-02 4.300000000000000000e+01 5.045356000000000000e+07 3.650000000000000000e+02 3.100000000000000000e+01 4.400000000000000000e+01 9.364000000000000000e+03
-9.415370941162109375e+00 -2.222451716661453247e-01 1.150625478476285934e-02 3.000000000000000000e+01 5.055012000000000000e+07 2.530000000000000000e+02 3.100000000000000000e+01 4.900000000000000000e+01 9.418000000000000000e+03
-9.775502204895019531e+00 -1.707386970520019531e-01 1.194485649466514587e-02 2.100000000000000000e+01 5.064811200000000000e+07 1.870000000000000000e+02 3.100000000000000000e+01 4.900000000000000000e+01 9.777000000000000000e+03
-9.461386680603027344e+00 -1.071858033537864685e-01 1.156001165509223938e-02 3.900000000000000000e+01 5.074626000000000000e+07 3.360000000000000000e+02 3.100000000000000000e+01 5.100000000000000000e+01 9.462000000000000000e+03
-9.427865982055664062e+00 -4.895326495170593262e-02 1.151847280561923981e-02 4.600000000000000000e+01 5.084260000000000000e+07 4.040000000000000000e+02 3.100000000000000000e+01 6.200000000000000000e+01 9.428000000000000000e+03
-9.181989669799804688e+00 8.663839660584926605e-03 1.121792662888765335e-02 3.600000000000000000e+01 5.094044000000000000e+07 2.980000000000000000e+02 3.100000000000000000e+01 7.200000000000000000e+01 9.182000000000000000e+03
-9.492754936218261719e+00 6.720500439405441284e-02 1.159788481891155243e-02 3.000000000000000000e+01 5.103858000000000000e+07 2.570000000000000000e+02 3.100000000000000000e+01 5.700000000000000000e+01 9.493000000000000000e+03
-9.442169189453125000e+00 1.247894465923309326e-01 1.153679937124252319e-02 3.100000000000000000e+01 5.113688000000000000e+07 2.720000000000000000e+02 3.100000000000000000e+01 6.000000000000000000e+01 9.443000000000000000e+03
-9.504213333129882812e+00 1.839422136545181274e-01 1.161376759409904480e-02 3.500000000000000000e+01 5.123372800000000000e+07 3.110000000000000000e+02 3.100000000000000000e+01 6.100000000000000000e+01 9.506000000000000000e+03
-9.074046134948730469e+00 2.313226610422134399e-01 1.108964532613754272e-02 4.100000000000000000e+01 5.133138000000000000e+07 3.330000000000000000e+02 3.100000000000000000e+01 6.600000000000000000e+01 9.077000000000000000e+03
-9.201390266418457031e+00 2.910743057727813721e-01 1.124724838882684708e-02 4.400000000000000000e+01 5.143002000000000000e+07 3.680000000000000000e+02 3.100000000000000000e+01 6.500000000000000000e+01 9.206000000000000000e+03
-9.381301879882812500e+00 3.543980419635772705e-01 1.146960351616144180e-02 3.500000000000000000e+01 5.152734000000000000e+07 2.950000000000000000e+02 3.100000000000000000e+01 5.500000000000000000e+01 9.388000000000000000e+03
-8.807501792907714844e+00 3.868540525436401367e-01 1.077077351510524750e-02 6.800000000000000000e+01 5.162504000000000000e+07 5.170000000000000000e+02 3.100000000000000000e+01 5.500000000000000000e+01 8.816000000000000000e+03
-9.754771232604980469e+00 4.884481430053710938e-01 1.193263847380876541e-02 3.100000000000000000e+01 5.172380000000000000e+07 2.820000000000000000e+02 3.100000000000000000e+01 5.500000000000000000e+01 9.767000000000000000e+03
-9.415122985839843750e+00 5.293748378753662109e-01 1.152091566473245621e-02 2.500000000000000000e+01 5.182095200000000000e+07 2.170000000000000000e+02 3.100000000000000000e+01 6.300000000000000000e+01 9.430000000000000000e+03
-9.491541862487792969e+00 5.921159386634826660e-01 1.161865424364805222e-02 2.000000000000000000e+01 5.191936000000000000e+07 1.680000000000000000e+02 3.100000000000000000e+01 4.800000000000000000e+01 9.510000000000000000e+03
-9.490723609924316406e+00 6.505489945411682129e-01 1.162231992930173874e-02 4.100000000000000000e+01 5.201674000000000000e+07 3.580000000000000000e+02 3.100000000000000000e+01 5.500000000000000000e+01 9.513000000000000000e+03
-9.422730445861816406e+00 7.040023803710937500e-01 1.154412887990474701e-02 1.600000000000000000e+01 5.211288000000000000e+07 1.310000000000000000e+02 3.100000000000000000e+01 4.100000000000000000e+01 9.449000000000000000e+03
-9.414246559143066406e+00 7.614834308624267578e-01 1.153924223035573959e-02 2.500000000000000000e+01 5.221132000000000000e+07 2.110000000000000000e+02 3.100000000000000000e+01 3.600000000000000000e+01 9.445000000000000000e+03
-9.312763214111328125e+00 8.108203411102294922e-01 1.142073422670364380e-02 6.100000000000000000e+01 5.230983200000000000e+07 5.210000000000000000e+02 3.100000000000000000e+01 4.800000000000000000e+01 9.348000000000000000e+03
-9.637183189392089844e+00 8.986799716949462891e-01 1.182512752711772919e-02 1.600000000000000000e+01 5.240679200000000000e+07 1.360000000000000000e+02 3.100000000000000000e+01 5.500000000000000000e+01 9.679000000000000000e+03
-9.626511573791503906e+00 9.573009014129638672e-01 1.181901898235082626e-02 2.000000000000000000e+01 5.250520000000000000e+07 1.740000000000000000e+02 3.100000000000000000e+01 4.100000000000000000e+01 9.674000000000000000e+03
-9.444436073303222656e+00 9.977543950080871582e-01 1.160277239978313446e-02 1.900000000000000000e+01 5.260174000000000000e+07 1.580000000000000000e+02 3.100000000000000000e+01 5.500000000000000000e+01 9.497000000000000000e+03
-9.614039421081542969e+00 1.075360894203186035e+00 1.181901898235082626e-02 2.700000000000000000e+01 5.269944000000000000e+07 2.480000000000000000e+02 3.100000000000000000e+01 5.800000000000000000e+01 9.674000000000000000e+03
-9.609246253967285156e+00 1.134565830230712891e+00 1.182146184146404266e-02 2.400000000000000000e+01 5.279783200000000000e+07 2.110000000000000000e+02 3.100000000000000000e+01 5.000000000000000000e+01 9.676000000000000000e+03
-9.600118637084960938e+00 1.193259000778198242e+00 1.181901898235082626e-02 1.500000000000000000e+01 5.289500000000000000e+07 1.270000000000000000e+02 3.100000000000000000e+01 5.200000000000000000e+01 9.674000000000000000e+03
-9.664010047912597656e+00 1.261460900306701660e+00 1.190698239952325821e-02 2.100000000000000000e+01 5.299310000000000000e+07 1.860000000000000000e+02 3.100000000000000000e+01 4.700000000000000000e+01 9.746000000000000000e+03
-9.779934883117675781e+00 1.337673902511596680e+00 1.205969881266355515e-02 2.900000000000000000e+01 5.309092000000000000e+07 2.700000000000000000e+02 3.100000000000000000e+01 3.700000000000000000e+01 9.871000000000000000e+03
-9.828959465026855469e+00 1.405869603157043457e+00 1.213056035339832306e-02 2.200000000000000000e+01 5.318891200000000000e+07 2.040000000000000000e+02 3.100000000000000000e+01 4.100000000000000000e+01 9.929000000000000000e+03
-9.921029090881347656e+00 1.481214165687561035e+00 1.225517597049474716e-02 2.300000000000000000e+01 5.328516000000000000e+07 2.180000000000000000e+02 3.100000000000000000e+01 4.000000000000000000e+01 1.003100000000000000e+04
-9.957207679748535156e+00 1.549132227897644043e+00 1.231137569993734360e-02 2.800000000000000000e+01 5.338280000000000000e+07 2.700000000000000000e+02 3.100000000000000000e+01 4.500000000000000000e+01 1.007700000000000000e+04
-9.771800994873046875e+00 1.581756711006164551e+00 1.209390722215175629e-02 2.600000000000000000e+01 5.347951200000000000e+07 2.400000000000000000e+02 3.100000000000000000e+01 5.400000000000000000e+01 9.899000000000000000e+03
-9.764870643615722656e+00 1.642183184623718262e+00 1.209757290780544281e-02 2.000000000000000000e+01 5.357816800000000000e+07 1.910000000000000000e+02 3.100000000000000000e+01 5.800000000000000000e+01 9.902000000000000000e+03
-9.750670433044433594e+00 1.701380848884582520e+00 1.209268625825643539e-02 3.100000000000000000e+01 5.367451200000000000e+07 2.900000000000000000e+02 3.100000000000000000e+01 5.000000000000000000e+01 9.898000000000000000e+03
-9.736110687255859375e+00 1.760465979576110840e+00 1.208779867738485336e-02 2.600000000000000000e+01 5.377290000000000000e+07 2.400000000000000000e+02 3.100000000000000000e+01 5.200000000000000000e+01 9.894000000000000000e+03
-1.019005298614501953e+01 1.907189011573791504e+00 1.266567781567573547e-02 2.700000000000000000e+01 5.387088800000000000e+07 2.740000000000000000e+02 3.100000000000000000e+01 5.300000000000000000e+01 1.036700000000000000e+04
-9.997509956359863281e+00 1.934719085693359375e+00 1.244087889790534973e-02 3.900000000000000000e+01 5.396903200000000000e+07 3.890000000000000000e+02 3.100000000000000000e+01 5.600000000000000000e+01 1.018300000000000000e+04
-9.774621963500976562e+00 1.953882813453674316e+00 1.217820681631565094e-02 3.500000000000000000e+01 5.406728000000000000e+07 3.340000000000000000e+02 3.100000000000000000e+01 4.900000000000000000e+01 9.968000000000000000e+03
-9.748737335205078125e+00 2.010993719100952148e+00 1.216110307723283768e-02 3.900000000000000000e+01 5.416630000000000000e+07 3.740000000000000000e+02 3.100000000000000000e+01 3.000000000000000000e+01 9.954000000000000000e+03
-9.790011405944824219e+00 2.082214832305908203e+00 1.222829800099134445e-02 3.500000000000000000e+01 5.426398000000000000e+07 3.370000000000000000e+02 3.100000000000000000e+01 4.000000000000000000e+01 1.000900000000000000e+04
-9.859104156494140625e+00 2.160224676132202148e+00 1.233092322945594788e-02 2.500000000000000000e+01 5.436144800000000000e+07 2.490000000000000000e+02 3.100000000000000000e+01 6.400000000000000000e+01 1.009300000000000000e+04
-9.867124557495117188e+00 2.225518941879272461e+00 1.235780119895935059e-02 3.000000000000000000e+01 5.445944800000000000e+07 2.930000000000000000e+02 3.100000000000000000e+01 4.300000000000000000e+01 1.011500000000000000e+04
-9.976022720336914062e+00 2.314496755599975586e+00 1.251173857599496841e-02 3.300000000000000000e+01 5.455631200000000000e+07 3.410000000000000000e+02 3.100000000000000000e+01 5.900000000000000000e+01 1.024100000000000000e+04
-9.725262641906738281e+00 2.319294691085815430e+00 1.221485808491706848e-02 2.800000000000000000e+01 5.465531200000000000e+07 2.740000000000000000e+02 3.100000000000000000e+01 6.800000000000000000e+01 9.998000000000000000e+03
-9.712790489196777344e+00 2.379400014877319336e+00 1.221730187535285950e-02 2.900000000000000000e+01 5.475196800000000000e+07 2.850000000000000000e+02 3.100000000000000000e+01 5.800000000000000000e+01 1.000000000000000000e+04
-9.914274215698242188e+00 2.493340492248535156e+00 1.248974818736314774e-02 1.900000000000000000e+01 5.484895200000000000e+07 1.930000000000000000e+02 3.100000000000000000e+01 6.400000000000000000e+01 1.022300000000000000e+04
-9.724496841430664062e+00 2.509155035018920898e+00 1.226983685046434402e-02 2.700000000000000000e+01 5.494806000000000000e+07 2.670000000000000000e+02 3.100000000000000000e+01 6.000000000000000000e+01 1.004300000000000000e+04
-9.775623321533203125e+00 2.586424827575683594e+00 1.235413644462823868e-02 2.600000000000000000e+01 5.504532800000000000e+07 2.510000000000000000e+02 3.100000000000000000e+01 5.100000000000000000e+01 1.011200000000000000e+04
-9.591633796691894531e+00 2.600821733474731445e+00 1.214155554771423340e-02 3.200000000000000000e+01 5.514256000000000000e+07 3.020000000000000000e+02 3.100000000000000000e+01 5.400000000000000000e+01 9.938000000000000000e+03
-1.019985771179199219e+01 2.833044767379760742e+00 1.293323654681444168e-02 3.700000000000000000e+01 5.524167200000000000e+07 4.090000000000000000e+02 3.100000000000000000e+01 6.000000000000000000e+01 1.058600000000000000e+04
-9.971634864807128906e+00 2.835673809051513672e+00 1.266567781567573547e-02 4.300000000000000000e+01 5.533899200000000000e+07 4.560000000000000000e+02 3.100000000000000000e+01 6.700000000000000000e+01 1.036700000000000000e+04
-9.962688446044921875e+00 2.899320125579833984e+00 1.267667300999164581e-02 2.900000000000000000e+01 5.543682000000000000e+07 3.060000000000000000e+02 3.100000000000000000e+01 6.100000000000000000e+01 1.037600000000000000e+04
-1.012777233123779297e+01 3.014889955520629883e+00 1.291002333164215088e-02 1.600000000000000000e+01 5.553558000000000000e+07 1.630000000000000000e+02 3.100000000000000000e+01 5.100000000000000000e+01 1.056700000000000000e+04
-1.005550956726074219e+01 3.060669660568237305e+00 1.284160651266574860e-02 4.700000000000000000e+01 5.563204000000000000e+07 5.120000000000000000e+02 3.100000000000000000e+01 7.100000000000000000e+01 1.051100000000000000e+04
-1.016258144378662109e+01 3.161522150039672852e+00 1.300287526100873947e-02 2.800000000000000000e+01 5.572916000000000000e+07 3.010000000000000000e+02 3.100000000000000000e+01 5.400000000000000000e+01 1.064300000000000000e+04
-1.033359527587890625e+01 3.284400224685668945e+00 1.324722077697515488e-02 3.200000000000000000e+01 5.582731200000000000e+07 3.600000000000000000e+02 3.100000000000000000e+01 4.200000000000000000e+01 1.084300000000000000e+04
-1.032751560211181641e+01 3.352375268936157227e+00 1.326554734259843826e-02 3.100000000000000000e+01 5.592508000000000000e+07 3.600000000000000000e+02 3.100000000000000000e+01 5.800000000000000000e+01 1.085800000000000000e+04
-1.028207206726074219e+01 3.407501697540283203e+00 1.323378179222345352e-02 2.400000000000000000e+01 5.602199200000000000e+07 2.750000000000000000e+02 3.100000000000000000e+01 6.000000000000000000e+01 1.083200000000000000e+04
-9.806273460388183594e+00 3.316736936569213867e+00 1.264735125005245209e-02 2.300000000000000000e+01 5.611792800000000000e+07 2.390000000000000000e+02 3.100000000000000000e+01 7.600000000000000000e+01 1.035200000000000000e+04
-5.527476310729980469e+00 2.606742858886718750e+00 1.813794225454330444e-01 1.880000000000000000e+02 5.621634000000000000e+07 6.970000000000000000e+02 2.800000000000000000e+01 5.700000000000000000e+01 6.114000000000000000e+03
-1.015062427520751953e+01 3.502758979797363281e+00 1.311893947422504425e-02 3.700000000000000000e+01 5.621634000000000000e+07 4.200000000000000000e+02 3.100000000000000000e+01 7.100000000000000000e+01 1.073800000000000000e+04
-5.505969047546386719e+00 2.638018369674682617e+00 1.812014281749725342e-01 3.400000000000000000e+02 5.631432800000000000e+07 1.266000000000000000e+03 2.800000000000000000e+01 7.300000000000000000e+01 6.108000000000000000e+03
-1.011007404327392578e+01 3.558336019515991211e+00 1.309450436383485794e-02 4.500000000000000000e+01 5.631432800000000000e+07 5.110000000000000000e+02 3.100000000000000000e+01 6.000000000000000000e+01 1.071800000000000000e+04
-5.411485671997070312e+00 2.633697271347045898e+00 1.786204725503921509e-01 5.200000000000000000e+01 5.641171200000000000e+07 1.850000000000000000e+02 2.800000000000000000e+01 1.030000000000000000e+02 6.021000000000000000e+03
-1.041842079162597656e+01 3.738863229751586914e+00 1.352333184331655502e-02 3.500000000000000000e+01 5.641171200000000000e+07 4.100000000000000000e+02 3.100000000000000000e+01 5.700000000000000000e+01 1.106900000000000000e+04
-1.005062103271484375e+01 3.676637649536132812e+00 1.307495683431625366e-02 3.600000000000000000e+01 5.650964800000000000e+07 4.050000000000000000e+02 3.100000000000000000e+01 7.800000000000000000e+01 1.070200000000000000e+04
-1.003068351745605469e+01 3.739285707473754883e+00 1.307862251996994019e-02 4.000000000000000000e+01 5.660844000000000000e+07 4.500000000000000000e+02 3.100000000000000000e+01 8.200000000000000000e+01 1.070500000000000000e+04
-1.018610668182373047e+01 3.868576288223266602e+00 1.331197284162044525e-02 4.300000000000000000e+01 5.670596800000000000e+07 5.040000000000000000e+02 3.100000000000000000e+01 6.400000000000000000e+01 1.089600000000000000e+04
-5.509808063507080078e+00 2.603040456771850586e+00 1.233898475766181946e-01 1.700000000000000000e+02 5.680334000000000000e+07 6.260000000000000000e+02 2.900000000000000000e+01 3.900000000000000000e+01 6.095000000000000000e+03
-1.030394077301025391e+01 3.985841751098632812e+00 1.349767576903104782e-02 4.200000000000000000e+01 5.680334000000000000e+07 5.060000000000000000e+02 3.100000000000000000e+01 6.000000000000000000e+01 1.104800000000000000e+04
-5.486521720886230469e+00 2.633338212966918945e+00 1.232278943061828613e-01 2.170000000000000000e+02 5.690104000000000000e+07 7.950000000000000000e+02 2.900000000000000000e+01 5.800000000000000000e+01 6.087000000000000000e+03
-1.017694377899169922e+01 4.008676528930664062e+00 1.336328592151403427e-02 2.400000000000000000e+01 5.690104000000000000e+07 2.790000000000000000e+02 3.100000000000000000e+01 7.600000000000000000e+01 1.093800000000000000e+04
-5.494524478912353516e+00 2.678782939910888672e+00 1.237744912505149841e-01 7.400000000000000000e+01 5.699840800000000000e+07 2.710000000000000000e+02 2.900000000000000000e+01 5.500000000000000000e+01 6.114000000000000000e+03
-9.385499954223632812e+00 3.763614416122436523e+00 1.235413644462823868e-02 2.900000000000000000e+01 5.699840800000000000e+07 2.890000000000000000e+02 3.100000000000000000e+01 8.600000000000000000e+01 1.011200000000000000e+04
-1.010198688507080078e+01 4.123058795928955078e+00 1.333029847592115402e-02 3.400000000000000000e+01 5.709655200000000000e+07 3.980000000000000000e+02 3.100000000000000000e+01 6.200000000000000000e+01 1.091100000000000000e+04
-1.008111572265625000e+01 4.186883449554443359e+00 1.333640702068805695e-02 2.600000000000000000e+01 5.719398000000000000e+07 3.040000000000000000e+02 3.100000000000000000e+01 6.000000000000000000e+01 1.091600000000000000e+04
-5.540138244628906250e+00 2.580539941787719727e+00 6.507023423910140991e-02 5.700000000000000000e+01 5.729256800000000000e+07 2.070000000000000000e+02 3.000000000000000000e+01 5.700000000000000000e+01 6.112000000000000000e+03
-1.027170562744140625e+01 4.340126991271972656e+00 1.362351421266794205e-02 4.200000000000000000e+01 5.729256800000000000e+07 5.140000000000000000e+02 3.100000000000000000e+01 7.400000000000000000e+01 1.115100000000000000e+04
-5.524199962615966797e+00 2.614485025405883789e+00 6.507023423910140991e-02 1.990000000000000000e+02 5.739040800000000000e+07 7.340000000000000000e+02 3.000000000000000000e+01 5.000000000000000000e+01 6.112000000000000000e+03
-1.002989578247070312e+01 4.310674190521240234e+00 1.333762891590595245e-02 2.500000000000000000e+01 5.739040800000000000e+07 2.920000000000000000e+02 3.100000000000000000e+01 6.200000000000000000e+01 1.091700000000000000e+04
-5.484622955322265625e+00 2.637065887451171875e+00 6.479343026876449585e-02 1.880000000000000000e+02 5.748754000000000000e+07 6.910000000000000000e+02 3.000000000000000000e+01 5.700000000000000000e+01 6.086000000000000000e+03
-9.965688705444335938e+00 4.355714797973632812e+00 1.328753773123025894e-02 3.000000000000000000e+01 5.748754000000000000e+07 3.450000000000000000e+02 3.100000000000000000e+01 9.900000000000000000e+01 1.087600000000000000e+04
-5.456658363342285156e+00 2.664964437484741211e+00 6.465502828359603882e-02 7.400000000000000000e+01 5.758470000000000000e+07 2.710000000000000000e+02 3.000000000000000000e+01 6.300000000000000000e+01 6.073000000000000000e+03
-9.109021186828613281e+00 4.048039436340332031e+00 1.217820681631565094e-02 4.700000000000000000e+01 5.758470000000000000e+07 4.600000000000000000e+02 3.100000000000000000e+01 7.900000000000000000e+01 9.968000000000000000e+03
-1.033251571655273438e+01 4.667888164520263672e+00 1.385197695344686508e-02 3.600000000000000000e+01 5.768244000000000000e+07 4.520000000000000000e+02 3.100000000000000000e+01 9.600000000000000000e+01 1.133800000000000000e+04
-1.031095027923583984e+01 4.734537601470947266e+00 1.386175118386745453e-02 3.800000000000000000e+01 5.778130000000000000e+07 4.790000000000000000e+02 3.100000000000000000e+01 9.100000000000000000e+01 1.134600000000000000e+04
-5.515111923217773438e+00 2.573497056961059570e+00 7.435450330376625061e-03 1.260000000000000000e+02 5.787892800000000000e+07 4.620000000000000000e+02 3.100000000000000000e+01 4.100000000000000000e+01 6.086000000000000000e+03
-5.527867794036865234e+00 2.618509292602539062e+00 2.296340614557266235e-01 1.080000000000000000e+02 5.797702000000000000e+07 3.990000000000000000e+02 2.700000000000000000e+01 4.500000000000000000e+01 6.121000000000000000e+03
-5.510060310363769531e+00 2.612429618835449219e+00 7.450111210346221924e-03 1.790000000000000000e+02 5.797702000000000000e+07 6.570000000000000000e+02 3.100000000000000000e+01 4.600000000000000000e+01 6.098000000000000000e+03
-5.500891208648681641e+00 2.647178411483764648e+00 2.291838675737380981e-01 1.260000000000000000e+02 5.807540800000000000e+07 4.650000000000000000e+02 2.700000000000000000e+01 5.300000000000000000e+01 6.109000000000000000e+03
-5.483115673065185547e+00 2.640982151031494141e+00 7.435450330376625061e-03 1.720000000000000000e+02 5.807540800000000000e+07 6.350000000000000000e+02 3.100000000000000000e+01 6.400000000000000000e+01 6.086000000000000000e+03
-5.456926822662353516e+00 2.669741868972778320e+00 7.422011345624923706e-03 9.600000000000000000e+01 5.817387200000000000e+07 3.490000000000000000e+02 3.100000000000000000e+01 5.200000000000000000e+01 6.075000000000000000e+03
-9.077256202697753906e+00 4.510186195373535156e+00 1.238345820456743240e-02 9.500000000000000000e+01 5.827155200000000000e+07 9.690000000000000000e+02 3.100000000000000000e+01 8.300000000000000000e+01 1.013600000000000000e+04
-1.071805191040039062e+01 5.407695770263671875e+00 1.466687116771936417e-02 3.200000000000000000e+01 5.836912000000000000e+07 4.400000000000000000e+02 3.100000000000000000e+01 5.600000000000000000e+01 1.200500000000000000e+04
-1.073718070983886719e+01 5.500257968902587891e+00 1.473895274102687836e-02 4.000000000000000000e+01 5.846635200000000000e+07 5.740000000000000000e+02 3.100000000000000000e+01 6.700000000000000000e+01 1.206400000000000000e+04
-1.086558818817138672e+01 5.650468826293945312e+00 1.496253069490194321e-02 2.700000000000000000e+01 5.856387200000000000e+07 3.940000000000000000e+02 3.100000000000000000e+01 8.200000000000000000e+01 1.224700000000000000e+04
-1.065649414062500000e+01 5.625070095062255859e+00 1.472184900194406509e-02 3.000000000000000000e+01 5.866176000000000000e+07 4.250000000000000000e+02 3.100000000000000000e+01 8.100000000000000000e+01 1.205000000000000000e+04
-1.080248165130615234e+01 5.787158012390136719e+00 1.497230306267738342e-02 3.200000000000000000e+01 5.875876800000000000e+07 4.720000000000000000e+02 3.100000000000000000e+01 6.700000000000000000e+01 1.225500000000000000e+04
-1.038283824920654297e+01 5.644608974456787109e+00 1.443840842694044113e-02 7.100000000000000000e+01 5.885656800000000000e+07 9.830000000000000000e+02 3.100000000000000000e+01 6.900000000000000000e+01 1.181800000000000000e+04
-1.054064273834228516e+01 5.814472198486328125e+00 1.470718812197446823e-02 4.500000000000000000e+01 5.895480800000000000e+07 6.420000000000000000e+02 3.100000000000000000e+01 8.100000000000000000e+01 1.203800000000000000e+04
-1.020894432067871094e+01 5.713480472564697266e+00 1.429302152246236801e-02 8.600000000000000000e+01 5.905248000000000000e+07 1.167000000000000000e+03 3.100000000000000000e+01 8.100000000000000000e+01 1.169900000000000000e+04
-1.079634380340576172e+01 6.129516601562500000e+00 1.516778115183115005e-02 4.600000000000000000e+01 5.914986000000000000e+07 6.980000000000000000e+02 3.100000000000000000e+01 8.000000000000000000e+01 1.241500000000000000e+04
-1.071780204772949219e+01 6.172191619873046875e+00 1.511035952717065811e-02 4.700000000000000000e+01 5.924832000000000000e+07 7.090000000000000000e+02 3.100000000000000000e+01 7.300000000000000000e+01 1.236800000000000000e+04
-9.809323310852050781e+00 5.729450225830078125e+00 1.387885585427284241e-02 6.100000000000000000e+01 5.934676000000000000e+07 7.740000000000000000e+02 3.100000000000000000e+01 1.170000000000000000e+02 1.136000000000000000e+04
-1.089420509338378906e+01 6.453084945678710938e+00 1.546954829245805740e-02 5.400000000000000000e+01 5.944388800000000000e+07 8.570000000000000000e+02 3.100000000000000000e+01 6.400000000000000000e+01 1.266200000000000000e+04
-1.083125877380371094e+01 6.505906581878662109e+00 1.543656084686517715e-02 4.100000000000000000e+01 5.954178000000000000e+07 6.310000000000000000e+02 3.100000000000000000e+01 5.400000000000000000e+01 1.263500000000000000e+04
-1.076124382019042969e+01 6.554037570953369141e+00 1.539380103349685669e-02 5.300000000000000000e+01 5.963944800000000000e+07 8.330000000000000000e+02 3.100000000000000000e+01 6.300000000000000000e+01 1.260000000000000000e+04
-1.070210742950439453e+01 6.608385562896728516e+00 1.536692306399345398e-02 4.800000000000000000e+01 5.973780000000000000e+07 7.500000000000000000e+02 3.100000000000000000e+01 6.700000000000000000e+01 1.257800000000000000e+04
-1.064440536499023438e+01 6.663315773010253906e+00 1.534248795360326767e-02 3.200000000000000000e+01 5.983554000000000000e+07 4.940000000000000000e+02 3.100000000000000000e+01 7.900000000000000000e+01 1.255800000000000000e+04
-1.066580200195312500e+01 6.768152236938476562e+00 1.543289702385663986e-02 4.500000000000000000e+01 5.993208000000000000e+07 6.960000000000000000e+02 3.100000000000000000e+01 4.400000000000000000e+01 1.263200000000000000e+04
-9.988242149353027344e+00 6.424499511718750000e+00 1.450926810503005981e-02 1.040000000000000000e+02 6.002946000000000000e+07 1.457000000000000000e+03 3.100000000000000000e+01 7.900000000000000000e+01 1.187600000000000000e+04
-1.075032138824462891e+01 7.008297443389892578e+00 1.567846350371837616e-02 3.400000000000000000e+01 6.012744800000000000e+07 5.480000000000000000e+02 3.100000000000000000e+01 8.300000000000000000e+01 1.283300000000000000e+04
-1.073047924041748047e+01 7.089563369750976562e+00 1.571267284452915192e-02 4.600000000000000000e+01 6.022548800000000000e+07 7.500000000000000000e+02 3.100000000000000000e+01 7.400000000000000000e+01 1.286100000000000000e+04
-1.083717727661132812e+01 7.255970954895019531e+00 1.593380607664585114e-02 4.600000000000000000e+01 6.032338000000000000e+07 7.700000000000000000e+02 3.100000000000000000e+01 8.700000000000000000e+01 1.304200000000000000e+04
-1.076928138732910156e+01 7.306609630584716797e+00 1.589959673583507538e-02 5.300000000000000000e+01 6.042120800000000000e+07 8.890000000000000000e+02 3.100000000000000000e+01 6.100000000000000000e+01 1.301400000000000000e+04
-1.073166275024414062e+01 7.377649784088134766e+00 1.591059379279613495e-02 3.500000000000000000e+01 6.051904800000000000e+07 5.850000000000000000e+02 3.100000000000000000e+01 6.000000000000000000e+01 1.302300000000000000e+04
-7.745140552520751953e+00 6.271611213684082031e+00 2.017965465784072876e-01 1.480000000000000000e+02 6.061688800000000000e+07 1.464000000000000000e+03 2.900000000000000000e+01 7.200000000000000000e+01 9.968000000000000000e+03
-1.077973651885986328e+01 7.508516311645507812e+00 1.604987122118473053e-02 5.400000000000000000e+01 6.061688800000000000e+07 9.060000000000000000e+02 3.100000000000000000e+01 5.500000000000000000e+01 1.313700000000000000e+04
-7.706512928009033203e+00 6.319016456604003906e+00 2.017965465784072876e-01 1.510000000000000000e+02 6.071436800000000000e+07 1.494000000000000000e+03 2.900000000000000000e+01 7.200000000000000000e+01 9.968000000000000000e+03
-1.070568275451660156e+01 7.554914474487304688e+00 1.600833050906658173e-02 3.900000000000000000e+01 6.071436800000000000e+07 6.600000000000000000e+02 3.100000000000000000e+01 6.300000000000000000e+01 1.310300000000000000e+04
-1.067620849609375000e+01 7.632674217224121094e+00 1.603398658335208893e-02 4.400000000000000000e+01 6.081368000000000000e+07 7.330000000000000000e+02 3.100000000000000000e+01 5.100000000000000000e+01 1.312400000000000000e+04
-1.056114196777343750e+01 7.648767471313476562e+00 1.593136228621006012e-02 4.900000000000000000e+01 6.091162000000000000e+07 8.210000000000000000e+02 3.100000000000000000e+01 8.500000000000000000e+01 1.304000000000000000e+04
-1.052610492706298828e+01 7.722297668457031250e+00 1.594968698918819427e-02 6.000000000000000000e+01 6.100700000000000000e+07 1.008000000000000000e+03 3.100000000000000000e+01 1.000000000000000000e+02 1.305500000000000000e+04
-1.048334026336669922e+01 7.790318489074707031e+00 1.595701836049556732e-02 6.600000000000000000e+01 6.110447200000000000e+07 1.114000000000000000e+03 3.100000000000000000e+01 8.000000000000000000e+01 1.306100000000000000e+04
-7.717899322509765625e+00 6.258339405059814453e+00 1.057923585176467896e-01 3.230000000000000000e+02 6.120266000000000000e+07 3.174000000000000000e+03 3.000000000000000000e+01 6.500000000000000000e+01 9.937000000000000000e+03
-7.674716949462890625e+00 6.301770687103271484e+00 1.057284846901893616e-01 2.350000000000000000e+02 6.130116800000000000e+07 2.311000000000000000e+03 3.000000000000000000e+01 8.600000000000000000e+01 9.931000000000000000e+03
-9.320501327514648438e+00 7.105381965637207031e+00 1.431867759674787521e-02 8.100000000000000000e+01 6.130116800000000000e+07 1.098000000000000000e+03 3.100000000000000000e+01 1.200000000000000000e+02 1.172000000000000000e+04
-1.014956474304199219e+01 7.936218738555908203e+00 1.574077270925045013e-02 1.100000000000000000e+02 6.149674000000000000e+07 1.811000000000000000e+03 3.100000000000000000e+01 1.020000000000000000e+02 1.288400000000000000e+04
-7.741395950317382812e+00 6.207783699035644531e+00 1.212322898209095001e-02 3.800000000000000000e+01 6.169148800000000000e+07 3.670000000000000000e+02 3.100000000000000000e+01 8.600000000000000000e+01 9.923000000000000000e+03
-7.721791267395019531e+00 6.270296096801757812e+00 1.215255074203014374e-02 2.220000000000000000e+02 6.178988000000000000e+07 2.181000000000000000e+03 3.100000000000000000e+01 6.400000000000000000e+01 9.947000000000000000e+03
-7.663862228393554688e+00 6.301680088043212891e+00 1.212200801819562912e-02 2.080000000000000000e+02 6.188758000000000000e+07 2.033000000000000000e+03 3.100000000000000000e+01 5.300000000000000000e+01 9.922000000000000000e+03
-2.479965448379516602e+00 4.913158416748046875e+00 1.633423417806625366e-01 1.980000000000000000e+02 6.678584000000000000e+07 5.950000000000000000e+02 2.800000000000000000e+01 9.100000000000000000e+01 5.506000000000000000e+03
-2.448882341384887695e+00 4.926492691040039062e+00 1.632830202579498291e-01 3.830000000000000000e+02 6.688204800000000000e+07 1.153000000000000000e+03 2.800000000000000000e+01 6.000000000000000000e+01 5.504000000000000000e+03
-3.968639612197875977e+00 7.641077041625976562e+00 1.743450909852981567e-01 3.260000000000000000e+02 6.717585600000000000e+07 2.412000000000000000e+03 2.900000000000000000e+01 9.400000000000000000e+01 8.612000000000000000e+03
-2.476721286773681641e+00 4.915125370025634766e+00 1.114456206560134888e-01 2.120000000000000000e+02 6.737091200000000000e+07 6.380000000000000000e+02 2.900000000000000000e+01 6.600000000000000000e+01 5.505000000000000000e+03
-2.431405782699584961e+00 4.899779796600341797e+00 1.107573136687278748e-01 2.870000000000000000e+02 6.746967200000000000e+07 8.510000000000000000e+02 2.900000000000000000e+01 8.200000000000000000e+01 5.471000000000000000e+03
-3.946484327316284180e+00 7.611203193664550781e+00 9.128144383430480957e-02 1.220000000000000000e+02 6.776318400000000000e+07 8.870000000000000000e+02 3.000000000000000000e+01 4.600000000000000000e+01 8.574000000000000000e+03
-2.460229158401489258e+00 4.890757083892822266e+00 5.828853696584701538e-02 1.400000000000000000e+01 6.795910400000000000e+07 3.800000000000000000e+01 3.000000000000000000e+01 3.000000000000000000e+01 5.475000000000000000e+03
-2.423515558242797852e+00 4.892320156097412109e+00 5.812883749604225159e-02 2.000000000000000000e+01 6.805908800000000000e+07 5.600000000000000000e+01 3.000000000000000000e+01 2.800000000000000000e+01 5.460000000000000000e+03
-3.984863758087158203e+00 7.583814620971679688e+00 1.046656258404254913e-02 1.710000000000000000e+02 6.825491200000000000e+07 1.249000000000000000e+03 3.100000000000000000e+01 8.800000000000000000e+01 8.567000000000000000e+03
-3.949288129806518555e+00 7.629436492919921875e+00 1.049588434398174286e-02 2.810000000000000000e+02 6.835255200000000000e+07 2.064000000000000000e+03 3.100000000000000000e+01 4.300000000000000000e+01 8.591000000000000000e+03
-2.492884874343872070e+00 4.889133453369140625e+00 6.704855710268020630e-03 1.330000000000000000e+02 6.845068800000000000e+07 3.990000000000000000e+02 3.100000000000000000e+01 7.400000000000000000e+01 5.488000000000000000e+03
-2.464633703231811523e+00 4.907912254333496094e+00 6.709742359817028046e-03 2.280000000000000000e+02 6.854744800000000000e+07 6.800000000000000000e+02 3.100000000000000000e+01 5.200000000000000000e+01 5.492000000000000000e+03
-2.422504663467407227e+00 4.898739814758300781e+00 6.676755379885435104e-03 1.670000000000000000e+02 6.864646400000000000e+07 4.940000000000000000e+02 3.100000000000000000e+01 8.100000000000000000e+01 5.465000000000000000e+03
-2.390212059020996094e+00 4.909016609191894531e+00 6.670646835118532181e-03 5.000000000000000000e+01 6.874393600000000000e+07 1.470000000000000000e+02 3.100000000000000000e+01 8.600000000000000000e+01 5.460000000000000000e+03
-6.305416673421859741e-02 6.850653886795043945e-01 7.324659731239080429e-03 6.000000000000000000e+01 7.392784000000000000e+07 3.000000000000000000e+00 3.000000000000000000e+01 1.500000000000000000e+01 6.880000000000000000e+02
-3.523537516593933105e-02 7.109815478324890137e-01 1.441403850913047791e-02 8.800000000000000000e+01 7.402520000000000000e+07 4.000000000000000000e+00 2.900000000000000000e+01 1.100000000000000000e+01 7.120000000000000000e+02
-1.860660128295421600e-02 7.345952391624450684e-01 4.146939143538475037e-02 8.700000000000000000e+01 7.441875200000000000e+07 5.000000000000000000e+00 2.500000000000000000e+01 1.500000000000000000e+01 7.360000000000000000e+02
-3.094645030796527863e-02 7.098563909530639648e-01 5.929028242826461792e-02 7.300000000000000000e+01 7.471369600000000000e+07 4.000000000000000000e+00 2.200000000000000000e+01 2.500000000000000000e+01 7.130000000000000000e+02
-2.182771824300289154e-02 6.972340345382690430e-01 5.820925161242485046e-02 7.600000000000000000e+01 7.491161600000000000e+07 3.000000000000000000e+00 2.200000000000000000e+01 1.700000000000000000e+01 7.000000000000000000e+02
-1.220230478793382645e-03 6.638716459274291992e-01 1.041971296072006226e-01 8.800000000000000000e+01 7.540463200000000000e+07 4.000000000000000000e+00 1.400000000000000000e+01 5.300000000000000000e+01 6.720000000000000000e+02
-1.770823262631893158e-02 7.392669916152954102e-01 2.776167169213294983e-02 1.360000000000000000e+02 7.560118400000000000e+07 6.000000000000000000e+00 2.700000000000000000e+01 1.100000000000000000e+01 7.400000000000000000e+02
