-1.461140252649784088e-02 -6.634918451309204102e-01 1.614129990339279175e-01 9.000000000000000000e+01 2.503834000000000000e+07 4.000000000000000000e+00 5.000000000000000000e+00 1.220000000000000000e+02 6.830000000000000000e+02
-1.687793992459774017e-02 -7.206954360008239746e-01 6.700213253498077393e-02 1.550000000000000000e+02 2.503834000000000000e+07 7.000000000000000000e+00 2.100000000000000000e+01 2.300000000000000000e+01 7.240000000000000000e+02
-8.167515695095062256e-02 -7.021408677101135254e-01 3.989174962043762207e-02 8.300000000000000000e+01 2.651042000000000000e+07 4.000000000000000000e+00 2.500000000000000000e+01 1.100000000000000000e+01 7.080000000000000000e+02
-6.991271674633026123e-02 -7.117857933044433594e-01 3.360339254140853882e-02 7.800000000000000000e+01 2.680440000000000000e+07 4.000000000000000000e+00 2.600000000000000000e+01 1.100000000000000000e+01 7.160000000000000000e+02
-7.220400869846343994e-02 -6.914735436439514160e-01 3.266474977135658264e-02 9.100000000000000000e+01 2.690094000000000000e+07 4.000000000000000000e+00 2.600000000000000000e+01 7.000000000000000000e+00 6.960000000000000000e+02
-1.120642200112342834e-01 -6.999580860137939453e-01 4.000443965196609497e-02 8.000000000000000000e+01 2.719465000000000000e+07 4.000000000000000000e+00 2.500000000000000000e+01 1.800000000000000000e+01 7.100000000000000000e+02
-6.485240906476974487e-02 -7.020852565765380859e-01 5.214858800172805786e-02 4.800000000000000000e+01 2.729219000000000000e+07 2.000000000000000000e+00 2.300000000000000000e+01 9.000000000000000000e+00 7.070000000000000000e+02
-1.183235719799995422e-01 -7.110757231712341309e-01 4.068057239055633545e-02 8.500000000000000000e+01 2.729219000000000000e+07 4.000000000000000000e+00 2.500000000000000000e+01 1.400000000000000000e+01 7.220000000000000000e+02
-1.180782765150070190e-01 -7.080751061439514160e-01 1.453550625592470169e-02 1.030000000000000000e+02 2.729219000000000000e+07 5.000000000000000000e+00 2.900000000000000000e+01 9.000000000000000000e+00 7.180000000000000000e+02
-9.488509595394134521e-02 -7.308244109153747559e-01 7.846329361200332642e-03 1.340000000000000000e+02 2.729219000000000000e+07 7.000000000000000000e+00 3.000000000000000000e+01 1.600000000000000000e+01 7.370000000000000000e+02
-4.459266662597656250e+00 -7.854416370391845703e+00 1.103466749191284180e-02 2.900000000000000000e+01 3.402900800000000000e+07 2.240000000000000000e+02 3.100000000000000000e+01 5.700000000000000000e+01 9.032000000000000000e+03
-4.580736160278320312e+00 -7.954293727874755859e+00 1.121426187455654144e-02 2.000000000000000000e+01 3.412643200000000000e+07 1.580000000000000000e+02 3.100000000000000000e+01 3.500000000000000000e+01 9.179000000000000000e+03
-4.559855461120605469e+00 -7.806873798370361328e+00 1.104566268622875214e-02 2.500000000000000000e+01 3.422423200000000000e+07 1.930000000000000000e+02 3.100000000000000000e+01 4.500000000000000000e+01 9.041000000000000000e+03
-4.605633258819580078e+00 -7.775307178497314453e+00 1.104077603667974472e-02 2.900000000000000000e+01 3.432215200000000000e+07 2.250000000000000000e+02 3.100000000000000000e+01 4.600000000000000000e+01 9.037000000000000000e+03
-4.665098190307617188e+00 -7.766617298126220703e+00 1.106887590140104294e-02 3.100000000000000000e+01 3.442024000000000000e+07 2.430000000000000000e+02 3.100000000000000000e+01 5.100000000000000000e+01 9.060000000000000000e+03
-4.699661254882812500e+00 -7.716495513916015625e+00 1.103833317756652832e-02 2.200000000000000000e+01 3.451794000000000000e+07 1.690000000000000000e+02 3.100000000000000000e+01 4.100000000000000000e+01 9.035000000000000000e+03
-4.745344161987304688e+00 -7.684960842132568359e+00 1.103466749191284180e-02 3.200000000000000000e+01 3.461480000000000000e+07 2.500000000000000000e+02 3.100000000000000000e+01 4.100000000000000000e+01 9.032000000000000000e+03
-4.738286972045898438e+00 -7.569241523742675781e+00 1.091005094349384308e-02 5.300000000000000000e+01 3.471319200000000000e+07 4.110000000000000000e+02 3.100000000000000000e+01 4.900000000000000000e+01 8.930000000000000000e+03
-4.813574790954589844e+00 -7.585620403289794922e+00 1.097602397203445435e-02 1.900000000000000000e+01 3.481240800000000000e+07 1.420000000000000000e+02 3.100000000000000000e+01 4.200000000000000000e+01 8.984000000000000000e+03
-4.855160236358642578e+00 -7.548372745513916016e+00 1.096502877771854401e-02 3.400000000000000000e+01 3.491004000000000000e+07 2.620000000000000000e+02 3.100000000000000000e+01 4.900000000000000000e+01 8.975000000000000000e+03
-4.900292396545410156e+00 -7.516764640808105469e+00 1.096258591860532761e-02 3.100000000000000000e+01 3.500870000000000000e+07 2.450000000000000000e+02 3.100000000000000000e+01 5.900000000000000000e+01 8.973000000000000000e+03
-4.357041358947753906e+00 -6.594643115997314453e+00 9.656555950641632080e-03 7.400000000000000000e+01 3.510642000000000000e+07 4.570000000000000000e+02 3.100000000000000000e+01 9.100000000000000000e+01 7.904000000000000000e+03
-4.968242645263671875e+00 -7.420333862304687500e+00 1.091005094349384308e-02 3.000000000000000000e+01 3.520364800000000000e+07 2.280000000000000000e+02 3.100000000000000000e+01 4.300000000000000000e+01 8.930000000000000000e+03
-4.976062774658203125e+00 -7.334266662597656250e+00 1.082819513976573944e-02 3.000000000000000000e+01 3.530251200000000000e+07 2.240000000000000000e+02 3.100000000000000000e+01 4.900000000000000000e+01 8.863000000000000000e+03
-4.996044635772705078e+00 -7.267336845397949219e+00 1.077443826943635941e-02 2.400000000000000000e+01 3.540008000000000000e+07 1.760000000000000000e+02 3.100000000000000000e+01 4.000000000000000000e+01 8.819000000000000000e+03
-5.133705615997314453e+00 -7.370296955108642578e+00 1.097358111292123795e-02 1.400000000000000000e+01 3.549740800000000000e+07 1.010000000000000000e+02 3.100000000000000000e+01 5.000000000000000000e+01 8.982000000000000000e+03
-5.139048099517822266e+00 -7.282282352447509766e+00 1.088928151875734329e-02 2.900000000000000000e+01 3.559520000000000000e+07 2.190000000000000000e+02 3.100000000000000000e+01 4.600000000000000000e+01 8.913000000000000000e+03
-5.189450740814208984e+00 -7.258747577667236328e+00 1.090149860829114914e-02 2.500000000000000000e+01 3.569334000000000000e+07 1.880000000000000000e+02 3.100000000000000000e+01 4.800000000000000000e+01 8.923000000000000000e+03
-5.176409244537353516e+00 -7.147398948669433594e+00 1.078176964074373245e-02 3.500000000000000000e+01 3.579215200000000000e+07 2.620000000000000000e+02 3.100000000000000000e+01 4.200000000000000000e+01 8.825000000000000000e+03
-5.199463367462158203e+00 -7.087281703948974609e+00 1.073900796473026276e-02 4.800000000000000000e+01 3.589054000000000000e+07 3.600000000000000000e+02 3.100000000000000000e+01 5.400000000000000000e+01 8.790000000000000000e+03
-5.310848712921142578e+00 -7.146746635437011719e+00 1.087828539311885834e-02 2.500000000000000000e+01 3.598868800000000000e+07 1.870000000000000000e+02 3.100000000000000000e+01 4.400000000000000000e+01 8.904000000000000000e+03
-5.319119453430175781e+00 -7.066886425018310547e+00 1.080620381981134415e-02 2.600000000000000000e+01 3.608698000000000000e+07 1.930000000000000000e+02 3.100000000000000000e+01 3.300000000000000000e+01 8.845000000000000000e+03
-5.375718593597412109e+00 -7.051611900329589844e+00 1.083308178931474686e-02 2.300000000000000000e+01 3.618456800000000000e+07 1.700000000000000000e+02 3.100000000000000000e+01 4.000000000000000000e+01 8.867000000000000000e+03
-5.401162624359130859e+00 -6.995539665222167969e+00 1.079765148460865021e-02 3.100000000000000000e+01 3.628210000000000000e+07 2.310000000000000000e+02 3.100000000000000000e+01 4.400000000000000000e+01 8.838000000000000000e+03
-5.439057350158691406e+00 -6.955965518951416016e+00 1.078787818551063538e-02 5.200000000000000000e+01 3.638014000000000000e+07 3.940000000000000000e+02 3.100000000000000000e+01 5.600000000000000000e+01 8.830000000000000000e+03
-5.317124366760253906e+00 -6.714708805084228516e+00 1.046411972492933273e-02 1.110000000000000000e+02 3.647786000000000000e+07 8.030000000000000000e+02 3.100000000000000000e+01 5.500000000000000000e+01 8.565000000000000000e+03
-5.572803974151611328e+00 -6.949546813964843750e+00 1.088317204266786575e-02 3.300000000000000000e+01 3.657636800000000000e+07 2.510000000000000000e+02 3.100000000000000000e+01 4.600000000000000000e+01 8.908000000000000000e+03
-5.573736190795898438e+00 -6.863986492156982422e+00 1.080253813415765762e-02 3.800000000000000000e+01 3.667384800000000000e+07 2.860000000000000000e+02 3.100000000000000000e+01 4.300000000000000000e+01 8.842000000000000000e+03
-5.589708328247070312e+00 -6.797989368438720703e+00 1.075244788080453873e-02 3.400000000000000000e+01 3.677367200000000000e+07 2.520000000000000000e+02 3.100000000000000000e+01 5.300000000000000000e+01 8.801000000000000000e+03
-5.630674839019775391e+00 -6.762794494628906250e+00 1.075122598558664322e-02 3.500000000000000000e+01 3.687115200000000000e+07 2.600000000000000000e+02 3.100000000000000000e+01 4.200000000000000000e+01 8.800000000000000000e+03
-5.666908264160156250e+00 -6.722002029418945312e+00 1.074145268648862839e-02 3.200000000000000000e+01 3.696919200000000000e+07 2.370000000000000000e+02 3.100000000000000000e+01 4.400000000000000000e+01 8.792000000000000000e+03
-5.563917636871337891e+00 -6.518252849578857422e+00 1.047022826969623566e-02 2.300000000000000000e+01 3.706723200000000000e+07 1.590000000000000000e+02 3.100000000000000000e+01 4.500000000000000000e+01 8.570000000000000000e+03
-5.609038829803466797e+00 -6.490043163299560547e+00 1.048000156879425049e-02 6.500000000000000000e+01 3.716394000000000000e+07 4.680000000000000000e+02 3.100000000000000000e+01 4.500000000000000000e+01 8.578000000000000000e+03
-5.760045051574707031e+00 -6.582688331604003906e+00 1.068647485226392746e-02 4.400000000000000000e+01 3.726132000000000000e+07 3.260000000000000000e+02 3.100000000000000000e+01 4.700000000000000000e+01 8.747000000000000000e+03
-5.787064552307128906e+00 -6.532250881195068359e+00 1.066203974187374115e-02 2.700000000000000000e+01 3.735908800000000000e+07 1.950000000000000000e+02 3.100000000000000000e+01 4.800000000000000000e+01 8.727000000000000000e+03
-5.845732212066650391e+00 -6.517463207244873047e+00 1.069624815136194229e-02 2.400000000000000000e+01 3.745699200000000000e+07 1.730000000000000000e+02 3.100000000000000000e+01 4.900000000000000000e+01 8.755000000000000000e+03
-5.757211685180664062e+00 -6.340071201324462891e+00 1.046289689838886261e-02 4.000000000000000000e+01 3.755400000000000000e+07 2.890000000000000000e+02 3.100000000000000000e+01 6.200000000000000000e+01 8.564000000000000000e+03
-5.765549659729003906e+00 -6.271498203277587891e+00 1.040791906416416168e-02 5.100000000000000000e+01 3.765116800000000000e+07 3.590000000000000000e+02 3.100000000000000000e+01 5.500000000000000000e+01 8.519000000000000000e+03
-5.807328701019287109e+00 -6.239663600921630859e+00 1.041402854025363922e-02 2.600000000000000000e+01 3.774850000000000000e+07 1.790000000000000000e+02 3.100000000000000000e+01 3.700000000000000000e+01 8.524000000000000000e+03
-5.874993801116943359e+00 -6.235209465026855469e+00 1.046656258404254913e-02 3.200000000000000000e+01 3.784652000000000000e+07 2.240000000000000000e+02 3.100000000000000000e+01 5.000000000000000000e+01 8.567000000000000000e+03
-5.908309936523437500e+00 -6.193978786468505859e+00 1.045801118016242981e-02 4.300000000000000000e+01 3.794268000000000000e+07 3.110000000000000000e+02 3.100000000000000000e+01 6.400000000000000000e+01 8.560000000000000000e+03
-5.873960494995117188e+00 -6.082797050476074219e+00 1.033095084130764008e-02 3.800000000000000000e+01 3.804026000000000000e+07 2.620000000000000000e+02 3.100000000000000000e+01 4.100000000000000000e+01 8.456000000000000000e+03
-5.862938880920410156e+00 -5.997300624847412109e+00 1.024665124714374542e-02 3.300000000000000000e+01 3.813800000000000000e+07 2.220000000000000000e+02 3.100000000000000000e+01 4.400000000000000000e+01 8.387000000000000000e+03
-5.884855270385742188e+00 -5.946287155151367188e+00 1.022099517285823822e-02 3.200000000000000000e+01 3.823619200000000000e+07 2.200000000000000000e+02 3.100000000000000000e+01 5.900000000000000000e+01 8.366000000000000000e+03
-5.841251850128173828e+00 -5.830239295959472656e+00 1.008293963968753815e-02 4.800000000000000000e+01 3.833364800000000000e+07 3.170000000000000000e+02 3.100000000000000000e+01 5.500000000000000000e+01 8.253000000000000000e+03
-5.852705001831054688e+00 -5.770417690277099609e+00 1.004140172153711319e-02 3.600000000000000000e+01 3.843052800000000000e+07 2.340000000000000000e+02 3.100000000000000000e+01 4.000000000000000000e+01 8.219000000000000000e+03
-5.881553173065185547e+00 -5.728117465972900391e+00 1.003040466457605362e-02 3.400000000000000000e+01 3.852764800000000000e+07 2.190000000000000000e+02 3.100000000000000000e+01 5.200000000000000000e+01 8.210000000000000000e+03
-5.918031215667724609e+00 -5.693308353424072266e+00 1.003284938633441925e-02 3.300000000000000000e+01 3.862436000000000000e+07 2.130000000000000000e+02 3.100000000000000000e+01 5.200000000000000000e+01 8.212000000000000000e+03
-6.016644001007080078e+00 -5.717507839202880859e+00 1.014036033302545547e-02 3.100000000000000000e+01 3.872228800000000000e+07 2.040000000000000000e+02 3.100000000000000000e+01 4.400000000000000000e+01 8.300000000000000000e+03
-5.977972507476806641e+00 -5.611359119415283203e+00 1.001696567982435226e-02 4.600000000000000000e+01 3.881960800000000000e+07 3.000000000000000000e+02 3.100000000000000000e+01 4.800000000000000000e+01 8.199000000000000000e+03
-5.927961826324462891e+00 -5.496383666992187500e+00 9.876467287540435791e-03 3.500000000000000000e+01 3.891730000000000000e+07 2.200000000000000000e+02 3.100000000000000000e+01 3.800000000000000000e+01 8.084000000000000000e+03
-5.822196960449218750e+00 -5.332256793975830078e+00 9.645559825003147125e-03 3.900000000000000000e+01 3.901518000000000000e+07 2.340000000000000000e+02 3.100000000000000000e+01 5.700000000000000000e+01 7.895000000000000000e+03
-5.987548828125000000e+00 -5.416515827178955078e+00 9.864250198006629944e-03 2.700000000000000000e+01 3.911287200000000000e+07 1.730000000000000000e+02 3.100000000000000000e+01 6.100000000000000000e+01 8.074000000000000000e+03
-5.824555397033691406e+00 -5.204439163208007812e+00 9.542934596538543701e-03 1.730000000000000000e+02 3.921060000000000000e+07 1.046000000000000000e+03 3.100000000000000000e+01 5.700000000000000000e+01 7.811000000000000000e+03
-6.109049320220947266e+00 -5.391598224639892578e+00 9.954658336937427521e-03 2.500000000000000000e+01 3.930776800000000000e+07 1.630000000000000000e+02 3.100000000000000000e+01 6.000000000000000000e+01 8.148000000000000000e+03
-6.108848571777343750e+00 -5.325099945068359375e+00 9.900901466608047485e-03 3.400000000000000000e+01 3.940443200000000000e+07 2.150000000000000000e+02 3.100000000000000000e+01 3.800000000000000000e+01 8.104000000000000000e+03
-6.011062145233154297e+00 -5.175293445587158203e+00 9.690764360129833221e-03 4.500000000000000000e+01 3.950304000000000000e+07 2.740000000000000000e+02 3.100000000000000000e+01 4.300000000000000000e+01 7.932000000000000000e+03
-6.010707855224609375e+00 -5.111105918884277344e+00 9.639451280236244202e-03 3.400000000000000000e+01 3.959918000000000000e+07 2.030000000000000000e+02 3.100000000000000000e+01 4.700000000000000000e+01 7.890000000000000000e+03
-5.996009349822998047e+00 -5.035542011260986328e+00 9.566147811710834503e-03 3.500000000000000000e+01 3.969727200000000000e+07 2.060000000000000000e+02 3.100000000000000000e+01 4.200000000000000000e+01 7.830000000000000000e+03
-6.021406173706054688e+00 -4.994187831878662109e+00 9.557595476508140564e-03 2.100000000000000000e+01 3.979628000000000000e+07 1.200000000000000000e+02 3.100000000000000000e+01 3.700000000000000000e+01 7.823000000000000000e+03
-6.051936626434326172e+00 -4.957147121429443359e+00 9.557595476508140564e-03 3.600000000000000000e+01 3.989400800000000000e+07 2.120000000000000000e+02 3.100000000000000000e+01 4.400000000000000000e+01 7.823000000000000000e+03
-5.967949390411376953e+00 -4.827470779418945312e+00 9.378001093864440918e-03 3.500000000000000000e+01 3.999282000000000000e+07 1.980000000000000000e+02 3.100000000000000000e+01 4.400000000000000000e+01 7.676000000000000000e+03
-5.966204643249511719e+00 -4.765796184539794922e+00 9.329131804406642914e-03 4.500000000000000000e+01 4.009051200000000000e+07 2.550000000000000000e+02 3.100000000000000000e+01 3.200000000000000000e+01 7.636000000000000000e+03
-9.907772064208984375e+00 -7.250397682189941406e+00 1.307153701782226562e-01 7.300000000000000000e+01 4.018712000000000000e+07 1.083000000000000000e+03 3.000000000000000000e+01 1.310000000000000000e+02 1.227800000000000000e+04
-5.973351001739501953e+00 -4.711757659912109375e+00 9.294923394918441772e-03 2.400000000000000000e+01 4.018712000000000000e+07 1.300000000000000000e+02 3.100000000000000000e+01 5.300000000000000000e+01 7.608000000000000000e+03
-1.066212463378906250e+01 -7.702415466308593750e+00 1.400415301322937012e-01 6.600000000000000000e+01 4.028540800000000000e+07 1.130000000000000000e+03 3.000000000000000000e+01 8.300000000000000000e+01 1.315400000000000000e+04
-5.993471145629882812e+00 -4.668258190155029297e+00 9.281484410166740417e-03 5.600000000000000000e+01 4.028540800000000000e+07 3.160000000000000000e+02 3.100000000000000000e+01 3.100000000000000000e+01 7.597000000000000000e+03
-6.003770351409912109e+00 -4.617373466491699219e+00 9.253384545445442200e-03 1.800000000000000000e+01 4.038274000000000000e+07 9.500000000000000000e+01 3.100000000000000000e+01 5.000000000000000000e+01 7.574000000000000000e+03
-6.001725673675537109e+00 -4.557466983795166016e+00 9.206959046423435211e-03 3.600000000000000000e+01 4.048066000000000000e+07 1.960000000000000000e+02 3.100000000000000000e+01 4.900000000000000000e+01 7.536000000000000000e+03
-6.017575263977050781e+00 -4.511557579040527344e+00 9.188633412122726440e-03 3.500000000000000000e+01 4.057835200000000000e+07 1.900000000000000000e+02 3.100000000000000000e+01 4.600000000000000000e+01 7.521000000000000000e+03
-6.047555446624755859e+00 -4.476334095001220703e+00 9.192298166453838348e-03 2.200000000000000000e+01 4.067536000000000000e+07 1.160000000000000000e+02 3.100000000000000000e+01 4.900000000000000000e+01 7.524000000000000000e+03
-1.140020084381103516e+01 -7.714708328247070312e+00 1.465570777654647827e-01 2.800000000000000000e+01 4.077427200000000000e+07 5.130000000000000000e+02 3.000000000000000000e+01 1.080000000000000000e+02 1.376600000000000000e+04
-6.013545513153076172e+00 -4.394302845001220703e+00 9.099447168409824371e-03 4.000000000000000000e+01 4.077427200000000000e+07 2.150000000000000000e+02 3.100000000000000000e+01 3.700000000000000000e+01 7.448000000000000000e+03
-1.063820934295654297e+01 -7.104280471801757812e+00 1.361982077360153198e-01 1.090000000000000000e+02 4.087211200000000000e+07 1.768000000000000000e+03 3.000000000000000000e+01 1.110000000000000000e+02 1.279300000000000000e+04
-6.021741867065429688e+00 -4.343865871429443359e+00 9.071346372365951538e-03 4.100000000000000000e+01 4.087211200000000000e+07 2.180000000000000000e+02 3.100000000000000000e+01 5.500000000000000000e+01 7.425000000000000000e+03
-1.069830036163330078e+01 -7.049876213073730469e+00 1.364111453294754028e-01 4.000000000000000000e+01 4.096928800000000000e+07 6.410000000000000000e+02 3.000000000000000000e+01 1.130000000000000000e+02 1.281300000000000000e+04
-6.069460868835449219e+00 -4.321916580200195312e+00 9.103111922740936279e-03 3.400000000000000000e+01 4.096928800000000000e+07 1.810000000000000000e+02 3.100000000000000000e+01 5.100000000000000000e+01 7.451000000000000000e+03
-9.538370132446289062e+00 -6.201911449432373047e+00 1.211336851119995117e-01 3.700000000000000000e+01 4.106722000000000000e+07 4.660000000000000000e+02 3.000000000000000000e+01 1.150000000000000000e+02 1.137800000000000000e+04
-6.097502231597900391e+00 -4.285744190216064453e+00 9.105555713176727295e-03 1.800000000000000000e+01 4.106722000000000000e+07 9.200000000000000000e+01 3.100000000000000000e+01 4.300000000000000000e+01 7.453000000000000000e+03
-6.100677967071533203e+00 -4.232289314270019531e+00 9.071346372365951538e-03 6.700000000000000000e+01 4.116516000000000000e+07 3.620000000000000000e+02 3.100000000000000000e+01 4.200000000000000000e+01 7.425000000000000000e+03
-1.195002651214599609e+01 -7.562979698181152344e+00 1.505707353353500366e-01 3.400000000000000000e+01 4.126232800000000000e+07 6.610000000000000000e+02 3.000000000000000000e+01 1.110000000000000000e+02 1.414300000000000000e+04
-6.179339885711669922e+00 -4.230933666229248047e+00 9.149537421762943268e-03 2.900000000000000000e+01 4.126232800000000000e+07 1.540000000000000000e+02 3.100000000000000000e+01 5.700000000000000000e+01 7.489000000000000000e+03
-1.195464515686035156e+01 -7.463565349578857422e+00 1.500490605831146240e-01 5.000000000000000000e+01 4.136068000000000000e+07 9.710000000000000000e+02 3.000000000000000000e+01 1.280000000000000000e+02 1.409400000000000000e+04
-6.107412338256835938e+00 -4.126872539520263672e+00 9.005373343825340271e-03 3.000000000000000000e+01 4.136068000000000000e+07 1.560000000000000000e+02 3.100000000000000000e+01 3.900000000000000000e+01 7.371000000000000000e+03
-1.196530628204345703e+01 -7.368574142456054688e+00 1.496125608682632446e-01 3.600000000000000000e+01 4.145872000000000000e+07 6.940000000000000000e+02 3.000000000000000000e+01 9.800000000000000000e+01 1.405300000000000000e+04
-5.854733943939208984e+00 -3.904022216796875000e+00 8.597315289080142975e-03 3.500000000000000000e+01 4.145872000000000000e+07 1.670000000000000000e+02 3.100000000000000000e+01 3.300000000000000000e+01 7.037000000000000000e+03
-1.216583919525146484e+01 -7.389495372772216797e+00 1.515501886606216431e-01 7.100000000000000000e+01 4.155748000000000000e+07 1.425000000000000000e+03 3.000000000000000000e+01 8.000000000000000000e+01 1.423500000000000000e+04
-6.155089855194091797e+00 -4.049965858459472656e+00 9.001708589494228363e-03 3.000000000000000000e+01 4.155748000000000000e+07 1.560000000000000000e+02 3.100000000000000000e+01 3.900000000000000000e+01 7.368000000000000000e+03
-1.203166866302490234e+01 -7.207313060760498047e+00 1.493251174688339233e-01 5.500000000000000000e+01 4.165387200000000000e+07 1.064000000000000000e+03 3.000000000000000000e+01 1.050000000000000000e+02 1.402600000000000000e+04
-6.119434833526611328e+00 -3.972916126251220703e+00 8.913744240999221802e-03 1.700000000000000000e+01 4.165387200000000000e+07 8.300000000000000000e+01 3.100000000000000000e+01 3.900000000000000000e+01 7.296000000000000000e+03
-1.139723777770996094e+01 -6.732590675354003906e+00 1.409358233213424683e-01 6.500000000000000000e+01 4.175114000000000000e+07 1.120000000000000000e+03 3.000000000000000000e+01 1.250000000000000000e+02 1.323800000000000000e+04
-5.955916881561279297e+00 -3.815011978149414062e+00 8.641297928988933563e-03 2.900000000000000000e+01 4.175114000000000000e+07 1.380000000000000000e+02 3.100000000000000000e+01 3.700000000000000000e+01 7.073000000000000000e+03
-1.237064647674560547e+01 -7.205579757690429688e+00 1.524231880903244019e-01 5.900000000000000000e+01 4.184755200000000000e+07 1.188000000000000000e+03 3.000000000000000000e+01 1.190000000000000000e+02 1.431700000000000000e+04
-5.958924293518066406e+00 -3.765574455261230469e+00 8.611976169049739838e-03 2.700000000000000000e+01 4.184755200000000000e+07 1.270000000000000000e+02 3.100000000000000000e+01 5.400000000000000000e+01 7.049000000000000000e+03
-1.279009151458740234e+01 -7.345163822174072266e+00 1.570330411195755005e-01 4.300000000000000000e+01 4.194543200000000000e+07 9.130000000000000000e+02 3.000000000000000000e+01 1.200000000000000000e+02 1.475000000000000000e+04
-5.946275234222412109e+00 -3.706722497940063477e+00 8.560664020478725433e-03 2.700000000000000000e+01 4.194543200000000000e+07 1.260000000000000000e+02 3.100000000000000000e+01 4.200000000000000000e+01 7.007000000000000000e+03
-1.206221389770507812e+01 -6.829075813293457031e+00 1.475791186094284058e-01 5.600000000000000000e+01 4.204455200000000000e+07 1.048000000000000000e+03 3.000000000000000000e+01 1.670000000000000000e+02 1.386200000000000000e+04
-6.035351753234863281e+00 -3.711022377014160156e+00 8.655958808958530426e-03 2.800000000000000000e+01 4.204455200000000000e+07 1.340000000000000000e+02 3.100000000000000000e+01 4.000000000000000000e+01 7.085000000000000000e+03
-1.383276653289794922e+01 -7.719786643981933594e+00 1.686588078737258911e-01 3.000000000000000000e+01 4.214116000000000000e+07 7.200000000000000000e+02 3.000000000000000000e+01 1.530000000000000000e+02 1.584200000000000000e+04
-6.058863639831542969e+00 -3.674438714981079102e+00 8.657180704176425934e-03 4.300000000000000000e+01 4.214116000000000000e+07 2.090000000000000000e+02 3.100000000000000000e+01 3.800000000000000000e+01 7.086000000000000000e+03
-1.049445343017578125e+01 -5.772580146789550781e+00 1.275214701890945435e-01 9.500000000000000000e+01 4.223956000000000000e+07 1.354000000000000000e+03 3.000000000000000000e+01 7.300000000000000000e+01 1.197800000000000000e+04
-6.052974224090576172e+00 -3.620254278182983398e+00 8.616863749921321869e-03 2.500000000000000000e+01 4.223956000000000000e+07 1.170000000000000000e+02 3.100000000000000000e+01 4.400000000000000000e+01 7.053000000000000000e+03
-1.452775287628173828e+01 -7.875413894653320312e+00 1.759408861398696899e-01 2.900000000000000000e+01 4.233740000000000000e+07 7.680000000000000000e+02 3.000000000000000000e+01 1.000000000000000000e+02 1.652600000000000000e+04
-6.045788288116455078e+00 -3.565773248672485352e+00 8.575324900448322296e-03 2.400000000000000000e+01 4.233740000000000000e+07 1.120000000000000000e+02 3.100000000000000000e+01 4.100000000000000000e+01 7.019000000000000000e+03
-1.313639068603515625e+01 -7.017218112945556641e+00 1.585661172866821289e-01 3.000000000000000000e+01 4.243426000000000000e+07 6.470000000000000000e+02 3.000000000000000000e+01 9.500000000000000000e+01 1.489400000000000000e+04
-6.066689014434814453e+00 -3.528106927871704102e+00 8.574102073907852173e-03 2.200000000000000000e+01 4.243426000000000000e+07 1.020000000000000000e+02 3.100000000000000000e+01 3.800000000000000000e+01 7.018000000000000000e+03
-1.224478149414062500e+01 -6.444678783416748047e+00 1.473236083984375000e-01 9.500000000000000000e+01 4.253183200000000000e+07 1.806000000000000000e+03 3.000000000000000000e+01 7.700000000000000000e+01 1.383800000000000000e+04
-6.089090347290039062e+00 -3.491313695907592773e+00 8.575324900448322296e-03 2.500000000000000000e+01 4.253183200000000000e+07 1.170000000000000000e+02 3.100000000000000000e+01 3.300000000000000000e+01 7.019000000000000000e+03
-6.164371967315673828e+00 -3.484394788742065430e+00 8.651072159409523010e-03 2.700000000000000000e+01 4.262920800000000000e+07 1.290000000000000000e+02 3.100000000000000000e+01 3.400000000000000000e+01 7.081000000000000000e+03
-1.264442157745361328e+01 -6.458124637603759766e+00 1.511669158935546875e-01 2.800000000000000000e+01 4.272652800000000000e+07 5.470000000000000000e+02 3.000000000000000000e+01 1.000000000000000000e+02 1.419900000000000000e+04
-6.113131046295166016e+00 -3.406106948852539062e+00 8.549667894840240479e-03 1.300000000000000000e+01 4.272652800000000000e+07 5.700000000000000000e+01 3.100000000000000000e+01 3.800000000000000000e+01 6.998000000000000000e+03
-1.395853233337402344e+01 -7.021650791168212891e+00 1.663592010736465454e-01 4.600000000000000000e+01 4.282339200000000000e+07 1.095000000000000000e+03 3.000000000000000000e+01 1.310000000000000000e+02 1.562600000000000000e+04
-6.231209278106689453e+00 -3.421963930130004883e+00 8.685279637575149536e-03 1.700000000000000000e+01 4.282339200000000000e+07 7.900000000000000000e+01 3.100000000000000000e+01 3.900000000000000000e+01 7.109000000000000000e+03
-1.296554374694824219e+01 -6.422760009765625000e+00 1.540520638227462769e-01 8.200000000000000000e+01 4.292096800000000000e+07 1.698000000000000000e+03 3.000000000000000000e+01 1.060000000000000000e+02 1.447000000000000000e+04
-6.209875106811523438e+00 -3.360819101333618164e+00 8.626637049019336700e-03 2.300000000000000000e+01 4.292096800000000000e+07 1.080000000000000000e+02 3.100000000000000000e+01 4.000000000000000000e+01 7.061000000000000000e+03
-1.257691097259521484e+01 -6.134424209594726562e+00 1.489844322204589844e-01 3.900000000000000000e+01 4.301752800000000000e+07 7.450000000000000000e+02 3.000000000000000000e+01 1.100000000000000000e+02 1.399400000000000000e+04
-6.301851272583007812e+00 -3.360768318176269531e+00 8.725597523152828217e-03 3.400000000000000000e+01 4.301752800000000000e+07 1.660000000000000000e+02 3.100000000000000000e+01 5.000000000000000000e+01 7.142000000000000000e+03
-1.300372314453125000e+01 -6.244124412536621094e+00 1.535836309194564819e-01 3.000000000000000000e+01 4.311527200000000000e+07 6.030000000000000000e+02 3.000000000000000000e+01 1.180000000000000000e+02 1.442600000000000000e+04
-4.782928943634033203e+00 -2.513157367706298828e+00 6.601008586585521698e-03 8.600000000000000000e+01 4.311527200000000000e+07 2.490000000000000000e+02 3.100000000000000000e+01 9.900000000000000000e+01 5.403000000000000000e+03
-1.271543025970458984e+01 -6.009962558746337891e+00 1.497403234243392944e-01 2.000000000000000000e+01 4.321295200000000000e+07 3.830000000000000000e+02 3.000000000000000000e+01 7.300000000000000000e+01 1.406500000000000000e+04
-4.760960102081298828e+00 -2.464455127716064453e+00 6.549695506691932678e-03 1.310000000000000000e+02 4.321295200000000000e+07 3.740000000000000000e+02 3.100000000000000000e+01 8.100000000000000000e+01 5.361000000000000000e+03
-1.457171916961669922e+01 -6.778268814086914062e+00 1.711074560880661011e-01 3.000000000000000000e+01 4.331139200000000000e+07 7.530000000000000000e+02 3.000000000000000000e+01 9.600000000000000000e+01 1.607200000000000000e+04
-5.769320011138916016e+00 -2.941676855087280273e+00 7.911925204098224640e-03 8.000000000000000000e+01 4.331139200000000000e+07 3.290000000000000000e+02 3.100000000000000000e+01 5.200000000000000000e+01 6.476000000000000000e+03
-1.447937965393066406e+01 -6.627553939819335938e+00 1.695424616336822510e-01 3.700000000000000000e+01 4.340804800000000000e+07 9.200000000000000000e+02 3.000000000000000000e+01 8.300000000000000000e+01 1.592500000000000000e+04
-6.118804454803466797e+00 -3.072714328765869141e+00 8.365186862647533417e-03 4.000000000000000000e+01 4.340804800000000000e+07 1.820000000000000000e+02 3.100000000000000000e+01 3.000000000000000000e+01 6.847000000000000000e+03
-1.352504348754882812e+01 -6.090635776519775391e+00 1.579273343086242676e-01 7.100000000000000000e+01 4.350624000000000000e+07 1.541000000000000000e+03 3.000000000000000000e+01 1.130000000000000000e+02 1.483400000000000000e+04
-6.116926193237304688e+00 -3.024917125701904297e+00 8.337086997926235199e-03 2.500000000000000000e+01 4.350624000000000000e+07 1.100000000000000000e+02 3.100000000000000000e+01 3.300000000000000000e+01 6.824000000000000000e+03
-1.400100612640380859e+01 -6.201925277709960938e+00 1.630375683307647705e-01 8.200000000000000000e+01 4.360423200000000000e+07 1.905000000000000000e+03 3.000000000000000000e+01 9.000000000000000000e+01 1.531400000000000000e+04
-6.229775905609130859e+00 -3.033293008804321289e+00 8.465369231998920441e-03 1.700000000000000000e+01 4.360423200000000000e+07 7.400000000000000000e+01 3.100000000000000000e+01 5.600000000000000000e+01 6.929000000000000000e+03
-1.333933162689208984e+01 -5.811182975769042969e+00 1.549144238233566284e-01 2.000000000000000000e+01 4.370227200000000000e+07 4.080000000000000000e+02 3.000000000000000000e+01 8.300000000000000000e+01 1.455100000000000000e+04
-6.227530002593994141e+00 -2.985069036483764648e+00 8.437268435955047607e-03 1.600000000000000000e+01 4.370227200000000000e+07 7.000000000000000000e+01 3.100000000000000000e+01 3.900000000000000000e+01 6.906000000000000000e+03
-1.479024887084960938e+01 -6.335576057434082031e+00 1.713097542524337769e-01 1.500000000000000000e+01 4.379888000000000000e+07 3.710000000000000000e+02 3.000000000000000000e+01 7.600000000000000000e+01 1.609100000000000000e+04
-6.222214698791503906e+00 -2.935707092285156250e+00 8.405503816902637482e-03 1.900000000000000000e+01 4.379888000000000000e+07 8.300000000000000000e+01 3.100000000000000000e+01 4.700000000000000000e+01 6.880000000000000000e+03
-1.422706413269042969e+01 -5.991284370422363281e+00 1.643577069044113159e-01 2.200000000000000000e+01 4.389672000000000000e+07 5.070000000000000000e+02 3.000000000000000000e+01 8.200000000000000000e+01 1.543800000000000000e+04
-5.984339237213134766e+00 -2.778710603713989258e+00 8.060975931584835052e-03 3.600000000000000000e+01 4.389672000000000000e+07 1.510000000000000000e+02 3.100000000000000000e+01 3.100000000000000000e+01 6.598000000000000000e+03
-1.100025367736816406e+01 -4.553151130676269531e+00 1.267549395561218262e-01 4.900000000000000000e+01 4.399415200000000000e+07 6.830000000000000000e+02 3.000000000000000000e+01 9.500000000000000000e+01 1.190600000000000000e+04
-6.004914283752441406e+00 -2.743601083755493164e+00 8.065862581133842468e-03 4.900000000000000000e+01 4.399415200000000000e+07 2.080000000000000000e+02 3.100000000000000000e+01 4.100000000000000000e+01 6.602000000000000000e+03
-6.136559009552001953e+00 -2.758361816406250000e+00 8.219800889492034912e-03 2.000000000000000000e+01 4.409300800000000000e+07 8.400000000000000000e+01 3.100000000000000000e+01 4.200000000000000000e+01 6.728000000000000000e+03
-6.147881031036376953e+00 -2.718230485916137695e+00 8.212470449507236481e-03 2.400000000000000000e+01 4.418950000000000000e+07 1.020000000000000000e+02 3.100000000000000000e+01 4.200000000000000000e+01 6.722000000000000000e+03
-6.183702468872070312e+00 -2.688830614089965820e+00 8.238127455115318298e-03 2.100000000000000000e+01 4.428658000000000000e+07 9.000000000000000000e+01 3.100000000000000000e+01 3.500000000000000000e+01 6.743000000000000000e+03
-6.197325706481933594e+00 -2.649657964706420898e+00 8.234461769461631775e-03 2.600000000000000000e+01 4.438424800000000000e+07 1.120000000000000000e+02 3.100000000000000000e+01 3.800000000000000000e+01 6.740000000000000000e+03
-6.176591873168945312e+00 -2.596083164215087891e+00 8.185592480003833771e-03 2.400000000000000000e+01 4.448152800000000000e+07 1.010000000000000000e+02 3.100000000000000000e+01 5.600000000000000000e+01 6.700000000000000000e+03
-6.168375015258789062e+00 -2.548208236694335938e+00 8.153827860951423645e-03 2.200000000000000000e+01 4.457915200000000000e+07 9.200000000000000000e+01 3.100000000000000000e+01 3.900000000000000000e+01 6.674000000000000000e+03
-4.601225376129150391e+00 -1.309337019920349121e+00 1.419826447963714600e-01 1.310000000000000000e+02 4.467580800000000000e+07 2.970000000000000000e+02 2.800000000000000000e+01 4.300000000000000000e+01 4.786000000000000000e+03
-6.206131935119628906e+00 -2.519339084625244141e+00 8.183149620890617371e-03 2.200000000000000000e+01 4.467580800000000000e+07 9.300000000000000000e+01 3.100000000000000000e+01 3.100000000000000000e+01 6.698000000000000000e+03
-4.652510166168212891e+00 -1.293125033378601074e+00 1.433176398277282715e-01 1.700000000000000000e+02 4.477334000000000000e+07 3.940000000000000000e+02 2.800000000000000000e+01 3.600000000000000000e+01 4.831000000000000000e+03
-1.458785343170166016e+01 -5.215399742126464844e+00 1.649432480335235596e-01 3.500000000000000000e+01 4.477334000000000000e+07 8.230000000000000000e+02 3.000000000000000000e+01 8.200000000000000000e+01 1.549300000000000000e+04
-6.105366706848144531e+00 -2.434906482696533203e+00 8.030433207750320435e-03 2.400000000000000000e+01 4.477334000000000000e+07 9.800000000000000000e+01 3.100000000000000000e+01 4.900000000000000000e+01 6.573000000000000000e+03
-4.673862457275390625e+00 -1.268218040466308594e+00 1.437329649925231934e-01 9.600000000000000000e+01 4.487175200000000000e+07 2.220000000000000000e+02 2.800000000000000000e+01 4.800000000000000000e+01 4.845000000000000000e+03
-1.293332195281982422e+01 -4.534570693969726562e+00 1.459182947874069214e-01 1.900000000000000000e+01 4.487175200000000000e+07 3.460000000000000000e+02 3.000000000000000000e+01 6.500000000000000000e+01 1.370600000000000000e+04
-6.178851604461669922e+00 -2.420377016067504883e+00 8.107401430606842041e-03 3.100000000000000000e+01 4.487175200000000000e+07 1.300000000000000000e+02 3.100000000000000000e+01 5.500000000000000000e+01 6.636000000000000000e+03
-1.431410980224609375e+01 -4.920273780822753906e+00 1.611531674861907959e-01 2.100000000000000000e+01 4.496794000000000000e+07 4.620000000000000000e+02 3.000000000000000000e+01 9.700000000000000000e+01 1.513700000000000000e+04
-6.235586643218994141e+00 -2.398574352264404297e+00 8.162379264831542969e-03 2.900000000000000000e+01 4.496794000000000000e+07 1.230000000000000000e+02 3.100000000000000000e+01 4.000000000000000000e+01 6.681000000000000000e+03
-6.279187679290771484e+00 -2.371220111846923828e+00 8.200253359973430634e-03 2.500000000000000000e+01 4.506500800000000000e+07 1.060000000000000000e+02 3.100000000000000000e+01 4.400000000000000000e+01 6.712000000000000000e+03
-4.672873020172119141e+00 -1.357291102409362793e+00 9.852967411279678345e-02 1.040000000000000000e+02 4.516360800000000000e+07 2.450000000000000000e+02 2.900000000000000000e+01 7.200000000000000000e+01 4.867000000000000000e+03
-1.468011760711669922e+01 -4.845482349395751953e+00 1.645919233560562134e-01 1.400000000000000000e+01 4.516360800000000000e+07 3.180000000000000000e+02 3.000000000000000000e+01 7.800000000000000000e+01 1.546000000000000000e+04
-6.353629589080810547e+00 -2.354889392852783203e+00 8.278444409370422363e-03 1.700000000000000000e+01 4.516360800000000000e+07 7.200000000000000000e+01 3.100000000000000000e+01 3.800000000000000000e+01 6.776000000000000000e+03
-4.675342559814453125e+00 -1.326955437660217285e+00 9.840820729732513428e-02 2.010000000000000000e+02 4.526007200000000000e+07 4.710000000000000000e+02 2.900000000000000000e+01 5.700000000000000000e+01 4.861000000000000000e+03
-6.311572551727294922e+00 -2.295353412628173828e+00 8.205140940845012665e-03 2.100000000000000000e+01 4.526007200000000000e+07 8.900000000000000000e+01 3.100000000000000000e+01 3.800000000000000000e+01 6.716000000000000000e+03
-4.672798633575439453e+00 -1.295305371284484863e+00 9.818552434444427490e-02 1.940000000000000000e+02 4.535754000000000000e+07 4.530000000000000000e+02 2.900000000000000000e+01 6.000000000000000000e+01 4.850000000000000000e+03
-6.139049053192138672e+00 -2.190054893493652344e+00 7.963237352669239044e-03 3.000000000000000000e+01 4.535754000000000000e+07 1.220000000000000000e+02 3.100000000000000000e+01 2.300000000000000000e+01 6.518000000000000000e+03
-4.707680702209472656e+00 -1.273921608924865723e+00 9.875236451625823975e-02 1.400000000000000000e+02 4.545487200000000000e+07 3.300000000000000000e+02 2.900000000000000000e+01 4.900000000000000000e+01 4.878000000000000000e+03
-6.194847106933593750e+00 -2.167204856872558594e+00 8.018215186893939972e-03 2.500000000000000000e+01 4.545487200000000000e+07 1.020000000000000000e+02 3.100000000000000000e+01 3.900000000000000000e+01 6.563000000000000000e+03
-6.243972778320312500e+00 -2.141481161117553711e+00 8.064641617238521576e-03 3.000000000000000000e+01 4.555348000000000000e+07 1.250000000000000000e+02 3.100000000000000000e+01 4.100000000000000000e+01 6.601000000000000000e+03
-6.301546096801757812e+00 -2.118103027343750000e+00 8.122062310576438904e-03 1.700000000000000000e+01 4.564996800000000000e+07 7.000000000000000000e+01 3.100000000000000000e+01 3.100000000000000000e+01 6.648000000000000000e+03
-4.657210350036621094e+00 -1.349271774291992188e+00 5.162394791841506958e-02 1.260000000000000000e+02 4.574688800000000000e+07 2.930000000000000000e+02 3.000000000000000000e+01 4.000000000000000000e+01 4.849000000000000000e+03
-6.361915111541748047e+00 -2.095036983489990234e+00 8.183149620890617371e-03 2.300000000000000000e+01 4.574688800000000000e+07 9.700000000000000000e+01 3.100000000000000000e+01 3.200000000000000000e+01 6.698000000000000000e+03
-4.675209045410156250e+00 -1.326091051101684570e+00 2.283247262239456177e-01 1.770000000000000000e+02 4.584524000000000000e+07 4.160000000000000000e+02 2.600000000000000000e+01 5.100000000000000000e+01 4.865000000000000000e+03
-4.667325496673583984e+00 -1.321214914321899414e+00 5.164524167776107788e-02 1.420000000000000000e+02 4.584524000000000000e+07 3.320000000000000000e+02 3.000000000000000000e+01 8.800000000000000000e+01 4.851000000000000000e+03
-6.366084575653076172e+00 -2.053198814392089844e+00 8.172153495252132416e-03 4.700000000000000000e+01 4.584524000000000000e+07 2.040000000000000000e+02 3.100000000000000000e+01 5.300000000000000000e+01 6.689000000000000000e+03
-4.683257579803466797e+00 -1.297379493713378906e+00 2.283247262239456177e-01 1.290000000000000000e+02 4.594260800000000000e+07 3.020000000000000000e+02 2.600000000000000000e+01 4.400000000000000000e+01 4.865000000000000000e+03
-4.682091236114501953e+00 -1.294417023658752441e+00 5.171976238489151001e-02 1.600000000000000000e+02 4.594260800000000000e+07 3.760000000000000000e+02 3.000000000000000000e+01 7.100000000000000000e+01 4.858000000000000000e+03
-6.304183006286621094e+00 -1.990612506866455078e+00 8.076858706772327423e-03 4.300000000000000000e+01 4.594260800000000000e+07 1.820000000000000000e+02 3.100000000000000000e+01 4.500000000000000000e+01 6.611000000000000000e+03
-4.698633670806884766e+00 -1.268008589744567871e+00 5.181558057665824890e-02 1.080000000000000000e+02 4.604055200000000000e+07 2.520000000000000000e+02 3.000000000000000000e+01 4.800000000000000000e+01 4.867000000000000000e+03
-6.331564903259277344e+00 -1.956617116928100586e+00 8.096406236290931702e-03 2.000000000000000000e+01 4.604055200000000000e+07 8.200000000000000000e+01 3.100000000000000000e+01 3.900000000000000000e+01 6.627000000000000000e+03
-1.471560764312744141e+01 -3.874553680419921875e+00 1.620155125856399536e-01 6.200000000000000000e+01 4.613890000000000000e+07 1.417000000000000000e+03 3.000000000000000000e+01 9.200000000000000000e+01 1.521800000000000000e+04
-6.339622497558593750e+00 -1.916573047637939453e+00 8.091518655419349670e-03 2.700000000000000000e+01 4.613890000000000000e+07 1.130000000000000000e+02 3.100000000000000000e+01 3.200000000000000000e+01 6.623000000000000000e+03
-4.664433956146240234e+00 -1.378956675529479980e+00 5.942496005445718765e-03 4.300000000000000000e+01 4.623575200000000000e+07 9.800000000000000000e+01 3.100000000000000000e+01 4.200000000000000000e+01 4.864000000000000000e+03
-4.715125560760498047e+00 -1.364322781562805176e+00 1.842774897813796997e-01 7.400000000000000000e+01 4.633410000000000000e+07 1.770000000000000000e+02 2.700000000000000000e+01 6.800000000000000000e+01 4.912000000000000000e+03
-4.632457733154296875e+00 -1.338650465011596680e+00 5.891182925552129745e-03 1.280000000000000000e+02 4.633410000000000000e+07 2.940000000000000000e+02 3.100000000000000000e+01 4.100000000000000000e+01 4.822000000000000000e+03
-4.674366474151611328e+00 -1.321500778198242188e+00 1.823641806840896606e-01 2.530000000000000000e+02 4.643132000000000000e+07 5.960000000000000000e+02 2.700000000000000000e+01 6.900000000000000000e+01 4.861000000000000000e+03
-1.478443241119384766e+01 -3.603031158447265625e+00 1.620155125856399536e-01 4.900000000000000000e+01 4.643132000000000000e+07 1.116000000000000000e+03 3.000000000000000000e+01 9.300000000000000000e+01 1.521800000000000000e+04
-4.647320747375488281e+00 -1.312103033065795898e+00 5.899734795093536377e-03 1.490000000000000000e+02 4.643132000000000000e+07 3.440000000000000000e+02 3.100000000000000000e+01 5.100000000000000000e+01 4.829000000000000000e+03
-4.676607131958007812e+00 -1.291198849678039551e+00 1.821390837430953979e-01 2.050000000000000000e+02 4.652855200000000000e+07 4.770000000000000000e+02 2.700000000000000000e+01 5.500000000000000000e+01 4.855000000000000000e+03
-4.662033081054687500e+00 -1.285423636436462402e+00 5.908287595957517624e-03 1.630000000000000000e+02 4.652855200000000000e+07 3.800000000000000000e+02 3.100000000000000000e+01 5.800000000000000000e+01 4.836000000000000000e+03
-4.660175800323486328e+00 -1.254194855690002441e+00 5.896070040762424469e-03 8.700000000000000000e+01 4.662576800000000000e+07 2.010000000000000000e+02 3.100000000000000000e+01 6.400000000000000000e+01 4.826000000000000000e+03
-4.661980152130126953e+00 -1.224053263664245605e+00 5.888739600777626038e-03 2.000000000000000000e+01 4.672320000000000000e+07 4.500000000000000000e+01 3.100000000000000000e+01 6.300000000000000000e+01 4.820000000000000000e+03
-6.052786350250244141e+00 -1.549588084220886230e+00 7.633370347321033478e-03 2.700000000000000000e+01 4.682020800000000000e+07 1.000000000000000000e+02 3.100000000000000000e+01 3.900000000000000000e+01 6.248000000000000000e+03
-6.392068862915039062e+00 -1.594721674919128418e+00 8.048758842051029205e-03 1.500000000000000000e+01 4.691938000000000000e+07 6.000000000000000000e+01 3.100000000000000000e+01 3.100000000000000000e+01 6.588000000000000000e+03
-6.392016887664794922e+00 -1.553109645843505859e+00 8.036541752517223358e-03 1.900000000000000000e+01 4.701552800000000000e+07 7.600000000000000000e+01 3.100000000000000000e+01 4.200000000000000000e+01 6.578000000000000000e+03
-1.449003982543945312e+01 -2.878386974334716797e+00 1.572885513305664062e-01 5.200000000000000000e+01 4.711443200000000000e+07 1.114000000000000000e+03 3.000000000000000000e+01 1.110000000000000000e+02 1.477400000000000000e+04
-6.378069877624511719e+00 -1.508336305618286133e+00 8.007219992578029633e-03 4.100000000000000000e+01 4.711443200000000000e+07 1.700000000000000000e+02 3.100000000000000000e+01 3.600000000000000000e+01 6.554000000000000000e+03
-6.395975589752197266e+00 -1.471190214157104492e+00 8.018215186893939972e-03 3.600000000000000000e+01 4.721160800000000000e+07 1.490000000000000000e+02 3.100000000000000000e+01 4.100000000000000000e+01 6.563000000000000000e+03
-1.394620990753173828e+01 -2.592881917953491211e+00 1.510285288095474243e-01 4.700000000000000000e+01 4.730867200000000000e+07 9.180000000000000000e+02 3.000000000000000000e+01 1.610000000000000000e+02 1.418600000000000000e+04
-6.440015316009521484e+00 -1.439772129058837891e+00 8.062197826802730560e-03 1.500000000000000000e+01 4.730867200000000000e+07 5.900000000000000000e+01 3.100000000000000000e+01 4.700000000000000000e+01 6.599000000000000000e+03
-1.491849899291992188e+01 -2.679053783416748047e+00 1.613767296075820923e-01 5.600000000000000000e+01 4.740608800000000000e+07 1.264000000000000000e+03 3.000000000000000000e+01 1.130000000000000000e+02 1.515800000000000000e+04
-6.431138038635253906e+00 -1.396410465240478516e+00 8.040206506848335266e-03 1.400000000000000000e+01 4.740608800000000000e+07 5.500000000000000000e+01 3.100000000000000000e+01 4.300000000000000000e+01 6.581000000000000000e+03
-6.453284263610839844e+00 -1.359809994697570801e+00 8.057311177253723145e-03 2.400000000000000000e+01 4.750376800000000000e+07 9.900000000000000000e+01 3.100000000000000000e+01 3.600000000000000000e+01 6.595000000000000000e+03
-6.513433933258056641e+00 -1.330797433853149414e+00 8.122062310576438904e-03 3.400000000000000000e+01 4.760115200000000000e+07 1.440000000000000000e+02 3.100000000000000000e+01 4.700000000000000000e+01 6.648000000000000000e+03
-1.387532043457031250e+01 -2.228909254074096680e+00 1.496232151985168457e-01 4.700000000000000000e+01 4.769919200000000000e+07 9.080000000000000000e+02 3.000000000000000000e+01 1.210000000000000000e+02 1.405400000000000000e+04
-6.528343677520751953e+00 -1.292165756225585938e+00 8.130614645779132843e-03 1.900000000000000000e+01 4.769919200000000000e+07 7.800000000000000000e+01 3.100000000000000000e+01 4.000000000000000000e+01 6.655000000000000000e+03
-1.454097461700439453e+01 -2.244403123855590820e+00 1.566497683525085449e-01 3.100000000000000000e+01 4.779678000000000000e+07 6.500000000000000000e+02 3.000000000000000000e+01 1.140000000000000000e+02 1.471400000000000000e+04
-6.763023853302001953e+00 -1.295545101165771484e+00 8.412834256887435913e-03 2.400000000000000000e+01 4.779678000000000000e+07 1.070000000000000000e+02 3.100000000000000000e+01 4.500000000000000000e+01 6.886000000000000000e+03
-6.628270626068115234e+00 -1.227617263793945312e+00 8.235683664679527283e-03 2.800000000000000000e+01 4.789456000000000000e+07 1.210000000000000000e+02 3.100000000000000000e+01 3.900000000000000000e+01 6.741000000000000000e+03
-7.003835201263427734e+00 -1.252776145935058594e+00 8.692610077559947968e-03 1.800000000000000000e+01 4.799235200000000000e+07 8.400000000000000000e+01 3.100000000000000000e+01 4.600000000000000000e+01 7.115000000000000000e+03
-6.940438747406005859e+00 -1.197535514831542969e+00 8.604645729064941406e-03 1.300000000000000000e+01 4.808940800000000000e+07 5.700000000000000000e+01 3.100000000000000000e+01 5.300000000000000000e+01 7.043000000000000000e+03
-7.097598075866699219e+00 -1.179852485656738281e+00 8.790348656475543976e-03 1.900000000000000000e+01 4.818643200000000000e+07 9.200000000000000000e+01 3.100000000000000000e+01 3.500000000000000000e+01 7.195000000000000000e+03
-1.336439418792724609e+01 -1.644863009452819824e+00 1.433631777763366699e-01 2.200000000000000000e+01 4.828476800000000000e+07 3.760000000000000000e+02 3.000000000000000000e+01 1.460000000000000000e+02 1.346600000000000000e+04
-7.029657840728759766e+00 -1.124277830123901367e+00 8.697497658431529999e-03 3.100000000000000000e+01 4.828476800000000000e+07 1.500000000000000000e+02 3.100000000000000000e+01 4.800000000000000000e+01 7.119000000000000000e+03
-6.581759929656982422e+00 -1.011265873908996582e+00 8.135501295328140259e-03 2.300000000000000000e+01 4.838067200000000000e+07 9.900000000000000000e+01 3.100000000000000000e+01 6.800000000000000000e+01 6.659000000000000000e+03
-6.352384090423583984e+00 -9.361622333526611328e-01 7.844730280339717865e-03 6.100000000000000000e+01 4.847864000000000000e+07 2.490000000000000000e+02 3.100000000000000000e+01 5.900000000000000000e+01 6.421000000000000000e+03
-6.911524772644042969e+00 -9.752727746963500977e-01 8.527677506208419800e-03 3.000000000000000000e+01 4.857674000000000000e+07 1.400000000000000000e+02 3.100000000000000000e+01 4.100000000000000000e+01 6.980000000000000000e+03
-6.863862991333007812e+00 -9.256291985511779785e-01 8.461703546345233917e-03 9.000000000000000000e+01 4.867548800000000000e+07 4.250000000000000000e+02 3.100000000000000000e+01 5.600000000000000000e+01 6.926000000000000000e+03
-7.251268386840820312e+00 -9.326073527336120605e-01 8.932069875299930573e-03 2.900000000000000000e+01 4.877276800000000000e+07 1.470000000000000000e+02 3.100000000000000000e+01 4.700000000000000000e+01 7.311000000000000000e+03
-1.420493316650390625e+01 -1.219587445259094238e+00 1.517950594425201416e-01 3.800000000000000000e+01 4.886871200000000000e+07 7.470000000000000000e+02 3.000000000000000000e+01 1.430000000000000000e+02 1.425800000000000000e+04
-7.216157913208007812e+00 -8.831164836883544922e-01 8.881978690624237061e-03 1.400000000000000000e+01 4.886871200000000000e+07 6.700000000000000000e+01 3.100000000000000000e+01 4.100000000000000000e+01 7.270000000000000000e+03
-1.455903053283691406e+01 -1.160043716430664062e+00 1.554999798536300659e-01 6.700000000000000000e+01 4.896552000000000000e+07 1.407000000000000000e+03 3.000000000000000000e+01 1.200000000000000000e+02 1.460600000000000000e+04
-7.467783927917480469e+00 -8.674368262290954590e-01 9.184967726469039917e-03 2.300000000000000000e+01 4.896552000000000000e+07 1.220000000000000000e+02 3.100000000000000000e+01 3.800000000000000000e+01 7.518000000000000000e+03
-7.481912136077880859e+00 -8.225826621055603027e-01 9.195963852107524872e-03 1.900000000000000000e+01 4.906326000000000000e+07 1.000000000000000000e+02 3.100000000000000000e+01 4.200000000000000000e+01 7.527000000000000000e+03
-7.473887920379638672e+00 -7.753176093101501465e-01 9.180081076920032501e-03 4.100000000000000000e+01 4.916002000000000000e+07 2.240000000000000000e+02 3.100000000000000000e+01 3.700000000000000000e+01 7.514000000000000000e+03
-7.491443157196044922e+00 -7.307061553001403809e-01 9.195963852107524872e-03 2.600000000000000000e+01 4.925784800000000000e+07 1.390000000000000000e+02 3.100000000000000000e+01 4.800000000000000000e+01 7.527000000000000000e+03
-7.652134418487548828e+00 -6.990079283714294434e-01 9.387775324285030365e-03 2.800000000000000000e+01 4.935460800000000000e+07 1.570000000000000000e+02 3.100000000000000000e+01 4.700000000000000000e+01 7.684000000000000000e+03
-7.472943305969238281e+00 -6.364284753799438477e-01 9.162977337837219238e-03 2.800000000000000000e+01 4.945287200000000000e+07 1.490000000000000000e+02 3.100000000000000000e+01 5.200000000000000000e+01 7.500000000000000000e+03
-7.782753944396972656e+00 -6.147370338439941406e-01 9.538047946989536285e-03 3.500000000000000000e+01 4.955068800000000000e+07 2.100000000000000000e+02 3.100000000000000000e+01 6.500000000000000000e+01 7.807000000000000000e+03
-7.633783817291259766e+00 -5.558600425720214844e-01 9.351123124361038208e-03 5.400000000000000000e+01 4.964816800000000000e+07 3.130000000000000000e+02 3.100000000000000000e+01 6.000000000000000000e+01 7.654000000000000000e+03
-7.290818691253662109e+00 -4.859331846237182617e-01 8.927182294428348541e-03 5.800000000000000000e+01 4.974492800000000000e+07 3.060000000000000000e+02 3.100000000000000000e+01 6.800000000000000000e+01 7.307000000000000000e+03
-7.585130691528320312e+00 -4.588190615177154541e-01 9.283928200602531433e-03 4.500000000000000000e+01 4.984190000000000000e+07 2.510000000000000000e+02 3.100000000000000000e+01 5.400000000000000000e+01 7.599000000000000000e+03
-8.133997917175292969e+00 -4.419453740119934082e-01 9.952215477824211121e-03 3.100000000000000000e+01 4.993958000000000000e+07 1.960000000000000000e+02 3.100000000000000000e+01 5.200000000000000000e+01 8.146000000000000000e+03
-8.184499740600585938e+00 -3.943377733230590820e-01 1.001085713505744934e-02 2.800000000000000000e+01 5.003710000000000000e+07 1.780000000000000000e+02 3.100000000000000000e+01 4.900000000000000000e+01 8.194000000000000000e+03
-8.223731994628906250e+00 -3.456650376319885254e-01 1.005606073886156082e-02 3.300000000000000000e+01 5.013463200000000000e+07 2.140000000000000000e+02 3.100000000000000000e+01 4.700000000000000000e+01 8.231000000000000000e+03
-8.318638801574707031e+00 -2.985340356826782227e-01 1.016968209296464920e-02 2.000000000000000000e+01 5.023308800000000000e+07 1.290000000000000000e+02 3.100000000000000000e+01 3.700000000000000000e+01 8.324000000000000000e+03
-8.445259094238281250e+00 -2.512026727199554443e-01 1.032239850610494614e-02 3.300000000000000000e+01 5.033036000000000000e+07 2.320000000000000000e+02 3.100000000000000000e+01 5.800000000000000000e+01 8.449000000000000000e+03
-8.326674461364746094e+00 -1.965470463037490845e-01 1.017579156905412674e-02 4.700000000000000000e+01 5.042670000000000000e+07 3.220000000000000000e+02 3.100000000000000000e+01 7.500000000000000000e+01 8.329000000000000000e+03
-8.297728538513183594e+00 -1.449279338121414185e-01 1.013913936913013458e-02 4.300000000000000000e+01 5.052428000000000000e+07 2.920000000000000000e+02 3.100000000000000000e+01 7.400000000000000000e+01 8.299000000000000000e+03
-8.289462089538574219e+00 -9.390934556722640991e-02 1.012814324349164963e-02 3.700000000000000000e+01 5.062207200000000000e+07 2.500000000000000000e+02 3.100000000000000000e+01 6.600000000000000000e+01 8.290000000000000000e+03
-8.705876350402832031e+00 -4.520440474152565002e-02 1.063638366758823395e-02 6.800000000000000000e+01 5.071820800000000000e+07 5.040000000000000000e+02 3.100000000000000000e+01 5.100000000000000000e+01 8.706000000000000000e+03
-7.843990802764892578e+00 7.401346229016780853e-03 9.583251550793647766e-03 1.870000000000000000e+02 5.081568800000000000e+07 1.142000000000000000e+03 3.100000000000000000e+01 4.800000000000000000e+01 7.844000000000000000e+03
-8.589778900146484375e+00 6.081228330731391907e-02 1.049466244876384735e-02 2.000000000000000000e+01 5.091352800000000000e+07 1.370000000000000000e+02 3.100000000000000000e+01 5.600000000000000000e+01 8.590000000000000000e+03
-8.759228706359863281e+00 1.157635822892189026e-01 1.070235669612884521e-02 1.800000000000000000e+01 5.101152000000000000e+07 1.340000000000000000e+02 3.100000000000000000e+01 6.000000000000000000e+01 8.760000000000000000e+03
-8.697364807128906250e+00 1.683266609907150269e-01 1.062783133238554001e-02 4.700000000000000000e+01 5.110802000000000000e+07 3.440000000000000000e+02 3.100000000000000000e+01 5.700000000000000000e+01 8.699000000000000000e+03
-9.050053596496582031e+00 2.307110279798507690e-01 1.106032356619834900e-02 2.500000000000000000e+01 5.120544000000000000e+07 1.930000000000000000e+02 3.100000000000000000e+01 5.000000000000000000e+01 9.053000000000000000e+03
-9.050466537475585938e+00 2.863000035285949707e-01 1.106276735663414001e-02 3.000000000000000000e+01 5.130380000000000000e+07 2.350000000000000000e+02 3.100000000000000000e+01 4.500000000000000000e+01 9.055000000000000000e+03
-8.711779594421386719e+00 3.291054666042327881e-01 1.065104454755783081e-02 5.100000000000000000e+01 5.140080800000000000e+07 3.770000000000000000e+02 3.100000000000000000e+01 4.900000000000000000e+01 8.718000000000000000e+03
-8.780528068542480469e+00 3.856692910194396973e-01 1.073778700083494186e-02 5.800000000000000000e+01 5.149814000000000000e+07 4.370000000000000000e+02 3.100000000000000000e+01 5.400000000000000000e+01 8.789000000000000000e+03
-9.152526855468750000e+00 4.582920968532562256e-01 1.119593624025583267e-02 4.300000000000000000e+01 5.159663200000000000e+07 3.560000000000000000e+02 3.100000000000000000e+01 7.400000000000000000e+01 9.164000000000000000e+03
-8.681282997131347656e+00 4.881139397621154785e-01 1.062294468283653259e-02 3.900000000000000000e+01 5.169350000000000000e+07 2.900000000000000000e+02 3.100000000000000000e+01 7.500000000000000000e+01 8.695000000000000000e+03
-9.509507179260253906e+00 5.932367444038391113e-01 1.164064649492502213e-02 3.000000000000000000e+01 5.179160000000000000e+07 2.590000000000000000e+02 3.100000000000000000e+01 5.500000000000000000e+01 9.528000000000000000e+03
-9.190428733825683594e+00 6.299650669097900391e-01 1.125457976013422012e-02 4.700000000000000000e+01 5.188871200000000000e+07 3.950000000000000000e+02 3.100000000000000000e+01 5.800000000000000000e+01 9.212000000000000000e+03
-9.485555648803710938e+00 7.086961865425109863e-01 1.162109710276126862e-02 6.400000000000000000e+01 5.198464800000000000e+07 5.660000000000000000e+02 3.100000000000000000e+01 5.600000000000000000e+01 9.512000000000000000e+03
-9.570734977722167969e+00 7.741411924362182617e-01 1.173105370253324509e-02 3.300000000000000000e+01 5.208279200000000000e+07 2.910000000000000000e+02 3.100000000000000000e+01 5.600000000000000000e+01 9.602000000000000000e+03
-9.544884681701660156e+00 8.310300707817077637e-01 1.170539762824773788e-02 3.700000000000000000e+01 5.218108000000000000e+07 3.270000000000000000e+02 3.100000000000000000e+01 4.300000000000000000e+01 9.581000000000000000e+03
-9.572463035583496094e+00 8.926447629928588867e-01 1.174571458250284195e-02 6.500000000000000000e+01 5.227774000000000000e+07 5.870000000000000000e+02 3.100000000000000000e+01 5.100000000000000000e+01 9.614000000000000000e+03
-9.623525619506835938e+00 9.570040106773376465e-01 1.181535329669713974e-02 5.100000000000000000e+01 5.237583200000000000e+07 4.630000000000000000e+02 3.100000000000000000e+01 5.100000000000000000e+01 9.671000000000000000e+03
-9.611506462097167969e+00 1.015404462814331055e+00 1.180802285671234131e-02 6.800000000000000000e+01 5.247208800000000000e+07 6.220000000000000000e+02 3.100000000000000000e+01 4.400000000000000000e+01 9.665000000000000000e+03
-7.679269790649414062e+00 1.715420722961425781e+00 2.335326820611953735e-01 2.310000000000000000e+02 5.256942000000000000e+07 1.423000000000000000e+03 2.800000000000000000e+01 4.600000000000000000e+01 7.872000000000000000e+03
-9.636896133422851562e+00 1.077917575836181641e+00 1.184711791574954987e-02 4.400000000000000000e+01 5.256942000000000000e+07 4.010000000000000000e+02 3.100000000000000000e+01 3.600000000000000000e+01 9.697000000000000000e+03
-9.746293067932128906e+00 1.150747060775756836e+00 1.199006009846925735e-02 6.400000000000000000e+01 5.266760800000000000e+07 6.040000000000000000e+02 3.100000000000000000e+01 3.600000000000000000e+01 9.814000000000000000e+03
-9.811491966247558594e+00 1.219531774520874023e+00 1.207924634218215942e-02 7.800000000000000000e+01 5.276452000000000000e+07 7.480000000000000000e+02 3.100000000000000000e+01 5.400000000000000000e+01 9.887000000000000000e+03
-9.826631546020507812e+00 1.282688140869140625e+00 1.210734713822603226e-02 4.300000000000000000e+01 5.286246000000000000e+07 4.080000000000000000e+02 3.100000000000000000e+01 4.700000000000000000e+01 9.910000000000000000e+03
-9.970164299011230469e+00 1.363692879676818848e+00 1.229427196085453033e-02 4.300000000000000000e+01 5.296004000000000000e+07 4.210000000000000000e+02 3.100000000000000000e+01 4.700000000000000000e+01 1.006300000000000000e+04
-7.679565906524658203e+00 1.671608209609985352e+00 1.591415256261825562e-01 9.500000000000000000e+01 5.305780800000000000e+07 5.810000000000000000e+02 2.900000000000000000e+01 1.150000000000000000e+02 7.861000000000000000e+03
-9.957648277282714844e+00 1.424276590347290039e+00 1.228938344866037369e-02 5.000000000000000000e+01 5.305780800000000000e+07 4.920000000000000000e+02 3.100000000000000000e+01 4.400000000000000000e+01 1.005900000000000000e+04
-7.678920269012451172e+00 1.720883965492248535e+00 1.593439579010009766e-01 3.360000000000000000e+02 5.315364800000000000e+07 2.065000000000000000e+03 2.900000000000000000e+01 8.200000000000000000e+01 7.871000000000000000e+03
-9.752892494201660156e+00 1.456111311912536621e+00 1.204748172312974930e-02 4.000000000000000000e+01 5.315364800000000000e+07 3.840000000000000000e+02 3.100000000000000000e+01 6.300000000000000000e+01 9.861000000000000000e+03
-9.813930511474609375e+00 1.526841282844543457e+00 1.213422417640686035e-02 4.700000000000000000e+01 5.325092800000000000e+07 4.580000000000000000e+02 3.100000000000000000e+01 6.900000000000000000e+01 9.932000000000000000e+03
-9.860645294189453125e+00 1.596137762069702148e+00 1.220386289060115814e-02 6.900000000000000000e+01 5.334744000000000000e+07 6.740000000000000000e+02 3.100000000000000000e+01 5.200000000000000000e+01 9.989000000000000000e+03
-1.263506889343261719e+01 2.597342014312744141e+00 1.373373717069625854e-01 4.300000000000000000e+01 5.344578000000000000e+07 7.030000000000000000e+02 3.000000000000000000e+01 8.400000000000000000e+01 1.290000000000000000e+04
-9.838831901550292969e+00 1.654621362686157227e+00 1.218920201063156128e-02 4.600000000000000000e+01 5.344578000000000000e+07 4.530000000000000000e+02 3.100000000000000000e+01 6.000000000000000000e+01 9.977000000000000000e+03
-1.262280654907226562e+01 2.675649642944335938e+00 1.373799592256546021e-01 4.000000000000000000e+01 5.354187200000000000e+07 6.570000000000000000e+02 3.000000000000000000e+01 6.500000000000000000e+01 1.290400000000000000e+04
-9.831449508666992188e+00 1.715475916862487793e+00 1.219286769628524780e-02 7.800000000000000000e+01 5.354187200000000000e+07 7.620000000000000000e+02 3.100000000000000000e+01 5.400000000000000000e+01 9.980000000000000000e+03
-7.637546062469482422e+00 1.667960047721862793e+00 8.323283493518829346e-02 1.410000000000000000e+02 5.364002000000000000e+07 8.590000000000000000e+02 3.000000000000000000e+01 6.100000000000000000e+01 7.818000000000000000e+03
-9.896509170532226562e+00 1.789469003677368164e+00 1.228694058954715729e-02 4.200000000000000000e+01 5.364002000000000000e+07 4.110000000000000000e+02 3.100000000000000000e+01 4.700000000000000000e+01 1.005700000000000000e+04
-7.625216960906982422e+00 1.714353084564208984e+00 8.321154117584228516e-02 1.930000000000000000e+02 5.373771200000000000e+07 1.164000000000000000e+03 3.000000000000000000e+01 4.800000000000000000e+01 7.816000000000000000e+03
-1.026082324981689453e+01 1.920434594154357910e+00 1.275364123284816742e-02 3.800000000000000000e+01 5.373771200000000000e+07 3.990000000000000000e+02 3.100000000000000000e+01 4.800000000000000000e+01 1.043900000000000000e+04
-1.016244983673095703e+01 1.966638326644897461e+00 1.264613028615713120e-02 3.500000000000000000e+01 5.383563200000000000e+07 3.590000000000000000e+02 3.100000000000000000e+01 5.400000000000000000e+01 1.035100000000000000e+04
-1.004918956756591797e+01 2.008767127990722656e+00 1.252029091119766235e-02 3.000000000000000000e+01 5.393352800000000000e+07 3.000000000000000000e+02 3.100000000000000000e+01 4.500000000000000000e+01 1.024800000000000000e+04
-1.046466350555419922e+01 2.158676624298095703e+00 1.305418740957975388e-02 3.300000000000000000e+01 5.403228000000000000e+07 3.620000000000000000e+02 3.100000000000000000e+01 3.200000000000000000e+01 1.068500000000000000e+04
-7.607823848724365234e+00 1.618090391159057617e+00 9.502617642283439636e-03 5.500000000000000000e+01 5.412971200000000000e+07 3.240000000000000000e+02 3.100000000000000000e+01 5.400000000000000000e+01 7.778000000000000000e+03
-7.660269260406494141e+00 1.678438663482666016e+00 9.580808691680431366e-03 1.890000000000000000e+02 5.422676800000000000e+07 1.154000000000000000e+03 3.100000000000000000e+01 4.900000000000000000e+01 7.842000000000000000e+03
-7.604953289031982422e+00 1.715288639068603516e+00 9.524608962237834930e-03 1.660000000000000000e+02 5.432460800000000000e+07 9.990000000000000000e+02 3.100000000000000000e+01 7.300000000000000000e+01 7.796000000000000000e+03
-7.617664337158203125e+00 1.767343521118164062e+00 9.553929790854454041e-03 6.300000000000000000e+01 5.442122000000000000e+07 3.800000000000000000e+02 3.100000000000000000e+01 1.000000000000000000e+02 7.820000000000000000e+03
-1.011435127258300781e+01 2.412085294723510742e+00 1.270355097949504852e-02 7.100000000000000000e+01 5.451992800000000000e+07 7.610000000000000000e+02 3.100000000000000000e+01 6.700000000000000000e+01 1.039800000000000000e+04
-1.010130310058593750e+01 2.474576234817504883e+00 1.270599476993083954e-02 1.180000000000000000e+02 5.461622000000000000e+07 1.269000000000000000e+03 3.100000000000000000e+01 8.100000000000000000e+01 1.040000000000000000e+04
-1.017611980438232422e+01 2.559192180633544922e+00 1.281961519271135330e-02 8.800000000000000000e+01 5.471288000000000000e+07 9.610000000000000000e+02 3.100000000000000000e+01 7.800000000000000000e+01 1.049300000000000000e+04
-1.039939308166503906e+01 2.683294296264648438e+00 1.312138326466083527e-02 7.200000000000000000e+01 5.481168800000000000e+07 8.240000000000000000e+02 3.100000000000000000e+01 6.200000000000000000e+01 1.074000000000000000e+04
-1.031699466705322266e+01 2.729660511016845703e+00 1.303830556571483612e-02 6.000000000000000000e+01 5.490876800000000000e+07 6.670000000000000000e+02 3.100000000000000000e+01 5.200000000000000000e+01 1.067200000000000000e+04
-9.701660156250000000e+00 2.630655765533447266e+00 1.228083204478025436e-02 1.010000000000000000e+02 5.500567200000000000e+07 1.014000000000000000e+03 3.100000000000000000e+01 7.600000000000000000e+01 1.005200000000000000e+04
-1.047735214233398438e+01 2.910120010375976562e+00 1.328509487211704254e-02 7.400000000000000000e+01 5.510458000000000000e+07 8.670000000000000000e+02 3.100000000000000000e+01 8.000000000000000000e+01 1.087400000000000000e+04
-1.053817176818847656e+01 2.996782302856445312e+00 1.338527631014585495e-02 3.800000000000000000e+01 5.520171200000000000e+07 4.380000000000000000e+02 3.100000000000000000e+01 5.600000000000000000e+01 1.095600000000000000e+04
-1.051478481292724609e+01 3.059989690780639648e+00 1.337916776537895203e-02 6.800000000000000000e+01 5.529928000000000000e+07 8.080000000000000000e+02 3.100000000000000000e+01 7.500000000000000000e+01 1.095100000000000000e+04
-1.052648067474365234e+01 3.133579730987548828e+00 1.341826375573873520e-02 8.000000000000000000e+01 5.539778000000000000e+07 9.580000000000000000e+02 3.100000000000000000e+01 6.900000000000000000e+01 1.098300000000000000e+04
-1.087728500366210938e+01 3.310799598693847656e+00 1.389107294380664825e-02 8.400000000000000000e+01 5.549382000000000000e+07 1.078000000000000000e+03 3.100000000000000000e+01 7.200000000000000000e+01 1.137000000000000000e+04
-1.086440372467041016e+01 3.379855155944824219e+00 1.390084624290466309e-02 6.600000000000000000e+01 5.559079200000000000e+07 8.460000000000000000e+02 3.100000000000000000e+01 7.800000000000000000e+01 1.137800000000000000e+04
-1.082344818115234375e+01 3.440093278884887695e+00 1.387519016861915588e-02 5.600000000000000000e+01 5.568856800000000000e+07 7.040000000000000000e+02 3.100000000000000000e+01 5.100000000000000000e+01 1.135700000000000000e+04
-1.069655895233154297e+01 3.472168922424316406e+00 1.373957749456167221e-02 6.000000000000000000e+01 5.578610000000000000e+07 7.480000000000000000e+02 3.100000000000000000e+01 9.700000000000000000e+01 1.124600000000000000e+04
-1.076428031921386719e+01 3.567306756973266602e+00 1.385442074388265610e-02 6.000000000000000000e+01 5.588280000000000000e+07 7.620000000000000000e+02 3.100000000000000000e+01 8.900000000000000000e+01 1.134000000000000000e+04
-1.075261020660400391e+01 3.636812448501586914e+00 1.386785972863435745e-02 7.600000000000000000e+01 5.597850000000000000e+07 9.710000000000000000e+02 3.100000000000000000e+01 7.700000000000000000e+01 1.135100000000000000e+04
-1.072914695739746094e+01 3.702394485473632812e+00 1.386663783341646194e-02 9.800000000000000000e+01 5.607659200000000000e+07 1.251000000000000000e+03 3.100000000000000000e+01 1.020000000000000000e+02 1.135000000000000000e+04
-1.083168411254882812e+01 3.812313318252563477e+00 1.402912847697734833e-02 1.010000000000000000e+02 5.617426000000000000e+07 1.322000000000000000e+03 3.100000000000000000e+01 8.500000000000000000e+01 1.148300000000000000e+04
-1.088621044158935547e+01 3.906738996505737305e+00 1.413053274154663086e-02 8.200000000000000000e+01 5.627128800000000000e+07 1.088000000000000000e+03 3.100000000000000000e+01 7.500000000000000000e+01 1.156600000000000000e+04
-1.086672878265380859e+01 3.975179433822631836e+00 1.413664035499095917e-02 5.700000000000000000e+01 5.636896800000000000e+07 7.550000000000000000e+02 3.100000000000000000e+01 7.000000000000000000e+01 1.157100000000000000e+04
-1.069689655303955078e+01 3.987639904022216797e+00 1.394727174192667007e-02 9.300000000000000000e+01 5.646747200000000000e+07 1.204000000000000000e+03 3.100000000000000000e+01 6.700000000000000000e+01 1.141600000000000000e+04
-1.100129413604736328e+01 4.178175926208496094e+00 1.437732111662626266e-02 1.000000000000000000e+02 5.656472800000000000e+07 1.375000000000000000e+03 3.100000000000000000e+01 8.400000000000000000e+01 1.176800000000000000e+04
-1.001295280456542969e+01 3.873279809951782227e+00 1.311649475246667862e-02 9.700000000000000000e+01 5.666176000000000000e+07 1.108000000000000000e+03 3.100000000000000000e+01 1.000000000000000000e+02 1.073600000000000000e+04
-1.098734092712402344e+01 4.327890396118164062e+00 1.442741323262453079e-02 5.400000000000000000e+01 5.675923200000000000e+07 7.420000000000000000e+02 3.100000000000000000e+01 9.500000000000000000e+01 1.180900000000000000e+04
-1.087147521972656250e+01 4.359495162963867188e+00 1.431012619286775589e-02 8.700000000000000000e+01 5.685624000000000000e+07 1.185000000000000000e+03 3.100000000000000000e+01 7.400000000000000000e+01 1.171300000000000000e+04
-1.106302261352539062e+01 4.515298843383789062e+00 1.459845434874296188e-02 6.800000000000000000e+01 5.695419200000000000e+07 9.570000000000000000e+02 3.100000000000000000e+01 1.150000000000000000e+02 1.194900000000000000e+04
-1.103418636322021484e+01 4.582712173461914062e+00 1.459723338484764099e-02 7.300000000000000000e+01 5.705140800000000000e+07 1.033000000000000000e+03 3.100000000000000000e+01 7.500000000000000000e+01 1.194800000000000000e+04
-1.100954341888427734e+01 4.651886940002441406e+00 1.460212003439664841e-02 7.700000000000000000e+01 5.714980000000000000e+07 1.089000000000000000e+03 3.100000000000000000e+01 9.100000000000000000e+01 1.195200000000000000e+04
-1.134277725219726562e+01 4.874927043914794922e+00 1.508348155766725540e-02 5.900000000000000000e+01 5.724732800000000000e+07 8.900000000000000000e+02 3.100000000000000000e+01 7.200000000000000000e+01 1.234600000000000000e+04
-1.130532073974609375e+01 4.941229343414306641e+00 1.507370732724666595e-02 8.900000000000000000e+01 5.734415200000000000e+07 1.332000000000000000e+03 3.100000000000000000e+01 5.600000000000000000e+01 1.233800000000000000e+04
-1.128027248382568359e+01 5.012941360473632812e+00 1.508103869855403900e-02 6.500000000000000000e+01 5.744096000000000000e+07 9.810000000000000000e+02 3.100000000000000000e+01 7.400000000000000000e+01 1.234400000000000000e+04
-1.134498882293701172e+01 5.125289916992187500e+00 1.520931906998157501e-02 8.800000000000000000e+01 5.753844000000000000e+07 1.351000000000000000e+03 3.100000000000000000e+01 9.400000000000000000e+01 1.244900000000000000e+04
-1.128788185119628906e+01 5.183121204376220703e+00 1.517511066049337387e-02 5.700000000000000000e+01 5.763703200000000000e+07 8.690000000000000000e+02 3.100000000000000000e+01 8.000000000000000000e+01 1.242100000000000000e+04
-1.159840869903564453e+01 5.412124156951904297e+00 1.563692465424537659e-02 8.600000000000000000e+01 5.773436000000000000e+07 1.394000000000000000e+03 3.100000000000000000e+01 1.050000000000000000e+02 1.279900000000000000e+04
-1.116740417480468750e+01 5.294689178466796875e+00 1.509936340153217316e-02 8.300000000000000000e+01 5.783224800000000000e+07 1.251000000000000000e+03 3.100000000000000000e+01 1.280000000000000000e+02 1.235900000000000000e+04
-1.152391242980957031e+01 5.550575256347656250e+00 1.562715135514736176e-02 5.700000000000000000e+01 5.793034000000000000e+07 9.210000000000000000e+02 3.100000000000000000e+01 8.500000000000000000e+01 1.279100000000000000e+04
-1.148963832855224609e+01 5.621180057525634766e+00 1.562715135514736176e-02 7.800000000000000000e+01 5.802848000000000000e+07 1.263000000000000000e+03 3.100000000000000000e+01 9.500000000000000000e+01 1.279100000000000000e+04
-1.144955825805664062e+01 5.688903808593750000e+00 1.561982091516256332e-02 8.300000000000000000e+01 5.812596000000000000e+07 1.342000000000000000e+03 3.100000000000000000e+01 1.040000000000000000e+02 1.278500000000000000e+04
-1.164299201965332031e+01 5.874365806579589844e+00 1.593258418142795563e-02 7.800000000000000000e+01 5.822328800000000000e+07 1.311000000000000000e+03 3.100000000000000000e+01 1.040000000000000000e+02 1.304100000000000000e+04
-1.077278232574462891e+01 5.518495559692382812e+00 1.478782296180725098e-02 1.290000000000000000e+02 5.832019200000000000e+07 1.873000000000000000e+03 3.100000000000000000e+01 1.300000000000000000e+02 1.210400000000000000e+04
-1.162148666381835938e+01 6.043560981750488281e+00 1.600344479084014893e-02 1.060000000000000000e+02 5.841756800000000000e+07 1.803000000000000000e+03 3.100000000000000000e+01 1.050000000000000000e+02 1.309900000000000000e+04
-1.120302677154541016e+01 5.913559436798095703e+00 1.547687780112028122e-02 2.170000000000000000e+02 5.851515200000000000e+07 3.438000000000000000e+03 3.100000000000000000e+01 8.400000000000000000e+01 1.266800000000000000e+04
-1.154732799530029297e+01 6.186191082000732422e+00 1.600466482341289520e-02 1.280000000000000000e+02 5.861184800000000000e+07 2.176000000000000000e+03 3.100000000000000000e+01 1.380000000000000000e+02 1.310000000000000000e+04
-1.209427547454833984e+01 6.575028419494628906e+00 1.681833900511264801e-02 8.500000000000000000e+01 5.870940000000000000e+07 1.589000000000000000e+03 3.100000000000000000e+01 1.290000000000000000e+02 1.376600000000000000e+04
-1.185931777954101562e+01 6.541885375976562500e+00 1.654711365699768066e-02 5.900000000000000000e+01 5.880736800000000000e+07 1.062000000000000000e+03 3.100000000000000000e+01 1.280000000000000000e+02 1.354400000000000000e+04
-1.194984912872314453e+01 6.687785625457763672e+00 1.673037372529506683e-02 1.170000000000000000e+02 5.890475200000000000e+07 2.178000000000000000e+03 3.100000000000000000e+01 9.900000000000000000e+01 1.369400000000000000e+04
-1.185380268096923828e+01 6.729878425598144531e+00 1.665340550243854523e-02 9.800000000000000000e+01 5.900187200000000000e+07 1.802000000000000000e+03 3.100000000000000000e+01 1.170000000000000000e+02 1.363100000000000000e+04
-1.198993301391601562e+01 6.904789447784423828e+00 1.690385863184928894e-02 7.100000000000000000e+01 5.910012000000000000e+07 1.341000000000000000e+03 3.100000000000000000e+01 1.090000000000000000e+02 1.383600000000000000e+04
-1.150695705413818359e+01 6.721008300781250000e+00 1.628077588975429535e-02 1.420000000000000000e+02 5.919831200000000000e+07 2.503000000000000000e+03 3.100000000000000000e+01 1.210000000000000000e+02 1.332600000000000000e+04
-1.148873233795166016e+01 6.805247783660888672e+00 1.631376333534717560e-02 1.020000000000000000e+02 5.929522000000000000e+07 1.799000000000000000e+03 3.100000000000000000e+01 1.280000000000000000e+02 1.335300000000000000e+04
-1.222256374359130859e+01 7.341607570648193359e+00 1.741942949593067169e-02 5.600000000000000000e+01 5.939280800000000000e+07 1.120000000000000000e+03 3.100000000000000000e+01 1.060000000000000000e+02 1.425800000000000000e+04
-1.166997051239013672e+01 7.107489585876464844e+00 1.669372245669364929e-02 1.020000000000000000e+02 5.949018000000000000e+07 1.893000000000000000e+03 3.100000000000000000e+01 7.100000000000000000e+01 1.366400000000000000e+04
-1.208645534515380859e+01 7.463199138641357422e+00 1.735467836260795593e-02 1.050000000000000000e+02 5.958832800000000000e+07 2.097000000000000000e+03 3.100000000000000000e+01 1.250000000000000000e+02 1.420500000000000000e+04
-1.194550132751464844e+01 7.477791786193847656e+00 1.721784472465515137e-02 9.800000000000000000e+01 5.968580000000000000e+07 1.925000000000000000e+03 3.100000000000000000e+01 1.250000000000000000e+02 1.409300000000000000e+04
-1.197960662841796875e+01 7.601848125457763672e+00 1.733390800654888153e-02 5.900000000000000000e+01 5.978208800000000000e+07 1.170000000000000000e+03 3.100000000000000000e+01 9.900000000000000000e+01 1.418800000000000000e+04
-8.318312644958496094e+00 6.323315620422363281e+00 2.115746140480041504e-01 1.920000000000000000e+02 5.997695200000000000e+07 2.081000000000000000e+03 2.900000000000000000e+01 5.900000000000000000e+01 1.045100000000000000e+04
-1.189379501342773438e+01 7.753745079040527344e+00 1.734612695872783661e-02 6.900000000000000000e+01 5.997695200000000000e+07 1.378000000000000000e+03 3.100000000000000000e+01 1.880000000000000000e+02 1.419800000000000000e+04
-1.167412090301513672e+01 7.713021278381347656e+00 1.709445007145404816e-02 1.090000000000000000e+02 6.007474000000000000e+07 2.124000000000000000e+03 3.100000000000000000e+01 1.760000000000000000e+02 1.399200000000000000e+04
-8.312811851501464844e+00 6.328152656555175781e+00 1.112326309084892273e-01 2.850000000000000000e+02 6.056227200000000000e+07 3.096000000000000000e+03 3.000000000000000000e+01 5.000000000000000000e+01 1.044800000000000000e+04
-8.342841148376464844e+00 6.279507637023925781e+00 1.275730691850185394e-02 1.130000000000000000e+02 6.104934000000000000e+07 1.220000000000000000e+03 3.100000000000000000e+01 1.300000000000000000e+02 1.044200000000000000e+04
-8.293019294738769531e+00 6.322092533111572266e+00 1.274020317941904068e-02 2.520000000000000000e+02 6.114764800000000000e+07 2.723000000000000000e+03 3.100000000000000000e+01 6.900000000000000000e+01 1.042800000000000000e+04
-8.247739791870117188e+00 6.367969512939453125e+00 1.273042894899845123e-02 8.100000000000000000e+01 6.124528000000000000e+07 8.680000000000000000e+02 3.100000000000000000e+01 1.200000000000000000e+02 1.042000000000000000e+04
-2.841656923294067383e+00 5.011189937591552734e+00 1.166484430432319641e-01 2.880000000000000000e+02 6.642338000000000000e+07 9.500000000000000000e+02 2.900000000000000000e+01 9.700000000000000000e+01 5.762000000000000000e+03
-2.805001497268676758e+00 5.018059730529785156e+00 1.164055168628692627e-01 2.760000000000000000e+02 6.652051200000000000e+07 9.070000000000000000e+02 2.900000000000000000e+01 8.200000000000000000e+01 5.750000000000000000e+03
-2.820898056030273438e+00 4.982559204101562500e+00 6.096075847744941711e-02 1.050000000000000000e+02 6.700702000000000000e+07 3.400000000000000000e+02 3.000000000000000000e+01 4.000000000000000000e+01 5.726000000000000000e+03
-2.786861419677734375e+00 4.993661880493164062e+00 6.088623404502868652e-02 2.100000000000000000e+01 6.710455200000000000e+07 6.400000000000000000e+01 3.000000000000000000e+01 3.300000000000000000e+01 5.719000000000000000e+03
-9.300372004508972168e-01 2.863422870635986328e+00 8.935473114252090454e-02 7.400000000000000000e+01 6.905987200000000000e+07 6.700000000000000000e+01 2.800000000000000000e+01 7.400000000000000000e+01 3.012000000000000000e+03
-9.106324315071105957e-01 2.863360404968261719e+00 8.917672932147979736e-02 2.920000000000000000e+02 6.915540000000000000e+07 2.620000000000000000e+02 2.800000000000000000e+01 8.900000000000000000e+01 3.006000000000000000e+03
-8.921548128128051758e-01 2.866030931472778320e+00 8.908773958683013916e-02 3.100000000000000000e+02 6.925294400000000000e+07 2.770000000000000000e+02 2.800000000000000000e+01 9.000000000000000000e+01 3.003000000000000000e+03
-8.736787438392639160e-01 2.868582487106323242e+00 8.899874240159988403e-02 1.900000000000000000e+02 6.934975200000000000e+07 1.700000000000000000e+02 2.800000000000000000e+01 7.100000000000000000e+01 3.000000000000000000e+03
-8.892084360122680664e-01 2.863498449325561523e+00 6.071306392550468445e-02 2.600000000000000000e+01 6.983811200000000000e+07 2.200000000000000000e+01 2.900000000000000000e+01 2.400000000000000000e+01 2.999000000000000000e+03
-8.823752403259277344e-01 2.904295682907104492e+00 6.146211177110671997e-02 9.000000000000000000e+00 6.993579200000000000e+07 7.000000000000000000e+00 2.900000000000000000e+01 1.800000000000000000e+01 3.036000000000000000e+03
-9.371275305747985840e-01 2.839169025421142578e+00 3.183246031403541565e-02 1.500000000000000000e+01 7.013264000000000000e+07 1.200000000000000000e+01 3.000000000000000000e+01 4.100000000000000000e+01 2.990000000000000000e+03
-9.243028759956359863e-01 2.859137296676635742e+00 3.199215605854988098e-02 1.000000000000000000e+01 7.023022400000000000e+07 8.000000000000000000e+00 3.000000000000000000e+01 2.200000000000000000e+01 3.005000000000000000e+03
-9.067421555519104004e-01 2.864754915237426758e+00 3.199215605854988098e-02 1.500000000000000000e+01 7.032944000000000000e+07 1.200000000000000000e+01 3.000000000000000000e+01 2.000000000000000000e+01 3.005000000000000000e+03
-8.879637122154235840e-01 2.866444110870361328e+00 3.194956853985786438e-02 1.800000000000000000e+01 7.042860000000000000e+07 1.500000000000000000e+01 3.000000000000000000e+01 2.600000000000000000e+01 3.001000000000000000e+03
-9.212029576301574707e-01 2.852844238281250000e+00 1.125473305583000183e-01 5.100000000000000000e+01 7.082081600000000000e+07 4.500000000000000000e+01 2.700000000000000000e+01 6.500000000000000000e+01 3.000000000000000000e+03
-9.157299995422363281e-01 2.896555423736572266e+00 1.140479594469070435e-01 2.260000000000000000e+02 7.092003200000000000e+07 2.080000000000000000e+02 2.700000000000000000e+01 7.500000000000000000e+01 3.040000000000000000e+03
-9.033182859420776367e-01 2.860769748687744141e+00 3.665190888568758965e-03 1.700000000000000000e+01 7.092003200000000000e+07 1.400000000000000000e+01 3.100000000000000000e+01 2.100000000000000000e+01 3.000000000000000000e+03
-9.023703932762145996e-01 2.916439056396484375e+00 1.146106868982315063e-01 2.160000000000000000e+02 7.101859200000000000e+07 2.000000000000000000e+02 2.700000000000000000e+01 9.400000000000000000e+01 3.055000000000000000e+03
-8.916529417037963867e-01 2.885366916656494141e+00 3.689625300467014313e-03 1.100000000000000000e+01 7.101859200000000000e+07 9.000000000000000000e+00 3.100000000000000000e+01 1.800000000000000000e+01 3.020000000000000000e+03
-8.783787488937377930e-01 2.901835918426513672e+00 1.138228625059127808e-01 4.100000000000000000e+01 7.111724000000000000e+07 3.700000000000000000e+01 2.700000000000000000e+01 2.600000000000000000e+01 3.034000000000000000e+03
-1.035770773887634277e-01 6.961930394172668457e-01 1.425208430737257004e-02 5.300000000000000000e+01 7.228849600000000000e+07 3.000000000000000000e+00 2.900000000000000000e+01 2.000000000000000000e+01 7.040000000000000000e+02
-6.702364981174468994e-02 7.227501869201660156e-01 1.469746138900518417e-02 5.000000000000000000e+01 7.316204800000000000e+07 3.000000000000000000e+00 2.900000000000000000e+01 1.900000000000000000e+01 7.260000000000000000e+02
-8.899621665477752686e-02 6.882303953170776367e-01 7.388537283986806870e-03 1.060000000000000000e+02 7.316204800000000000e+07 5.000000000000000000e+00 3.000000000000000000e+01 2.300000000000000000e+01 6.940000000000000000e+02
-4.899485409259796143e-02 7.201874256134033203e-01 1.461648382246494293e-02 6.600000000000000000e+01 7.354844000000000000e+07 3.000000000000000000e+00 2.900000000000000000e+01 9.000000000000000000e+00 7.220000000000000000e+02
-9.208554401993751526e-03 7.144573330879211426e-01 5.962290242314338684e-02 1.040000000000000000e+02 7.502067200000000000e+07 5.000000000000000000e+00 2.200000000000000000e+01 2.200000000000000000e+01 7.170000000000000000e+02
-3.001957014203071594e-02 6.829453706741333008e-01 1.008240655064582825e-01 1.640000000000000000e+02 7.511891200000000000e+07 7.000000000000000000e+00 1.500000000000000000e+01 4.900000000000000000e+01 6.910000000000000000e+02
