-3.344160271808505058e-03 -7.440970540046691895e-01 7.623949646949768066e-02 5.000000000000000000e+01 2.419317000000000000e+07 3.000000000000000000e+00 2.000000000000000000e+01 2.600000000000000000e+01 7.480000000000000000e+02
-1.242509018629789352e-02 -7.410160303115844727e-01 7.593372464179992676e-02 7.200000000000000000e+01 2.438594000000000000e+07 4.000000000000000000e+00 2.000000000000000000e+01 2.000000000000000000e+01 7.450000000000000000e+02
-8.077005855739116669e-03 -7.248308658599853516e-01 6.737230718135833740e-02 1.310000000000000000e+02 2.487245000000000000e+07 6.000000000000000000e+00 2.100000000000000000e+01 1.600000000000000000e+01 7.280000000000000000e+02
-2.582728862762451172e-02 -7.234193086624145508e-01 6.727976351976394653e-02 1.040000000000000000e+02 2.526542000000000000e+07 4.000000000000000000e+00 2.100000000000000000e+01 1.400000000000000000e+01 7.270000000000000000e+02
-8.734401315450668335e-03 -7.493445873260498047e-01 6.253336369991302490e-02 1.150000000000000000e+02 2.545982000000000000e+07 5.000000000000000000e+00 2.200000000000000000e+01 1.200000000000000000e+01 7.520000000000000000e+02
-3.661638870835304260e-02 -7.519547343254089355e-01 1.524406112730503082e-02 2.750000000000000000e+02 2.545982000000000000e+07 1.300000000000000000e+01 2.900000000000000000e+01 2.200000000000000000e+01 7.530000000000000000e+02
-6.805760413408279419e-02 -6.965695619583129883e-01 3.949734196066856384e-02 7.100000000000000000e+01 2.624686000000000000e+07 3.000000000000000000e+00 2.500000000000000000e+01 1.700000000000000000e+01 7.010000000000000000e+02
-3.622734174132347107e-02 -7.285860180854797363e-01 2.738651446998119354e-02 1.200000000000000000e+02 2.664030000000000000e+07 6.000000000000000000e+00 2.700000000000000000e+01 8.000000000000000000e+00 7.300000000000000000e+02
-1.150631159543991089e-01 -7.186893224716186523e-01 4.107498005032539368e-02 7.400000000000000000e+01 2.722813000000000000e+07 4.000000000000000000e+00 2.500000000000000000e+01 1.500000000000000000e+01 7.290000000000000000e+02
-1.113553792238235474e-01 -6.939787268638610840e-01 1.423183921724557877e-02 1.090000000000000000e+02 2.722813000000000000e+07 5.000000000000000000e+00 2.900000000000000000e+01 1.400000000000000000e+01 7.030000000000000000e+02
-7.840042561292648315e-02 -7.031443119049072266e-01 2.656116709113121033e-02 5.700000000000000000e+01 2.761732000000000000e+07 3.000000000000000000e+00 2.700000000000000000e+01 1.600000000000000000e+01 7.080000000000000000e+02
-1.158264130353927612e-01 -7.186850905418395996e-01 7.750512100756168365e-03 1.760000000000000000e+02 2.781084000000000000e+07 9.000000000000000000e+00 3.000000000000000000e+01 1.700000000000000000e+01 7.280000000000000000e+02
-4.199429988861083984e+00 -7.955669879913330078e+00 1.099068485200405121e-02 1.020000000000000000e+02 3.358074000000000000e+07 8.210000000000000000e+02 3.100000000000000000e+01 1.740000000000000000e+02 8.996000000000000000e+03
-4.488741874694824219e+00 -7.685121059417724609e+00 1.087339967489242554e-02 1.580000000000000000e+02 3.426615200000000000e+07 1.240000000000000000e+03 3.100000000000000000e+01 1.620000000000000000e+02 8.900000000000000000e+03
-4.713820457458496094e+00 -7.633908748626708984e+00 1.096136309206485748e-02 1.320000000000000000e+02 3.465714000000000000e+07 1.052000000000000000e+03 3.100000000000000000e+01 1.520000000000000000e+02 8.972000000000000000e+03
-4.919223308563232422e+00 -7.858280658721923828e+00 1.132666133344173431e-02 1.300000000000000000e+02 3.475563200000000000e+07 1.106000000000000000e+03 3.100000000000000000e+01 1.560000000000000000e+02 9.271000000000000000e+03
-4.882749080657958984e+00 -7.591265678405761719e+00 1.102733612060546875e-02 1.070000000000000000e+02 3.495272800000000000e+07 8.670000000000000000e+02 3.100000000000000000e+01 1.790000000000000000e+02 9.026000000000000000e+03
-5.026991367340087891e+00 -7.711113452911376953e+00 1.124602742493152618e-02 1.350000000000000000e+02 3.505159200000000000e+07 1.133000000000000000e+03 3.100000000000000000e+01 1.470000000000000000e+02 9.205000000000000000e+03
-4.558209896087646484e+00 -6.807928085327148438e+00 1.000963617116212845e-02 1.800000000000000000e+02 3.524666000000000000e+07 1.195000000000000000e+03 3.100000000000000000e+01 1.180000000000000000e+02 8.193000000000000000e+03
-4.638635635375976562e+00 -6.836929321289062500e+00 1.009393483400344849e-02 1.340000000000000000e+02 3.534587200000000000e+07 9.060000000000000000e+02 3.100000000000000000e+01 1.410000000000000000e+02 8.262000000000000000e+03
-4.742248535156250000e+00 -6.898160457611083984e+00 1.022710371762514114e-02 1.620000000000000000e+02 3.544339200000000000e+07 1.127000000000000000e+03 3.100000000000000000e+01 1.390000000000000000e+02 8.371000000000000000e+03
-5.099984169006347656e+00 -7.321883678436279297e+00 1.090149860829114914e-02 1.340000000000000000e+02 3.554082000000000000e+07 1.057000000000000000e+03 3.100000000000000000e+01 1.440000000000000000e+02 8.923000000000000000e+03
-5.162111282348632812e+00 -7.314963817596435547e+00 1.093814987689256668e-02 1.430000000000000000e+02 3.563871200000000000e+07 1.138000000000000000e+03 3.100000000000000000e+01 1.180000000000000000e+02 8.953000000000000000e+03
-5.136527061462402344e+00 -7.184720516204833984e+00 1.079032197594642639e-02 1.430000000000000000e+02 3.573690000000000000e+07 1.108000000000000000e+03 3.100000000000000000e+01 1.120000000000000000e+02 8.832000000000000000e+03
-5.280230522155761719e+00 -7.290751934051513672e+00 1.099801622331142426e-02 9.300000000000000000e+01 3.583586000000000000e+07 7.480000000000000000e+02 3.100000000000000000e+01 1.950000000000000000e+02 9.002000000000000000e+03
-5.271629333496093750e+00 -7.185649394989013672e+00 1.088806055486202240e-02 1.900000000000000000e+02 3.593436800000000000e+07 1.492000000000000000e+03 3.100000000000000000e+01 1.250000000000000000e+02 8.912000000000000000e+03
-5.086581230163574219e+00 -6.844953060150146484e+00 1.041891612112522125e-02 1.480000000000000000e+02 3.603246000000000000e+07 1.068000000000000000e+03 3.100000000000000000e+01 1.410000000000000000e+02 8.528000000000000000e+03
-4.688282012939453125e+00 -6.228767395019531250e+00 9.524608962237834930e-03 2.140000000000000000e+02 3.613091200000000000e+07 1.287000000000000000e+03 3.100000000000000000e+01 1.390000000000000000e+02 7.796000000000000000e+03
-5.249010086059570312e+00 -6.885401248931884766e+00 1.057774014770984650e-02 2.010000000000000000e+02 3.622860000000000000e+07 1.491000000000000000e+03 3.100000000000000000e+01 1.220000000000000000e+02 8.658000000000000000e+03
-5.250824451446533203e+00 -6.800823211669921875e+00 1.049710530787706375e-02 1.530000000000000000e+02 3.632612000000000000e+07 1.119000000000000000e+03 3.100000000000000000e+01 1.570000000000000000e+02 8.592000000000000000e+03
-5.421194076538085938e+00 -6.933120250701904297e+00 1.075244788080453873e-02 1.870000000000000000e+02 3.642427200000000000e+07 1.437000000000000000e+03 3.100000000000000000e+01 1.650000000000000000e+02 8.801000000000000000e+03
-5.441283702850341797e+00 -6.871502399444580078e+00 1.070846524089574814e-02 1.690000000000000000e+02 3.652208800000000000e+07 1.289000000000000000e+03 3.100000000000000000e+01 1.460000000000000000e+02 8.765000000000000000e+03
-5.323817253112792969e+00 -6.639048576354980469e+00 1.039692386984825134e-02 2.810000000000000000e+02 3.662050000000000000e+07 2.018000000000000000e+03 3.100000000000000000e+01 1.460000000000000000e+02 8.510000000000000000e+03
-5.266746044158935547e+00 -6.485931873321533203e+00 1.020755618810653687e-02 1.610000000000000000e+02 3.671808000000000000e+07 1.119000000000000000e+03 3.100000000000000000e+01 1.980000000000000000e+02 8.355000000000000000e+03
-5.346456527709960938e+00 -6.502155303955078125e+00 1.028452441096305847e-02 1.740000000000000000e+02 3.681800000000000000e+07 1.217000000000000000e+03 3.100000000000000000e+01 1.400000000000000000e+02 8.418000000000000000e+03
-4.903806209564208984e+00 -5.889779567718505859e+00 9.363340213894844055e-03 1.190000000000000000e+02 3.691548800000000000e+07 6.920000000000000000e+02 3.100000000000000000e+01 1.440000000000000000e+02 7.664000000000000000e+03
-5.411665439605712891e+00 -6.419236660003662109e+00 1.025764737278223038e-02 2.270000000000000000e+02 3.701364000000000000e+07 1.587000000000000000e+03 3.100000000000000000e+01 1.050000000000000000e+02 8.396000000000000000e+03
-5.856071949005126953e+00 -6.860517978668212891e+00 1.102000661194324493e-02 1.250000000000000000e+02 3.711172800000000000e+07 1.012000000000000000e+03 3.100000000000000000e+01 1.810000000000000000e+02 9.020000000000000000e+03
-5.062389850616455078e+00 -5.857532978057861328e+00 9.458635933697223663e-03 6.700000000000000000e+01 3.720848800000000000e+07 3.940000000000000000e+02 3.100000000000000000e+01 1.510000000000000000e+02 7.742000000000000000e+03
-5.140380859375000000e+00 -5.874524116516113281e+00 9.536826051771640778e-03 1.220000000000000000e+02 3.730586000000000000e+07 7.380000000000000000e+02 3.100000000000000000e+01 1.030000000000000000e+02 7.806000000000000000e+03
-4.815591335296630859e+00 -5.435683250427246094e+00 8.872205391526222229e-03 2.550000000000000000e+02 3.740374000000000000e+07 1.335000000000000000e+03 3.100000000000000000e+01 9.500000000000000000e+01 7.262000000000000000e+03
-4.836834430694580078e+00 -5.392633438110351562e+00 8.850214071571826935e-03 2.050000000000000000e+02 3.750163200000000000e+07 1.063000000000000000e+03 3.100000000000000000e+01 1.550000000000000000e+02 7.244000000000000000e+03
-4.747481346130371094e+00 -5.228116035461425781e+00 8.627858944237232208e-03 2.210000000000000000e+02 3.759864000000000000e+07 1.096000000000000000e+03 3.100000000000000000e+01 1.420000000000000000e+02 7.062000000000000000e+03
-4.673215389251708984e+00 -5.083307743072509766e+00 8.436047472059726715e-03 2.110000000000000000e+02 3.769596800000000000e+07 1.001000000000000000e+03 3.100000000000000000e+01 1.290000000000000000e+02 6.905000000000000000e+03
-5.049732685089111328e+00 -5.425667285919189453e+00 9.055464528501033783e-03 1.290000000000000000e+02 3.779334000000000000e+07 7.020000000000000000e+02 3.100000000000000000e+01 1.430000000000000000e+02 7.412000000000000000e+03
-4.375214099884033203e+00 -4.643473148345947266e+00 7.794638630002737045e-03 2.060000000000000000e+02 3.789123200000000000e+07 8.310000000000000000e+02 3.100000000000000000e+01 1.140000000000000000e+02 6.380000000000000000e+03
-4.601717472076416016e+00 -4.824212074279785156e+00 8.145275525748729706e-03 1.020000000000000000e+02 3.798774000000000000e+07 4.470000000000000000e+02 3.100000000000000000e+01 1.630000000000000000e+02 6.667000000000000000e+03
-5.782267093658447266e+00 -5.987843513488769531e+00 1.016968209296464920e-02 1.070000000000000000e+02 3.808552000000000000e+07 7.340000000000000000e+02 3.100000000000000000e+01 1.270000000000000000e+02 8.324000000000000000e+03
-5.382690906524658203e+00 -5.506046772003173828e+00 9.407322853803634644e-03 1.530000000000000000e+02 3.818326000000000000e+07 9.010000000000000000e+02 3.100000000000000000e+01 1.270000000000000000e+02 7.700000000000000000e+03
-5.129376888275146484e+00 -5.182922363281250000e+00 8.908856660127639771e-03 1.400000000000000000e+02 3.828160000000000000e+07 7.380000000000000000e+02 3.100000000000000000e+01 1.420000000000000000e+02 7.292000000000000000e+03
-5.548941612243652344e+00 -5.538479804992675781e+00 9.578364901244640350e-03 1.110000000000000000e+02 3.837898000000000000e+07 6.750000000000000000e+02 3.100000000000000000e+01 1.270000000000000000e+02 7.840000000000000000e+03
-5.691059112548828125e+00 -5.611044883728027344e+00 9.764067828655242920e-03 1.360000000000000000e+02 3.847608800000000000e+07 8.620000000000000000e+02 3.100000000000000000e+01 1.270000000000000000e+02 7.992000000000000000e+03
-5.395842075347900391e+00 -5.255077362060546875e+00 9.202072396874427795e-03 2.620000000000000000e+02 3.857332000000000000e+07 1.475000000000000000e+03 3.100000000000000000e+01 1.040000000000000000e+02 7.532000000000000000e+03
-5.833714008331298828e+00 -5.612193107604980469e+00 9.889906272292137146e-03 2.210000000000000000e+02 3.867016800000000000e+07 1.441000000000000000e+03 3.100000000000000000e+01 1.180000000000000000e+02 8.095000000000000000e+03
-6.155824661254882812e+00 -5.849768638610839844e+00 1.037493348121643066e-02 9.300000000000000000e+01 3.876822000000000000e+07 6.670000000000000000e+02 3.100000000000000000e+01 1.760000000000000000e+02 8.492000000000000000e+03
-5.264173984527587891e+00 -4.941335678100585938e+00 8.820892311632633209e-03 2.300000000000000000e+02 3.886568800000000000e+07 1.193000000000000000e+03 3.100000000000000000e+01 1.200000000000000000e+02 7.220000000000000000e+03
-5.655175685882568359e+00 -5.243457317352294922e+00 9.421983733773231506e-03 2.500000000000000000e+02 3.896352800000000000e+07 1.474000000000000000e+03 3.100000000000000000e+01 1.220000000000000000e+02 7.712000000000000000e+03
-6.099479675292968750e+00 -5.586206436157226562e+00 1.010493095964193344e-02 1.390000000000000000e+02 3.906148000000000000e+07 9.460000000000000000e+02 3.100000000000000000e+01 8.900000000000000000e+01 8.271000000000000000e+03
-6.142539501190185547e+00 -5.556725025177001953e+00 1.011959090828895569e-02 2.180000000000000000e+02 3.915924800000000000e+07 1.483000000000000000e+03 3.100000000000000000e+01 9.300000000000000000e+01 8.283000000000000000e+03
-6.089274406433105469e+00 -5.440974235534667969e+00 9.976648725569248199e-03 1.600000000000000000e+02 3.925720000000000000e+07 1.055000000000000000e+03 3.100000000000000000e+01 2.070000000000000000e+02 8.166000000000000000e+03
-5.799397945404052734e+00 -5.118312358856201172e+00 9.450082667171955109e-03 9.600000000000000000e+01 3.935442000000000000e+07 5.710000000000000000e+02 3.100000000000000000e+01 1.790000000000000000e+02 7.735000000000000000e+03
-6.075681209564208984e+00 -5.296187877655029297e+00 9.847145527601242065e-03 1.600000000000000000e+02 3.945128000000000000e+07 1.034000000000000000e+03 3.100000000000000000e+01 1.020000000000000000e+02 8.060000000000000000e+03
-5.846614360809326172e+00 -5.033710479736328125e+00 9.425648488104343414e-03 1.520000000000000000e+02 3.954999200000000000e+07 8.980000000000000000e+02 3.100000000000000000e+01 1.200000000000000000e+02 7.715000000000000000e+03
-6.047275066375732422e+00 -5.142199993133544922e+00 9.698094800114631653e-03 1.610000000000000000e+02 3.964628000000000000e+07 1.003000000000000000e+03 3.100000000000000000e+01 9.500000000000000000e+01 7.938000000000000000e+03
-5.841323375701904297e+00 -4.905633926391601562e+00 9.319358505308628082e-03 2.210000000000000000e+02 3.974456800000000000e+07 1.281000000000000000e+03 3.100000000000000000e+01 1.010000000000000000e+02 7.628000000000000000e+03
-6.189201831817626953e+00 -5.133358478546142578e+00 9.823932312428951263e-03 1.380000000000000000e+02 3.984375200000000000e+07 8.860000000000000000e+02 3.100000000000000000e+01 1.060000000000000000e+02 8.041000000000000000e+03
-6.230640411376953125e+00 -5.103523254394531250e+00 9.839816018939018250e-03 1.260000000000000000e+02 3.994162000000000000e+07 8.080000000000000000e+02 3.100000000000000000e+01 1.620000000000000000e+02 8.054000000000000000e+03
-6.489639282226562500e+00 -5.249465465545654297e+00 1.019778195768594742e-02 1.230000000000000000e+02 4.004142000000000000e+07 8.490000000000000000e+02 3.100000000000000000e+01 1.280000000000000000e+02 8.347000000000000000e+03
-6.248263359069824219e+00 -4.991104125976562500e+00 9.770176373422145844e-03 1.050000000000000000e+02 4.013823200000000000e+07 6.680000000000000000e+02 3.100000000000000000e+01 1.800000000000000000e+02 7.997000000000000000e+03
-6.278770446777343750e+00 -4.952671527862548828e+00 9.770176373422145844e-03 1.200000000000000000e+02 4.023504000000000000e+07 7.610000000000000000e+02 3.100000000000000000e+01 1.170000000000000000e+02 7.997000000000000000e+03
-6.324031352996826172e+00 -4.925728321075439453e+00 9.793389588594436646e-03 9.300000000000000000e+01 4.033348800000000000e+07 5.940000000000000000e+02 3.100000000000000000e+01 1.730000000000000000e+02 8.016000000000000000e+03
-6.557855129241943359e+00 -5.043508052825927734e+00 1.010737475007772446e-02 1.030000000000000000e+02 4.043092000000000000e+07 6.980000000000000000e+02 3.100000000000000000e+01 1.130000000000000000e+02 8.273000000000000000e+03
-6.008096694946289062e+00 -4.562304973602294922e+00 9.216732345521450043e-03 1.390000000000000000e+02 4.052895200000000000e+07 7.840000000000000000e+02 3.100000000000000000e+01 1.510000000000000000e+02 7.544000000000000000e+03
-7.154521465301513672e+00 -5.363960266113281250e+00 1.092471182346343994e-02 5.500000000000000000e+01 4.062679200000000000e+07 4.310000000000000000e+02 3.100000000000000000e+01 1.260000000000000000e+02 8.942000000000000000e+03
-6.991179943084716797e+00 -5.174794197082519531e+00 1.062660943716764450e-02 9.300000000000000000e+01 4.072386000000000000e+07 6.970000000000000000e+02 3.100000000000000000e+01 9.300000000000000000e+01 8.698000000000000000e+03
-6.640898227691650391e+00 -4.852731227874755859e+00 1.004873123019933701e-02 5.600000000000000000e+01 4.082292000000000000e+07 3.700000000000000000e+02 3.100000000000000000e+01 1.430000000000000000e+02 8.225000000000000000e+03
-6.752460956573486328e+00 -4.870980262756347656e+00 1.017212588340044022e-02 1.240000000000000000e+02 4.092080000000000000e+07 8.530000000000000000e+02 3.100000000000000000e+01 1.050000000000000000e+02 8.326000000000000000e+03
-6.704835891723632812e+00 -4.774351596832275391e+00 1.005606073886156082e-02 1.200000000000000000e+02 4.101812000000000000e+07 8.060000000000000000e+02 3.100000000000000000e+01 1.250000000000000000e+02 8.231000000000000000e+03
-6.614558219909667969e+00 -4.649166584014892578e+00 9.877688251435756683e-03 1.320000000000000000e+02 4.111627200000000000e+07 8.530000000000000000e+02 3.100000000000000000e+01 1.670000000000000000e+02 8.085000000000000000e+03
-6.827007770538330078e+00 -4.736174106597900391e+00 1.015135645866394043e-02 1.430000000000000000e+02 4.121426000000000000e+07 9.800000000000000000e+02 3.100000000000000000e+01 1.220000000000000000e+02 8.309000000000000000e+03
-6.923600196838378906e+00 -4.740521907806396484e+00 1.025153882801532745e-02 1.150000000000000000e+02 4.131158000000000000e+07 8.030000000000000000e+02 3.100000000000000000e+01 1.100000000000000000e+02 8.391000000000000000e+03
-7.076842784881591797e+00 -4.781931877136230469e+00 1.043479796499013901e-02 1.130000000000000000e+02 4.140992800000000000e+07 8.190000000000000000e+02 3.100000000000000000e+01 8.600000000000000000e+01 8.541000000000000000e+03
-7.374784946441650391e+00 -4.917614459991455078e+00 1.082941703498363495e-02 7.700000000000000000e+01 4.150819200000000000e+07 5.990000000000000000e+02 3.100000000000000000e+01 8.800000000000000000e+01 8.864000000000000000e+03
-6.793320655822753906e+00 -4.469913005828857422e+00 9.935109876096248627e-03 9.000000000000000000e+01 4.160683200000000000e+07 5.880000000000000000e+02 3.100000000000000000e+01 1.320000000000000000e+02 8.132000000000000000e+03
-6.485963344573974609e+00 -4.210876941680908203e+00 9.447639808058738708e-03 1.680000000000000000e+02 4.170334000000000000e+07 9.930000000000000000e+02 3.100000000000000000e+01 9.800000000000000000e+01 7.733000000000000000e+03
-6.506626129150390625e+00 -4.167764186859130859e+00 9.440309368073940277e-03 7.200000000000000000e+01 4.180080800000000000e+07 4.230000000000000000e+02 3.100000000000000000e+01 1.380000000000000000e+02 7.727000000000000000e+03
-6.874445915222167969e+00 -4.344112873077392578e+00 9.935109876096248627e-03 1.400000000000000000e+02 4.189732000000000000e+07 9.190000000000000000e+02 3.100000000000000000e+01 1.270000000000000000e+02 8.132000000000000000e+03
-6.951889038085937500e+00 -4.333590507507324219e+00 1.000841427594423294e-02 2.060000000000000000e+02 4.199540800000000000e+07 1.369000000000000000e+03 3.100000000000000000e+01 1.190000000000000000e+02 8.192000000000000000e+03
-6.892312049865722656e+00 -4.237950801849365234e+00 9.885019622743129730e-03 1.940000000000000000e+02 4.209456800000000000e+07 1.258000000000000000e+03 3.100000000000000000e+01 9.700000000000000000e+01 8.091000000000000000e+03
-6.934432029724121094e+00 -4.205432891845703125e+00 9.908232837915420532e-03 2.170000000000000000e+02 4.219132800000000000e+07 1.409000000000000000e+03 3.100000000000000000e+01 9.000000000000000000e+01 8.110000000000000000e+03
-7.262196540832519531e+00 -4.343484401702880859e+00 1.033828221261501312e-02 6.600000000000000000e+01 4.228956800000000000e+07 4.640000000000000000e+02 3.100000000000000000e+01 1.450000000000000000e+02 8.462000000000000000e+03
-7.349004745483398438e+00 -4.334403514862060547e+00 1.042380277067422867e-02 1.100000000000000000e+02 4.238752000000000000e+07 7.950000000000000000e+02 3.100000000000000000e+01 9.300000000000000000e+01 8.532000000000000000e+03
-7.536248683929443359e+00 -4.382735729217529297e+00 1.065104454755783081e-02 1.270000000000000000e+02 4.248454000000000000e+07 9.600000000000000000e+02 3.100000000000000000e+01 7.600000000000000000e+01 8.718000000000000000e+03
-7.553456783294677734e+00 -4.330940246582031250e+00 1.063760556280612946e-02 7.500000000000000000e+01 4.258222000000000000e+07 5.630000000000000000e+02 3.100000000000000000e+01 8.500000000000000000e+01 8.707000000000000000e+03
-7.152447700500488281e+00 -4.042901992797851562e+00 1.003773603588342667e-02 8.500000000000000000e+01 4.267968800000000000e+07 5.670000000000000000e+02 3.100000000000000000e+01 1.200000000000000000e+02 8.216000000000000000e+03
-7.700378894805908203e+00 -4.290487766265869141e+00 1.076955255120992661e-02 1.060000000000000000e+02 4.277712000000000000e+07 8.180000000000000000e+02 3.100000000000000000e+01 8.400000000000000000e+01 8.815000000000000000e+03
-7.435554027557373047e+00 -4.083348274230957031e+00 1.036393828690052032e-02 1.160000000000000000e+02 4.287420000000000000e+07 8.290000000000000000e+02 3.100000000000000000e+01 9.400000000000000000e+01 8.483000000000000000e+03
-7.465745449066162109e+00 -4.040503025054931641e+00 1.037126779556274414e-02 9.800000000000000000e+01 4.297182000000000000e+07 7.000000000000000000e+02 3.100000000000000000e+01 1.060000000000000000e+02 8.489000000000000000e+03
-7.185980796813964844e+00 -3.832273483276367188e+00 9.949770756065845490e-03 1.420000000000000000e+02 4.306843200000000000e+07 9.330000000000000000e+02 3.100000000000000000e+01 1.450000000000000000e+02 8.144000000000000000e+03
-6.465762138366699219e+00 -3.397390604019165039e+00 8.923517540097236633e-03 2.240000000000000000e+02 4.316620800000000000e+07 1.184000000000000000e+03 3.100000000000000000e+01 1.250000000000000000e+02 7.304000000000000000e+03
-8.170273780822753906e+00 -4.229246139526367188e+00 1.123991888016462326e-02 9.800000000000000000e+01 4.326404800000000000e+07 8.210000000000000000e+02 3.100000000000000000e+01 1.110000000000000000e+02 9.200000000000000000e+03
-7.209868431091308594e+00 -3.676187515258789062e+00 9.887462481856346130e-03 8.900000000000000000e+01 4.336260800000000000e+07 5.760000000000000000e+02 3.100000000000000000e+01 1.270000000000000000e+02 8.093000000000000000e+03
-7.394933223724365234e+00 -3.713555335998535156e+00 1.010981760919094086e-02 1.900000000000000000e+02 4.345952000000000000e+07 1.288000000000000000e+03 3.100000000000000000e+01 1.010000000000000000e+02 8.275000000000000000e+03
-7.595960140228271484e+00 -3.756322622299194336e+00 1.035294122993946075e-02 1.460000000000000000e+02 4.355776000000000000e+07 1.041000000000000000e+03 3.100000000000000000e+01 1.140000000000000000e+02 8.474000000000000000e+03
-7.882297992706298828e+00 -3.837909936904907227e+00 1.071090903133153915e-02 8.700000000000000000e+01 4.365584800000000000e+07 6.610000000000000000e+02 3.100000000000000000e+01 1.100000000000000000e+02 8.767000000000000000e+03
-7.592789173126220703e+00 -3.639484643936157227e+00 1.028696820139884949e-02 1.450000000000000000e+02 4.375399200000000000e+07 1.020000000000000000e+03 3.100000000000000000e+01 1.320000000000000000e+02 8.420000000000000000e+03
-7.647535800933837891e+00 -3.608188867568969727e+00 1.033095084130764008e-02 1.200000000000000000e+02 4.385060000000000000e+07 8.510000000000000000e+02 3.100000000000000000e+01 1.140000000000000000e+02 8.456000000000000000e+03
-8.245471954345703125e+00 -3.828623294830322266e+00 1.110674999654293060e-02 1.080000000000000000e+02 4.394854000000000000e+07 8.870000000000000000e+02 3.100000000000000000e+01 8.300000000000000000e+01 9.091000000000000000e+03
-3.329195737838745117e+00 -1.103947877883911133e+00 1.040988489985466003e-01 1.210000000000000000e+02 4.404612000000000000e+07 1.480000000000000000e+02 2.800000000000000000e+01 5.900000000000000000e+01 3.509000000000000000e+03
-8.551681518554687500e+00 -3.907200574874877930e+00 1.148670725524425507e-02 4.000000000000000000e+01 4.404612000000000000e+07 3.440000000000000000e+02 3.100000000000000000e+01 1.280000000000000000e+02 9.402000000000000000e+03
-3.330202817916870117e+00 -1.081646919250488281e+00 1.039208620786666870e-01 3.040000000000000000e+02 4.414512800000000000e+07 3.720000000000000000e+02 2.800000000000000000e+01 8.500000000000000000e+01 3.503000000000000000e+03
-8.238020896911621094e+00 -3.702961444854736328e+00 1.103466749191284180e-02 7.500000000000000000e+01 4.414512800000000000e+07 6.040000000000000000e+02 3.100000000000000000e+01 1.050000000000000000e+02 9.032000000000000000e+03
-3.312963247299194336e+00 -1.053619265556335449e+00 1.031792014837265015e-01 3.040000000000000000e+02 4.424168800000000000e+07 3.670000000000000000e+02 2.800000000000000000e+01 9.400000000000000000e+01 3.478000000000000000e+03
-8.273390769958496094e+00 -3.658005475997924805e+00 1.105177216231822968e-02 1.630000000000000000e+02 4.424168800000000000e+07 1.328000000000000000e+03 3.100000000000000000e+01 7.800000000000000000e+01 9.046000000000000000e+03
-3.292642831802368164e+00 -1.024953007698059082e+00 1.023485437035560608e-01 2.180000000000000000e+02 4.433884800000000000e+07 2.550000000000000000e+02 2.800000000000000000e+01 4.800000000000000000e+01 3.450000000000000000e+03
-8.063665390014648438e+00 -3.506285905838012695e+00 1.074267365038394928e-02 1.940000000000000000e+02 4.433884800000000000e+07 1.486000000000000000e+03 3.100000000000000000e+01 9.000000000000000000e+01 8.793000000000000000e+03
-3.318949937820434570e+00 -1.010846257209777832e+00 1.029715389013290405e-01 4.200000000000000000e+01 4.443674000000000000e+07 4.900000000000000000e+01 2.800000000000000000e+01 2.200000000000000000e+01 3.471000000000000000e+03
-8.501554489135742188e+00 -3.634827613830566406e+00 1.129611767828464508e-02 6.800000000000000000e+01 4.443674000000000000e+07 5.730000000000000000e+02 3.100000000000000000e+01 1.100000000000000000e+02 9.246000000000000000e+03
-3.309704542160034180e+00 -1.117537617683410645e+00 7.073406130075454712e-02 2.300000000000000000e+01 4.453412000000000000e+07 2.600000000000000000e+01 2.900000000000000000e+01 4.700000000000000000e+01 3.494000000000000000e+03
-8.659213066101074219e+00 -3.639553546905517578e+00 1.147571206092834473e-02 5.400000000000000000e+01 4.453412000000000000e+07 4.700000000000000000e+02 3.100000000000000000e+01 8.400000000000000000e+01 9.393000000000000000e+03
-3.312702417373657227e+00 -1.095952510833740234e+00 7.065308839082717896e-02 1.650000000000000000e+02 4.463179200000000000e+07 1.990000000000000000e+02 2.900000000000000000e+01 4.100000000000000000e+01 3.490000000000000000e+03
-8.281186103820800781e+00 -3.421028614044189453e+00 1.094670221209526062e-02 1.100000000000000000e+02 4.463179200000000000e+07 8.750000000000000000e+02 3.100000000000000000e+01 1.130000000000000000e+02 8.960000000000000000e+03
-3.355232238769531250e+00 -1.088522315025329590e+00 1.990643590688705444e-01 7.400000000000000000e+01 4.472856800000000000e+07 9.100000000000000000e+01 2.500000000000000000e+01 4.900000000000000000e+01 3.533000000000000000e+03
-3.314609050750732422e+00 -1.074064493179321289e+00 7.055186480283737183e-02 2.500000000000000000e+02 4.472856800000000000e+07 3.020000000000000000e+02 2.900000000000000000e+01 6.300000000000000000e+01 3.485000000000000000e+03
-8.802366256713867188e+00 -3.573263645172119141e+00 1.160643622279167175e-02 5.600000000000000000e+01 4.472856800000000000e+07 5.000000000000000000e+02 3.100000000000000000e+01 7.100000000000000000e+01 9.500000000000000000e+03
-3.347574710845947266e+00 -1.063380360603332520e+00 1.982191801071166992e-01 1.660000000000000000e+02 4.482614000000000000e+07 2.040000000000000000e+02 2.500000000000000000e+01 5.300000000000000000e+01 3.518000000000000000e+03
-3.314466238021850586e+00 -1.051589727401733398e+00 7.041015475988388062e-02 2.210000000000000000e+02 4.482614000000000000e+07 2.660000000000000000e+02 2.900000000000000000e+01 5.100000000000000000e+01 3.478000000000000000e+03
-8.686655044555664062e+00 -3.464360952377319336e+00 1.142562087625265121e-02 1.070000000000000000e+02 4.482614000000000000e+07 9.310000000000000000e+02 3.100000000000000000e+01 6.000000000000000000e+01 9.352000000000000000e+03
-3.354036331176757812e+00 -1.042820096015930176e+00 1.982191801071166992e-01 6.100000000000000000e+01 4.492474000000000000e+07 7.400000000000000000e+01 2.500000000000000000e+01 3.100000000000000000e+01 3.518000000000000000e+03
-3.326585292816162109e+00 -1.033011794090270996e+00 7.053162157535552979e-02 1.900000000000000000e+02 4.492474000000000000e+07 2.290000000000000000e+02 2.900000000000000000e+01 6.500000000000000000e+01 3.484000000000000000e+03
-8.602533340454101562e+00 -3.369780540466308594e+00 1.128756534308195114e-02 8.500000000000000000e+01 4.492474000000000000e+07 7.190000000000000000e+02 3.100000000000000000e+01 8.300000000000000000e+01 9.239000000000000000e+03
-3.315641880035400391e+00 -1.007349252700805664e+00 7.016722112894058228e-02 8.600000000000000000e+01 4.502119200000000000e+07 1.020000000000000000e+02 2.900000000000000000e+01 4.600000000000000000e+01 3.466000000000000000e+03
-8.161982536315917969e+00 -3.139580011367797852e+00 1.068403106182813644e-02 6.100000000000000000e+01 4.502119200000000000e+07 4.590000000000000000e+02 3.100000000000000000e+01 1.130000000000000000e+02 8.745000000000000000e+03
-3.318543434143066406e+00 -1.117982029914855957e+00 3.728336840867996216e-02 3.800000000000000000e+01 4.511827200000000000e+07 4.500000000000000000e+01 3.000000000000000000e+01 5.500000000000000000e+01 3.502000000000000000e+03
-7.993054389953613281e+00 -3.018430471420288086e+00 1.043846365064382553e-02 1.720000000000000000e+02 4.511827200000000000e+07 1.250000000000000000e+03 3.100000000000000000e+01 9.000000000000000000e+01 8.544000000000000000e+03
-3.358575344085693359e+00 -1.108568549156188965e+00 3.765599057078361511e-02 1.090000000000000000e+02 4.521723200000000000e+07 1.360000000000000000e+02 3.000000000000000000e+01 7.300000000000000000e+01 3.537000000000000000e+03
-8.505574226379394531e+00 -3.152479410171508789e+00 1.108231488615274429e-02 6.900000000000000000e+01 4.521723200000000000e+07 5.600000000000000000e+02 3.100000000000000000e+01 1.020000000000000000e+02 9.071000000000000000e+03
-3.353624582290649414e+00 -1.086100697517395020e+00 1.656234264373779297e-01 1.180000000000000000e+02 4.531362000000000000e+07 1.450000000000000000e+02 2.600000000000000000e+01 5.600000000000000000e+01 3.529000000000000000e+03
-3.346284866333007812e+00 -1.081788063049316406e+00 3.744306415319442749e-02 1.200000000000000000e+02 4.531362000000000000e+07 1.480000000000000000e+02 3.000000000000000000e+01 5.800000000000000000e+01 3.517000000000000000e+03
-7.349091053009033203e+00 -2.672671794891357422e+00 9.553929790854454041e-03 9.900000000000000000e+01 4.531362000000000000e+07 5.970000000000000000e+02 3.100000000000000000e+01 1.510000000000000000e+02 7.820000000000000000e+03
-3.380221128463745117e+00 -1.071843147277832031e+00 1.666090041399002075e-01 1.500000000000000000e+02 4.541120800000000000e+07 1.880000000000000000e+02 2.600000000000000000e+01 6.000000000000000000e+01 3.550000000000000000e+03
-3.332839727401733398e+00 -1.054898619651794434e+00 3.721949085593223572e-02 1.360000000000000000e+02 4.541120800000000000e+07 1.640000000000000000e+02 3.000000000000000000e+01 5.500000000000000000e+01 3.496000000000000000e+03
-8.658527374267578125e+00 -3.088857889175415039e+00 1.123136654496192932e-02 6.200000000000000000e+01 4.541120800000000000e+07 5.140000000000000000e+02 3.100000000000000000e+01 1.330000000000000000e+02 9.193000000000000000e+03
-3.369561910629272461e+00 -1.045752882957458496e+00 1.657642126083374023e-01 4.600000000000000000e+01 4.550874000000000000e+07 5.600000000000000000e+01 2.600000000000000000e+01 4.000000000000000000e+01 3.532000000000000000e+03
-3.331608295440673828e+00 -1.032061815261840820e+00 3.713432326912879944e-02 1.200000000000000000e+02 4.550874000000000000e+07 1.440000000000000000e+02 3.000000000000000000e+01 5.600000000000000000e+01 3.488000000000000000e+03
-8.762268066406250000e+00 -3.065391063690185547e+00 1.134132128208875656e-02 1.400000000000000000e+02 4.550874000000000000e+07 1.199000000000000000e+03 3.100000000000000000e+01 9.800000000000000000e+01 9.283000000000000000e+03
-3.321609973907470703e+00 -1.006669640541076660e+00 3.695333376526832581e-02 3.200000000000000000e+01 4.560760000000000000e+07 3.800000000000000000e+01 3.000000000000000000e+01 6.100000000000000000e+01 3.471000000000000000e+03
-8.867936134338378906e+00 -3.041415452957153320e+00 1.145372074097394943e-02 4.000000000000000000e+01 4.560760000000000000e+07 3.450000000000000000e+02 3.100000000000000000e+01 8.200000000000000000e+01 9.375000000000000000e+03
-3.309069871902465820e+00 -1.112259030342102051e+00 4.265060182660818100e-03 6.700000000000000000e+01 4.570420800000000000e+07 8.000000000000000000e+01 3.100000000000000000e+01 4.800000000000000000e+01 3.491000000000000000e+03
-3.348234176635742188e+00 -1.103899836540222168e+00 1.323556452989578247e-01 1.610000000000000000e+02 4.580122000000000000e+07 1.980000000000000000e+02 2.700000000000000000e+01 6.400000000000000000e+01 3.528000000000000000e+03
-3.325330495834350586e+00 -1.095061779022216797e+00 4.277277737855911255e-03 1.030000000000000000e+02 4.580122000000000000e+07 1.240000000000000000e+02 3.100000000000000000e+01 5.200000000000000000e+01 3.501000000000000000e+03
-3.346385955810546875e+00 -1.080571055412292480e+00 1.320180147886276245e-01 2.000000000000000000e+02 4.589956000000000000e+07 2.470000000000000000e+02 2.700000000000000000e+01 8.000000000000000000e+01 3.519000000000000000e+03
-3.296773433685302734e+00 -1.063280224800109863e+00 4.232073668390512466e-03 1.240000000000000000e+02 4.589956000000000000e+07 1.470000000000000000e+02 3.100000000000000000e+01 5.500000000000000000e+01 3.464000000000000000e+03
-3.328180313110351562e+00 -1.052185773849487305e+00 1.310425996780395508e-01 1.610000000000000000e+02 4.599735200000000000e+07 1.940000000000000000e+02 2.700000000000000000e+01 6.600000000000000000e+01 3.493000000000000000e+03
-3.343286275863647461e+00 -1.055678009986877441e+00 4.283386282622814178e-03 1.180000000000000000e+02 4.599735200000000000e+07 1.440000000000000000e+02 3.100000000000000000e+01 6.600000000000000000e+01 3.506000000000000000e+03
-3.314526081085205078e+00 -1.025541782379150391e+00 1.302547752857208252e-01 7.300000000000000000e+01 4.609544000000000000e+07 8.600000000000000000e+01 2.700000000000000000e+01 3.900000000000000000e+01 3.472000000000000000e+03
-3.372630834579467773e+00 -1.042230129241943359e+00 4.312707576900720596e-03 9.800000000000000000e+01 4.609544000000000000e+07 1.200000000000000000e+02 3.100000000000000000e+01 4.400000000000000000e+01 3.530000000000000000e+03
-3.316743612289428711e+00 -1.002706527709960938e+00 4.233295097947120667e-03 4.800000000000000000e+01 4.619394000000000000e+07 5.700000000000000000e+01 3.100000000000000000e+01 6.100000000000000000e+01 3.465000000000000000e+03
-8.963499069213867188e+00 -2.649898767471313477e+00 1.141951233148574829e-02 1.070000000000000000e+02 4.629096000000000000e+07 9.270000000000000000e+02 3.100000000000000000e+01 1.030000000000000000e+02 9.347000000000000000e+03
-9.178453445434570312e+00 -2.652316093444824219e+00 1.167241111397743225e-02 8.700000000000000000e+01 4.638944800000000000e+07 7.880000000000000000e+02 3.100000000000000000e+01 7.900000000000000000e+01 9.554000000000000000e+03
-8.971283912658691406e+00 -2.532910585403442383e+00 1.138896960765123367e-02 7.600000000000000000e+01 4.648678000000000000e+07 6.550000000000000000e+02 3.100000000000000000e+01 7.500000000000000000e+01 9.322000000000000000e+03
-9.305748939514160156e+00 -2.565797090530395508e+00 1.179336197674274445e-02 9.400000000000000000e+01 4.658416000000000000e+07 8.680000000000000000e+02 3.100000000000000000e+01 9.300000000000000000e+01 9.653000000000000000e+03
-8.942787170410156250e+00 -2.406775712966918945e+00 1.131444424390792847e-02 1.630000000000000000e+02 4.668152800000000000e+07 1.392000000000000000e+03 3.100000000000000000e+01 7.800000000000000000e+01 9.261000000000000000e+03
-9.255288124084472656e+00 -2.430075883865356445e+00 1.169073674827814102e-02 1.060000000000000000e+02 4.677906000000000000e+07 9.650000000000000000e+02 3.100000000000000000e+01 7.700000000000000000e+01 9.569000000000000000e+03
-9.284556388854980469e+00 -2.376960992813110352e+00 1.170906238257884979e-02 7.000000000000000000e+01 4.687638000000000000e+07 6.360000000000000000e+02 3.100000000000000000e+01 8.500000000000000000e+01 9.584000000000000000e+03
-9.252393722534179688e+00 -2.308328151702880859e+00 1.165041886270046234e-02 1.000000000000000000e+02 4.697556000000000000e+07 9.020000000000000000e+02 3.100000000000000000e+01 8.800000000000000000e+01 9.536000000000000000e+03
-9.319828033447265625e+00 -2.264498949050903320e+00 1.171761471778154373e-02 7.300000000000000000e+01 4.707180000000000000e+07 6.650000000000000000e+02 3.100000000000000000e+01 8.100000000000000000e+01 9.591000000000000000e+03
-9.681937217712402344e+00 -2.289660930633544922e+00 1.215499360114336014e-02 3.500000000000000000e+01 4.717096000000000000e+07 3.390000000000000000e+02 3.100000000000000000e+01 9.100000000000000000e+01 9.949000000000000000e+03
-9.726015090942382812e+00 -2.237159729003906250e+00 1.219286769628524780e-02 4.700000000000000000e+01 4.726828800000000000e+07 4.600000000000000000e+02 3.100000000000000000e+01 8.900000000000000000e+01 9.980000000000000000e+03
-9.836174011230468750e+00 -2.199039697647094727e+00 1.231381855905056000e-02 4.800000000000000000e+01 4.736546000000000000e+07 4.800000000000000000e+02 3.100000000000000000e+01 9.000000000000000000e+01 1.007900000000000000e+04
-9.791825294494628906e+00 -2.126125574111938477e+00 1.224173698574304581e-02 3.500000000000000000e+01 4.746294000000000000e+07 3.430000000000000000e+02 3.100000000000000000e+01 9.800000000000000000e+01 1.002000000000000000e+04
-9.844806671142578125e+00 -2.074457883834838867e+00 1.229182817041873932e-02 4.300000000000000000e+01 4.756088000000000000e+07 4.270000000000000000e+02 3.100000000000000000e+01 8.900000000000000000e+01 1.006100000000000000e+04
-9.872045516967773438e+00 -2.017014741897583008e+00 1.231015380471944809e-02 6.000000000000000000e+01 4.765844800000000000e+07 6.020000000000000000e+02 3.100000000000000000e+01 8.100000000000000000e+01 1.007600000000000000e+04
-9.902873992919921875e+00 -1.960092186927795410e+00 1.233336608856916428e-02 9.100000000000000000e+01 4.775644800000000000e+07 9.200000000000000000e+02 3.100000000000000000e+01 8.200000000000000000e+01 1.009500000000000000e+04
-9.957929611206054688e+00 -1.907570838928222656e+00 1.238712295889854431e-02 3.400000000000000000e+01 4.785412000000000000e+07 3.340000000000000000e+02 3.100000000000000000e+01 5.600000000000000000e+01 1.013900000000000000e+04
-1.041487121582031250e+01 -1.928930878639221191e+00 1.294056698679924011e-02 2.400000000000000000e+01 4.795212000000000000e+07 2.620000000000000000e+02 3.100000000000000000e+01 7.800000000000000000e+01 1.059200000000000000e+04
-9.765994071960449219e+00 -1.746843576431274414e+00 1.212078519165515900e-02 5.200000000000000000e+01 4.804996000000000000e+07 5.060000000000000000e+02 3.100000000000000000e+01 6.300000000000000000e+01 9.921000000000000000e+03
-9.764703750610351562e+00 -1.684847235679626465e+00 1.210612431168556213e-02 2.900000000000000000e+01 4.814712000000000000e+07 2.780000000000000000e+02 3.100000000000000000e+01 8.500000000000000000e+01 9.909000000000000000e+03
-9.650563240051269531e+00 -1.604238629341125488e+00 1.195218600332736969e-02 7.700000000000000000e+01 4.824434000000000000e+07 7.280000000000000000e+02 3.100000000000000000e+01 1.080000000000000000e+02 9.783000000000000000e+03
-9.887338638305664062e+00 -1.581316828727722168e+00 1.223318465054035187e-02 1.060000000000000000e+02 4.834284800000000000e+07 1.057000000000000000e+03 3.100000000000000000e+01 6.500000000000000000e+01 1.001300000000000000e+04
-9.994707107543945312e+00 -1.535654067993164062e+00 1.235413644462823868e-02 6.700000000000000000e+01 4.843884000000000000e+07 6.780000000000000000e+02 3.100000000000000000e+01 7.800000000000000000e+01 1.011200000000000000e+04
-1.001482391357421875e+01 -1.475902438163757324e+00 1.236757449805736542e-02 6.000000000000000000e+01 4.853692000000000000e+07 6.090000000000000000e+02 3.100000000000000000e+01 6.400000000000000000e+01 1.012300000000000000e+04
-1.027024841308593750e+01 -1.449216246604919434e+00 1.267178636044263840e-02 3.100000000000000000e+01 4.863518000000000000e+07 3.270000000000000000e+02 3.100000000000000000e+01 7.400000000000000000e+01 1.037200000000000000e+04
-1.044147586822509766e+01 -1.408089756965637207e+00 1.287214923650026321e-02 2.800000000000000000e+01 4.873404000000000000e+07 2.950000000000000000e+02 3.100000000000000000e+01 5.200000000000000000e+01 1.053600000000000000e+04
-9.886560440063476562e+00 -1.271540164947509766e+00 1.217820681631565094e-02 5.000000000000000000e+01 4.883146000000000000e+07 4.920000000000000000e+02 3.100000000000000000e+01 5.900000000000000000e+01 9.968000000000000000e+03
-1.049866580963134766e+01 -1.284831166267395020e+00 1.292224042117595673e-02 3.600000000000000000e+01 4.892760800000000000e+07 3.920000000000000000e+02 3.100000000000000000e+01 1.140000000000000000e+02 1.057700000000000000e+04
-7.350572586059570312e+00 -8.538219332695007324e-01 9.040803648531436920e-03 5.000000000000000000e+01 4.902460800000000000e+07 2.690000000000000000e+02 3.100000000000000000e+01 1.080000000000000000e+02 7.400000000000000000e+03
-1.039634895324707031e+01 -1.143004059791564941e+00 1.277807634323835373e-02 8.500000000000000000e+01 4.912246000000000000e+07 9.220000000000000000e+02 3.100000000000000000e+01 7.900000000000000000e+01 1.045900000000000000e+04
-9.821289062500000000e+00 -1.018829703330993652e+00 1.206336449831724167e-02 2.700000000000000000e+01 4.921927200000000000e+07 2.560000000000000000e+02 3.100000000000000000e+01 8.300000000000000000e+01 9.874000000000000000e+03
-1.035883426666259766e+01 -1.010387897491455078e+00 1.271576900035142899e-02 3.100000000000000000e+01 4.931716000000000000e+07 3.300000000000000000e+02 3.100000000000000000e+01 6.500000000000000000e+01 1.040800000000000000e+04
-1.034890365600585938e+01 -9.453526735305786133e-01 1.269622053951025009e-02 4.900000000000000000e+01 4.941407200000000000e+07 5.210000000000000000e+02 3.100000000000000000e+01 8.600000000000000000e+01 1.039200000000000000e+04
-1.045514488220214844e+01 -8.904057741165161133e-01 1.281961519271135330e-02 5.200000000000000000e+01 4.951240800000000000e+07 5.660000000000000000e+02 3.100000000000000000e+01 6.700000000000000000e+01 1.049300000000000000e+04
-1.054116058349609375e+01 -8.326155543327331543e-01 1.291857566684484482e-02 6.700000000000000000e+01 4.961055200000000000e+07 7.320000000000000000e+02 3.100000000000000000e+01 5.700000000000000000e+01 1.057400000000000000e+04
-1.049520587921142578e+01 -7.642167806625366211e-01 1.285626739263534546e-02 8.700000000000000000e+01 4.970819200000000000e+07 9.580000000000000000e+02 3.100000000000000000e+01 6.100000000000000000e+01 1.052300000000000000e+04
-1.103251457214355469e+01 -7.353172898292541504e-01 1.350867096334695816e-02 2.400000000000000000e+01 4.980515200000000000e+07 2.870000000000000000e+02 3.100000000000000000e+01 5.900000000000000000e+01 1.105700000000000000e+04
-1.101885223388671875e+01 -6.665223836898803711e-01 1.348667964339256287e-02 2.800000000000000000e+01 4.990218000000000000e+07 3.230000000000000000e+02 3.100000000000000000e+01 5.500000000000000000e+01 1.103900000000000000e+04
-1.097780036926269531e+01 -5.964580178260803223e-01 1.343170180916786194e-02 4.300000000000000000e+01 5.000006000000000000e+07 5.130000000000000000e+02 3.100000000000000000e+01 6.600000000000000000e+01 1.099400000000000000e+04
-1.062766361236572266e+01 -5.120519995689392090e-01 1.299920957535505295e-02 7.300000000000000000e+01 5.009780000000000000e+07 8.180000000000000000e+02 3.100000000000000000e+01 8.100000000000000000e+01 1.064000000000000000e+04
-1.028091526031494141e+01 -4.321338236331939697e-01 1.257160492241382599e-02 5.700000000000000000e+01 5.019536800000000000e+07 5.960000000000000000e+02 3.100000000000000000e+01 7.800000000000000000e+01 1.029000000000000000e+04
-1.037831115722656250e+01 -3.724502623081207275e-01 1.268766820430755615e-02 6.600000000000000000e+01 5.029412800000000000e+07 7.060000000000000000e+02 3.100000000000000000e+01 6.500000000000000000e+01 1.038500000000000000e+04
-1.065927791595458984e+01 -3.170582652091979980e-01 1.302853133529424667e-02 2.500000000000000000e+01 5.039166000000000000e+07 2.670000000000000000e+02 3.100000000000000000e+01 5.600000000000000000e+01 1.066400000000000000e+04
-1.062503242492675781e+01 -2.507986426353454590e-01 1.298454869538545609e-02 4.200000000000000000e+01 5.048804800000000000e+07 4.670000000000000000e+02 3.100000000000000000e+01 8.000000000000000000e+01 1.062800000000000000e+04
-1.062237262725830078e+01 -1.855301111936569214e-01 1.297966204583644867e-02 4.000000000000000000e+01 5.058584000000000000e+07 4.440000000000000000e+02 3.100000000000000000e+01 7.200000000000000000e+01 1.062400000000000000e+04
-1.081129837036132812e+01 -1.224786266684532166e-01 1.320934668183326721e-02 5.400000000000000000e+01 5.068388800000000000e+07 6.240000000000000000e+02 3.100000000000000000e+01 6.700000000000000000e+01 1.081200000000000000e+04
-1.075584793090820312e+01 -5.584867671132087708e-02 1.314093079417943954e-02 2.900000000000000000e+01 5.078012800000000000e+07 3.180000000000000000e+02 3.100000000000000000e+01 5.500000000000000000e+01 1.075600000000000000e+04
-1.072298812866210938e+01 1.011787820607423782e-02 1.310061290860176086e-02 4.000000000000000000e+01 5.087787200000000000e+07 4.540000000000000000e+02 3.100000000000000000e+01 5.900000000000000000e+01 1.072300000000000000e+04
-1.069972419738769531e+01 7.574988156557083130e-02 1.307251397520303726e-02 4.700000000000000000e+01 5.097586000000000000e+07 5.320000000000000000e+02 3.100000000000000000e+01 5.800000000000000000e+01 1.070000000000000000e+04
-1.077105140686035156e+01 1.423522084951400757e-01 1.316047739237546921e-02 3.200000000000000000e+01 5.107394000000000000e+07 3.630000000000000000e+02 3.100000000000000000e+01 8.400000000000000000e+01 1.077200000000000000e+04
-1.070498847961425781e+01 2.071817070245742798e-01 1.308106631040573120e-02 2.700000000000000000e+01 5.117076000000000000e+07 2.930000000000000000e+02 3.100000000000000000e+01 5.200000000000000000e+01 1.070700000000000000e+04
-1.067652320861816406e+01 2.721742987632751465e-01 1.304807886481285095e-02 3.200000000000000000e+01 5.126879200000000000e+07 3.580000000000000000e+02 3.100000000000000000e+01 7.100000000000000000e+01 1.068000000000000000e+04
-1.058169937133789062e+01 3.347386419773101807e-01 1.293445844203233719e-02 6.800000000000000000e+01 5.136678000000000000e+07 7.570000000000000000e+02 3.100000000000000000e+01 5.800000000000000000e+01 1.058700000000000000e+04
-1.086624145507812500e+01 4.104946851730346680e-01 1.328509487211704254e-02 5.800000000000000000e+01 5.146406000000000000e+07 6.680000000000000000e+02 3.100000000000000000e+01 5.500000000000000000e+01 1.087400000000000000e+04
-1.084853267669677734e+01 4.765027463436126709e-01 1.326676830649375916e-02 3.300000000000000000e+01 5.156152800000000000e+07 3.710000000000000000e+02 3.100000000000000000e+01 5.700000000000000000e+01 1.085900000000000000e+04
-1.061169815063476562e+01 5.313568115234375000e-01 1.298088394105434418e-02 4.700000000000000000e+01 5.166019200000000000e+07 5.190000000000000000e+02 3.100000000000000000e+01 1.130000000000000000e+02 1.062500000000000000e+04
-1.094071197509765625e+01 6.151526570320129395e-01 1.338771916925907135e-02 2.300000000000000000e+01 5.175736800000000000e+07 2.690000000000000000e+02 3.100000000000000000e+01 6.600000000000000000e+01 1.095800000000000000e+04
-1.104252529144287109e+01 6.888718008995056152e-01 1.351722236722707748e-02 3.200000000000000000e+01 5.185556000000000000e+07 3.750000000000000000e+02 3.100000000000000000e+01 4.100000000000000000e+01 1.106400000000000000e+04
-1.104906558990478516e+01 7.573667764663696289e-01 1.353066228330135345e-02 2.800000000000000000e+01 5.195294000000000000e+07 3.370000000000000000e+02 3.100000000000000000e+01 6.200000000000000000e+01 1.107500000000000000e+04
-1.105916881561279297e+01 8.262658715248107910e-01 1.354898791760206223e-02 3.600000000000000000e+01 5.204903200000000000e+07 4.240000000000000000e+02 3.100000000000000000e+01 5.700000000000000000e+01 1.109000000000000000e+04
-1.117449665069580078e+01 9.038634896278381348e-01 1.369681768119335175e-02 2.800000000000000000e+01 5.214722000000000000e+07 3.450000000000000000e+02 3.100000000000000000e+01 6.300000000000000000e+01 1.121100000000000000e+04
-1.111693572998046875e+01 9.679015278816223145e-01 1.363328751176595688e-02 6.800000000000000000e+01 5.224571200000000000e+07 8.290000000000000000e+02 3.100000000000000000e+01 4.800000000000000000e+01 1.115900000000000000e+04
-1.119243335723876953e+01 1.043709158897399902e+00 1.373346894979476929e-02 3.800000000000000000e+01 5.234247200000000000e+07 4.730000000000000000e+02 3.100000000000000000e+01 6.200000000000000000e+01 1.124100000000000000e+04
-1.119676494598388672e+01 1.113453507423400879e+00 1.374690886586904526e-02 4.200000000000000000e+01 5.244072800000000000e+07 5.250000000000000000e+02 3.100000000000000000e+01 6.400000000000000000e+01 1.125200000000000000e+04
-1.096596717834472656e+01 1.158496141433715820e+00 1.347201876342296600e-02 8.500000000000000000e+01 5.253727200000000000e+07 1.015000000000000000e+03 3.100000000000000000e+01 5.700000000000000000e+01 1.102700000000000000e+04
-1.111169815063476562e+01 1.242878913879394531e+00 1.366016548126935959e-02 3.200000000000000000e+01 5.263487200000000000e+07 3.930000000000000000e+02 3.100000000000000000e+01 6.800000000000000000e+01 1.118100000000000000e+04
-1.105420780181884766e+01 1.305172801017761230e+00 1.359907910227775574e-02 1.700000000000000000e+01 5.273311200000000000e+07 1.930000000000000000e+02 3.100000000000000000e+01 4.500000000000000000e+01 1.113100000000000000e+04
-1.123652553558349609e+01 1.396658182144165039e+00 1.383365225046873093e-02 1.600000000000000000e+01 5.283022000000000000e+07 1.880000000000000000e+02 3.100000000000000000e+01 3.800000000000000000e+01 1.132300000000000000e+04
-1.123468494415283203e+01 1.466483950614929199e+00 1.384220365434885025e-02 1.500000000000000000e+01 5.292826000000000000e+07 1.860000000000000000e+02 3.100000000000000000e+01 5.900000000000000000e+01 1.133000000000000000e+04
-1.134040451049804688e+01 1.551110744476318359e+00 1.398392394185066223e-02 3.400000000000000000e+01 5.302590000000000000e+07 4.260000000000000000e+02 3.100000000000000000e+01 5.400000000000000000e+01 1.144600000000000000e+04
-1.134057331085205078e+01 1.622080922126770020e+00 1.399614103138446808e-02 4.300000000000000000e+01 5.312392800000000000e+07 5.570000000000000000e+02 3.100000000000000000e+01 6.000000000000000000e+01 1.145600000000000000e+04
-1.115831470489501953e+01 1.665941476821899414e+00 1.378356013447046280e-02 6.400000000000000000e+01 5.321992000000000000e+07 8.060000000000000000e+02 3.100000000000000000e+01 8.000000000000000000e+01 1.128200000000000000e+04
-1.106389331817626953e+01 1.721309185028076172e+00 1.367971301078796387e-02 5.000000000000000000e+01 5.331746000000000000e+07 6.190000000000000000e+02 3.100000000000000000e+01 7.500000000000000000e+01 1.119700000000000000e+04
-1.064542961120605469e+01 1.723170518875122070e+00 1.317513827234506607e-02 5.100000000000000000e+01 5.341400800000000000e+07 5.860000000000000000e+02 3.100000000000000000e+01 7.400000000000000000e+01 1.078400000000000000e+04
-1.101629638671875000e+01 1.852638602256774902e+00 1.364794839173555374e-02 3.300000000000000000e+01 5.351260800000000000e+07 3.930000000000000000e+02 3.100000000000000000e+01 5.500000000000000000e+01 1.117100000000000000e+04
-1.100767707824707031e+01 1.920714139938354492e+00 1.365161407738924026e-02 2.900000000000000000e+01 5.360886000000000000e+07 3.550000000000000000e+02 3.100000000000000000e+01 6.400000000000000000e+01 1.117400000000000000e+04
-1.105177593231201172e+01 1.998362064361572266e+00 1.372125279158353806e-02 4.000000000000000000e+01 5.370716800000000000e+07 4.970000000000000000e+02 3.100000000000000000e+01 6.900000000000000000e+01 1.123100000000000000e+04
-1.071985244750976562e+01 2.006347417831420898e+00 1.332418899983167648e-02 5.600000000000000000e+01 5.380499200000000000e+07 6.580000000000000000e+02 3.100000000000000000e+01 8.100000000000000000e+01 1.090600000000000000e+04
-1.072893905639648438e+01 2.076265335083007812e+00 1.335106790065765381e-02 4.700000000000000000e+01 5.390298000000000000e+07 5.530000000000000000e+02 3.100000000000000000e+01 7.700000000000000000e+01 1.092800000000000000e+04
-1.077189159393310547e+01 2.153230667114257812e+00 1.342070661485195160e-02 4.500000000000000000e+01 5.400118000000000000e+07 5.360000000000000000e+02 3.100000000000000000e+01 6.700000000000000000e+01 1.098500000000000000e+04
-1.086425018310546875e+01 2.241104364395141602e+00 1.355265360325574875e-02 6.300000000000000000e+01 5.409998000000000000e+07 7.570000000000000000e+02 3.100000000000000000e+01 5.500000000000000000e+01 1.109300000000000000e+04
-1.090311241149902344e+01 2.318957805633544922e+00 1.361862663179636002e-02 6.300000000000000000e+01 5.419756000000000000e+07 7.760000000000000000e+02 3.100000000000000000e+01 6.300000000000000000e+01 1.114700000000000000e+04
-1.103911018371582031e+01 2.418775320053100586e+00 1.380677334964275360e-02 5.200000000000000000e+01 5.429499200000000000e+07 6.560000000000000000e+02 3.100000000000000000e+01 7.000000000000000000e+01 1.130100000000000000e+04
-1.053143596649169922e+01 2.375353574752807617e+00 1.318979915231466293e-02 7.700000000000000000e+01 5.439288000000000000e+07 8.900000000000000000e+02 3.100000000000000000e+01 7.800000000000000000e+01 1.079600000000000000e+04
-1.082546138763427734e+01 2.511571407318115234e+00 1.357708871364593506e-02 9.700000000000000000e+01 5.448974000000000000e+07 1.191000000000000000e+03 3.100000000000000000e+01 6.400000000000000000e+01 1.111300000000000000e+04
-1.078163719177246094e+01 2.571220636367797852e+00 1.354165840893983841e-02 4.700000000000000000e+01 5.458864800000000000e+07 5.700000000000000000e+02 3.100000000000000000e+01 6.800000000000000000e+01 1.108400000000000000e+04
-1.072777748107910156e+01 2.628047466278076172e+00 1.349401008337736130e-02 4.300000000000000000e+01 5.468516000000000000e+07 5.060000000000000000e+02 3.100000000000000000e+01 5.600000000000000000e+01 1.104500000000000000e+04
-1.065908145904541016e+01 2.680651903152465820e+00 1.342803612351417542e-02 4.800000000000000000e+01 5.478191200000000000e+07 5.620000000000000000e+02 3.100000000000000000e+01 5.600000000000000000e+01 1.099100000000000000e+04
-1.071699047088623047e+01 2.765242338180541992e+00 1.352211087942123413e-02 4.200000000000000000e+01 5.488087200000000000e+07 4.970000000000000000e+02 3.100000000000000000e+01 5.200000000000000000e+01 1.106800000000000000e+04
-1.041076755523681641e+01 2.754470825195312500e+00 1.315681263804435730e-02 4.800000000000000000e+01 5.497810000000000000e+07 5.390000000000000000e+02 3.100000000000000000e+01 5.600000000000000000e+01 1.076900000000000000e+04
-1.045350933074951172e+01 2.834523916244506836e+00 1.323255989700555801e-02 2.800000000000000000e+01 5.507532800000000000e+07 3.220000000000000000e+02 3.100000000000000000e+01 6.100000000000000000e+01 1.083100000000000000e+04
-1.044748306274414062e+01 2.901823520660400391e+00 1.324722077697515488e-02 5.200000000000000000e+01 5.517438000000000000e+07 6.040000000000000000e+02 3.100000000000000000e+01 7.200000000000000000e+01 1.084300000000000000e+04
-1.030924797058105469e+01 2.931682348251342773e+00 1.309450436383485794e-02 7.000000000000000000e+01 5.527166000000000000e+07 7.970000000000000000e+02 3.100000000000000000e+01 6.900000000000000000e+01 1.071800000000000000e+04
-1.014127922058105469e+01 2.951293230056762695e+00 1.290391478687524796e-02 5.400000000000000000e+01 5.536944000000000000e+07 5.950000000000000000e+02 3.100000000000000000e+01 7.100000000000000000e+01 1.056200000000000000e+04
-1.044022178649902344e+01 3.107901573181152344e+00 1.330830715596675873e-02 3.500000000000000000e+01 5.546808800000000000e+07 3.980000000000000000e+02 3.100000000000000000e+01 5.600000000000000000e+01 1.089300000000000000e+04
-1.050131511688232422e+01 3.196362733840942383e+00 1.341093238443136215e-02 4.400000000000000000e+01 5.556430000000000000e+07 5.240000000000000000e+02 3.100000000000000000e+01 6.200000000000000000e+01 1.097700000000000000e+04
-1.032872772216796875e+01 3.213209152221679688e+00 1.321545615792274475e-02 5.400000000000000000e+01 5.566136000000000000e+07 6.240000000000000000e+02 3.100000000000000000e+01 7.600000000000000000e+01 1.081700000000000000e+04
-9.488266944885253906e+00 3.015723228454589844e+00 1.216354593634605408e-02 1.040000000000000000e+02 5.575940800000000000e+07 1.024000000000000000e+03 3.100000000000000000e+01 7.600000000000000000e+01 9.956000000000000000e+03
-1.030563926696777344e+01 3.345273971557617188e+00 1.323744654655456543e-02 5.000000000000000000e+01 5.585708000000000000e+07 5.690000000000000000e+02 3.100000000000000000e+01 5.600000000000000000e+01 1.083500000000000000e+04
-1.021087932586669922e+01 3.383908510208129883e+00 1.314215268939733505e-02 3.600000000000000000e+01 5.595400800000000000e+07 4.100000000000000000e+02 3.100000000000000000e+01 6.600000000000000000e+01 1.075700000000000000e+04
-1.026949501037597656e+01 3.473410606384277344e+00 1.324477791786193848e-02 3.700000000000000000e+01 5.604988000000000000e+07 4.280000000000000000e+02 3.100000000000000000e+01 6.300000000000000000e+01 1.084100000000000000e+04
-1.027351284027099609e+01 3.545165300369262695e+00 1.327776443213224411e-02 3.700000000000000000e+01 5.614819200000000000e+07 4.210000000000000000e+02 3.100000000000000000e+01 4.500000000000000000e+01 1.086800000000000000e+04
-1.021100616455078125e+01 3.593859672546386719e+00 1.322523038834333420e-02 5.000000000000000000e+01 5.624602000000000000e+07 5.800000000000000000e+02 3.100000000000000000e+01 5.800000000000000000e+01 1.082500000000000000e+04
-9.526139259338378906e+00 3.418649911880493164e+00 1.236513163894414902e-02 3.300000000000000000e+01 5.634319200000000000e+07 3.320000000000000000e+02 3.100000000000000000e+01 7.000000000000000000e+01 1.012100000000000000e+04
-1.008161258697509766e+01 3.687974691390991211e+00 1.311527378857135773e-02 4.300000000000000000e+01 5.644104000000000000e+07 4.790000000000000000e+02 3.100000000000000000e+01 5.400000000000000000e+01 1.073500000000000000e+04
-6.156851768493652344e+00 3.090475559234619141e+00 2.044597566127777100e-01 1.520000000000000000e+02 5.653978000000000000e+07 7.160000000000000000e+02 2.800000000000000000e+01 4.200000000000000000e+01 6.892000000000000000e+03
-9.503147125244140625e+00 3.542628049850463867e+00 1.239078771322965622e-02 5.100000000000000000e+01 5.653978000000000000e+07 5.180000000000000000e+02 3.100000000000000000e+01 7.500000000000000000e+01 1.014200000000000000e+04
-6.105712890625000000e+00 3.111855030059814453e+00 2.033917754888534546e-01 2.070000000000000000e+02 5.663720000000000000e+07 9.620000000000000000e+02 2.800000000000000000e+01 4.200000000000000000e+01 6.856000000000000000e+03
-9.932763099670410156e+00 3.772358894348144531e+00 1.298088394105434418e-02 4.000000000000000000e+01 5.663720000000000000e+07 4.440000000000000000e+02 3.100000000000000000e+01 7.900000000000000000e+01 1.062500000000000000e+04
-9.917822837829589844e+00 3.836481094360351562e+00 1.299188006669282913e-02 3.500000000000000000e+01 5.673443200000000000e+07 3.890000000000000000e+02 3.100000000000000000e+01 6.800000000000000000e+01 1.063400000000000000e+04
-9.422372817993164062e+00 3.711452722549438477e+00 1.237246207892894745e-02 4.100000000000000000e+01 5.683204800000000000e+07 4.130000000000000000e+02 3.100000000000000000e+01 8.500000000000000000e+01 1.012700000000000000e+04
-9.728917121887207031e+00 3.901325702667236328e+00 1.280617620795965195e-02 4.000000000000000000e+01 5.692938000000000000e+07 4.330000000000000000e+02 3.100000000000000000e+01 6.300000000000000000e+01 1.048200000000000000e+04
-6.124877929687500000e+00 3.032758235931396484e+00 1.383909732103347778e-01 1.200000000000000000e+01 5.702747200000000000e+07 5.000000000000000000e+01 2.900000000000000000e+01 3.200000000000000000e+01 6.836000000000000000e+03
-9.951072692871093750e+00 4.061463832855224609e+00 1.313115563243627548e-02 2.900000000000000000e+01 5.702747200000000000e+07 3.280000000000000000e+02 3.100000000000000000e+01 6.700000000000000000e+01 1.074800000000000000e+04
-6.086502552032470703e+00 3.060401439666748047e+00 1.379455924034118652e-01 1.040000000000000000e+02 5.712475200000000000e+07 4.770000000000000000e+02 2.900000000000000000e+01 3.800000000000000000e+01 6.814000000000000000e+03
-9.384783744812011719e+00 3.897683382034301758e+00 1.241522282361984253e-02 7.700000000000000000e+01 5.712475200000000000e+07 7.870000000000000000e+02 3.100000000000000000e+01 9.100000000000000000e+01 1.016200000000000000e+04
-6.056033611297607422e+00 3.091780185699462891e+00 1.376824080944061279e-01 1.070000000000000000e+02 5.722336000000000000e+07 4.880000000000000000e+02 2.900000000000000000e+01 5.000000000000000000e+01 6.801000000000000000e+03
-9.599267959594726562e+00 4.056000232696533203e+00 1.273165084421634674e-02 7.200000000000000000e+01 5.722336000000000000e+07 7.740000000000000000e+02 3.100000000000000000e+01 7.800000000000000000e+01 1.042100000000000000e+04
-9.548476219177246094e+00 4.103767871856689453e+00 1.269744243472814560e-02 6.600000000000000000e+01 5.732103200000000000e+07 7.070000000000000000e+02 3.100000000000000000e+01 6.300000000000000000e+01 1.039300000000000000e+04
-9.579926490783691406e+00 4.187109470367431641e+00 1.277318969368934631e-02 3.700000000000000000e+01 5.741799200000000000e+07 3.900000000000000000e+02 3.100000000000000000e+01 3.500000000000000000e+01 1.045500000000000000e+04
-9.550398826599121094e+00 4.244187355041503906e+00 1.276830211281776428e-02 4.700000000000000000e+01 5.751502000000000000e+07 5.080000000000000000e+02 3.100000000000000000e+01 5.900000000000000000e+01 1.045100000000000000e+04
-6.098617553710937500e+00 3.024975776672363281e+00 7.248006016016006470e-02 5.400000000000000000e+01 5.761268800000000000e+07 2.470000000000000000e+02 3.000000000000000000e+01 9.300000000000000000e+01 6.808000000000000000e+03
-9.518709182739257812e+00 4.300237655639648438e+00 1.276097260415554047e-02 5.900000000000000000e+01 5.761268800000000000e+07 6.380000000000000000e+02 3.100000000000000000e+01 6.200000000000000000e+01 1.044500000000000000e+04
-6.084406852722167969e+00 3.064588308334350586e+00 7.253329455852508545e-02 2.070000000000000000e+02 5.771135200000000000e+07 9.500000000000000000e+02 3.000000000000000000e+01 5.000000000000000000e+01 6.813000000000000000e+03
-9.317659378051757812e+00 4.278442859649658203e+00 1.252639945596456528e-02 4.900000000000000000e+01 5.771135200000000000e+07 5.000000000000000000e+02 3.100000000000000000e+01 5.300000000000000000e+01 1.025300000000000000e+04
-6.064598560333251953e+00 3.101408481597900391e+00 7.252264767885208130e-02 1.830000000000000000e+02 5.780898000000000000e+07 8.380000000000000000e+02 3.000000000000000000e+01 5.100000000000000000e+01 6.812000000000000000e+03
-9.046559333801269531e+00 4.221364021301269531e+00 1.219653338193893433e-02 7.700000000000000000e+01 5.780898000000000000e+07 7.600000000000000000e+02 3.100000000000000000e+01 8.700000000000000000e+01 9.983000000000000000e+03
-9.334032058715820312e+00 4.425450325012207031e+00 1.262047421187162399e-02 4.700000000000000000e+01 5.790692000000000000e+07 4.860000000000000000e+02 3.100000000000000000e+01 4.800000000000000000e+01 1.033000000000000000e+04
-9.274268150329589844e+00 4.467017650604248047e+00 1.257649157196283340e-02 4.300000000000000000e+01 5.800511200000000000e+07 4.410000000000000000e+02 3.100000000000000000e+01 4.400000000000000000e+01 1.029400000000000000e+04
-9.243091583251953125e+00 4.522081851959228516e+00 1.257160492241382599e-02 2.800000000000000000e+01 5.810340800000000000e+07 2.820000000000000000e+02 3.100000000000000000e+01 4.700000000000000000e+01 1.029000000000000000e+04
-6.079863071441650391e+00 3.020881414413452148e+00 8.294327184557914734e-03 1.240000000000000000e+02 5.820100000000000000e+07 5.650000000000000000e+02 3.100000000000000000e+01 3.900000000000000000e+01 6.789000000000000000e+03
-6.070140838623046875e+00 3.062634229660034180e+00 8.306543342769145966e-03 1.960000000000000000e+02 5.829836800000000000e+07 9.040000000000000000e+02 3.100000000000000000e+01 5.800000000000000000e+01 6.799000000000000000e+03
-6.054794788360595703e+00 3.101645946502685547e+00 8.311430923640727997e-03 1.650000000000000000e+02 5.839548000000000000e+07 7.610000000000000000e+02 3.100000000000000000e+01 7.300000000000000000e+01 6.803000000000000000e+03
-6.030325889587402344e+00 3.135970830917358398e+00 8.304100483655929565e-03 4.300000000000000000e+01 5.849296000000000000e+07 1.960000000000000000e+02 3.100000000000000000e+01 6.600000000000000000e+01 6.797000000000000000e+03
-9.123021125793457031e+00 4.815620899200439453e+00 1.260336954146623611e-02 6.600000000000000000e+01 5.859064800000000000e+07 6.870000000000000000e+02 3.100000000000000000e+01 5.600000000000000000e+01 1.031600000000000000e+04
-9.090656280517578125e+00 4.870090961456298828e+00 1.259970385581254959e-02 5.200000000000000000e+01 5.868746000000000000e+07 5.380000000000000000e+02 3.100000000000000000e+01 4.600000000000000000e+01 1.031300000000000000e+04
-8.868198394775390625e+00 4.821177959442138672e+00 1.233214512467384338e-02 5.100000000000000000e+01 5.878514000000000000e+07 5.060000000000000000e+02 3.100000000000000000e+01 4.300000000000000000e+01 1.009400000000000000e+04
-9.022328376770019531e+00 4.976933479309082031e+00 1.258870866149663925e-02 4.800000000000000000e+01 5.888312800000000000e+07 5.040000000000000000e+02 3.100000000000000000e+01 6.200000000000000000e+01 1.030400000000000000e+04
-8.849381446838378906e+00 4.952595233917236328e+00 1.238956674933433533e-02 5.100000000000000000e+01 5.898060000000000000e+07 5.090000000000000000e+02 3.100000000000000000e+01 5.400000000000000000e+01 1.014100000000000000e+04
-8.856219291687011719e+00 5.028029918670654297e+00 1.244209986180067062e-02 3.300000000000000000e+01 5.907783200000000000e+07 3.270000000000000000e+02 3.100000000000000000e+01 5.400000000000000000e+01 1.018400000000000000e+04
-8.715146064758300781e+00 5.018897533416748047e+00 1.228694058954715729e-02 4.000000000000000000e+01 5.917616800000000000e+07 3.900000000000000000e+02 3.100000000000000000e+01 5.200000000000000000e+01 1.005700000000000000e+04
-8.714408874511718750e+00 5.089930534362792969e+00 1.232970133423805237e-02 4.700000000000000000e+01 5.927440800000000000e+07 4.640000000000000000e+02 3.100000000000000000e+01 4.800000000000000000e+01 1.009200000000000000e+04
-8.604719161987304688e+00 5.096928119659423828e+00 1.221852377057075500e-02 4.700000000000000000e+01 5.937144000000000000e+07 4.560000000000000000e+02 3.100000000000000000e+01 5.100000000000000000e+01 1.000100000000000000e+04
-8.588712692260742188e+00 5.158897876739501953e+00 1.224051509052515030e-02 4.700000000000000000e+01 5.946916800000000000e+07 4.670000000000000000e+02 3.100000000000000000e+01 6.000000000000000000e+01 1.001900000000000000e+04
-8.524442672729492188e+00 5.191734313964843750e+00 1.219408959150314331e-02 4.100000000000000000e+01 5.956664000000000000e+07 3.940000000000000000e+02 3.100000000000000000e+01 5.200000000000000000e+01 9.981000000000000000e+03
-8.493276596069335938e+00 5.244466781616210938e+00 1.219531055539846420e-02 4.500000000000000000e+01 5.966483200000000000e+07 4.420000000000000000e+02 3.100000000000000000e+01 7.600000000000000000e+01 9.982000000000000000e+03
-8.457547187805175781e+00 5.294359683990478516e+00 1.219042483717203140e-02 4.600000000000000000e+01 5.976238000000000000e+07 4.440000000000000000e+02 3.100000000000000000e+01 4.700000000000000000e+01 9.978000000000000000e+03
-8.621635437011718750e+00 5.470994472503662109e+00 1.247508730739355087e-02 4.300000000000000000e+01 5.985872000000000000e+07 4.330000000000000000e+02 3.100000000000000000e+01 5.500000000000000000e+01 1.021100000000000000e+04
-8.400351524353027344e+00 5.403157711029052734e+00 1.220264192670583725e-02 3.500000000000000000e+01 5.995588800000000000e+07 3.360000000000000000e+02 3.100000000000000000e+01 4.200000000000000000e+01 9.988000000000000000e+03
-8.499398231506347656e+00 5.540885925292968750e+00 1.239567529410123825e-02 2.600000000000000000e+01 6.005376800000000000e+07 2.520000000000000000e+02 3.100000000000000000e+01 5.600000000000000000e+01 1.014600000000000000e+04
-8.311720848083496094e+00 5.491503715515136719e+00 1.217087730765342712e-02 3.500000000000000000e+01 6.015171200000000000e+07 3.330000000000000000e+02 3.100000000000000000e+01 5.700000000000000000e+01 9.962000000000000000e+03
-8.274544715881347656e+00 5.540174484252929688e+00 1.216598972678184509e-02 5.700000000000000000e+01 6.024950000000000000e+07 5.590000000000000000e+02 3.100000000000000000e+01 6.800000000000000000e+01 9.958000000000000000e+03
-8.268530845642089844e+00 5.609930992126464844e+00 1.220752857625484467e-02 3.800000000000000000e+01 6.034718000000000000e+07 3.650000000000000000e+02 3.100000000000000000e+01 5.000000000000000000e+01 9.992000000000000000e+03
-8.309765815734863281e+00 5.712678909301757812e+00 1.231992803514003754e-02 3.600000000000000000e+01 6.044486000000000000e+07 3.600000000000000000e+02 3.100000000000000000e+01 7.200000000000000000e+01 1.008400000000000000e+04
-8.228606224060058594e+00 5.731552124023437500e+00 1.225151121616363525e-02 2.200000000000000000e+01 6.054250000000000000e+07 2.070000000000000000e+02 3.100000000000000000e+01 5.100000000000000000e+01 1.002800000000000000e+04
-8.128736495971679688e+00 5.736384391784667969e+00 1.215499360114336014e-02 5.100000000000000000e+01 6.063987200000000000e+07 4.900000000000000000e+02 3.100000000000000000e+01 5.400000000000000000e+01 9.949000000000000000e+03
-8.280488014221191406e+00 5.919917106628417969e+00 1.243599224835634232e-02 3.500000000000000000e+01 6.073903200000000000e+07 3.560000000000000000e+02 3.100000000000000000e+01 7.400000000000000000e+01 1.017900000000000000e+04
-8.214851379394531250e+00 5.949497699737548828e+00 1.239200960844755173e-02 4.200000000000000000e+01 6.083696800000000000e+07 4.260000000000000000e+02 3.100000000000000000e+01 6.700000000000000000e+01 1.014300000000000000e+04
-8.643420219421386719e+00 6.341097831726074219e+00 1.309694815427064896e-02 4.600000000000000000e+01 6.093220000000000000e+07 5.210000000000000000e+02 3.100000000000000000e+01 7.200000000000000000e+01 1.072000000000000000e+04
-8.618797302246093750e+00 6.404750347137451172e+00 1.311893947422504425e-02 3.500000000000000000e+01 6.102948000000000000e+07 3.980000000000000000e+02 3.100000000000000000e+01 6.000000000000000000e+01 1.073800000000000000e+04
-8.127119064331054688e+00 6.117137908935546875e+00 1.242744084447622299e-02 6.100000000000000000e+01 6.112755200000000000e+07 6.230000000000000000e+02 3.100000000000000000e+01 9.600000000000000000e+01 1.017200000000000000e+04
-8.023425102233886719e+00 6.116569995880126953e+00 1.232603657990694046e-02 1.790000000000000000e+02 6.122600800000000000e+07 1.804000000000000000e+03 3.100000000000000000e+01 8.500000000000000000e+01 1.008900000000000000e+04
-8.507361412048339844e+00 6.568419933319091797e+00 1.313115563243627548e-02 5.000000000000000000e+01 6.132368800000000000e+07 5.710000000000000000e+02 3.100000000000000000e+01 6.900000000000000000e+01 1.074800000000000000e+04
-8.024962425231933594e+00 6.274934768676757812e+00 1.244576554745435715e-02 4.300000000000000000e+01 6.142132800000000000e+07 4.400000000000000000e+02 3.100000000000000000e+01 6.700000000000000000e+01 1.018700000000000000e+04
-8.209740638732910156e+00 6.500983715057373047e+00 1.279395818710327148e-02 3.000000000000000000e+01 6.151876000000000000e+07 3.210000000000000000e+02 3.100000000000000000e+01 8.200000000000000000e+01 1.047200000000000000e+04
-8.430265426635742188e+00 6.760184764862060547e+00 1.320201717317104340e-02 3.100000000000000000e+01 6.161586000000000000e+07 3.550000000000000000e+02 3.100000000000000000e+01 6.500000000000000000e+01 1.080600000000000000e+04
-8.355246543884277344e+00 6.784678459167480469e+00 1.314948219805955887e-02 3.400000000000000000e+01 6.171416000000000000e+07 3.770000000000000000e+02 3.100000000000000000e+01 5.400000000000000000e+01 1.076300000000000000e+04
-8.257845878601074219e+00 6.790089130401611328e+00 1.306151878088712692e-02 4.100000000000000000e+01 6.181170000000000000e+07 4.630000000000000000e+02 3.100000000000000000e+01 5.800000000000000000e+01 1.069100000000000000e+04
-8.205267906188964844e+00 6.831671714782714844e+00 1.304441317915916443e-02 4.800000000000000000e+01 6.190932000000000000e+07 5.310000000000000000e+02 3.100000000000000000e+01 4.800000000000000000e+01 1.067700000000000000e+04
-8.313048362731933594e+00 7.008222103118896484e+00 1.328387204557657242e-02 3.900000000000000000e+01 6.200690000000000000e+07 4.440000000000000000e+02 3.100000000000000000e+01 4.900000000000000000e+01 1.087300000000000000e+04
-8.194592475891113281e+00 6.994824409484863281e+00 1.316292118281126022e-02 4.000000000000000000e+01 6.210432800000000000e+07 4.570000000000000000e+02 3.100000000000000000e+01 7.500000000000000000e+01 1.077400000000000000e+04
-8.213559150695800781e+00 7.098592758178710938e+00 1.326310355216264725e-02 3.800000000000000000e+01 6.220256800000000000e+07 4.400000000000000000e+02 3.100000000000000000e+01 7.500000000000000000e+01 1.085600000000000000e+04
-8.132972717285156250e+00 7.116589069366455078e+00 1.320323813706636429e-02 4.000000000000000000e+01 6.230008800000000000e+07 4.500000000000000000e+02 3.100000000000000000e+01 5.500000000000000000e+01 1.080700000000000000e+04
-8.242597579956054688e+00 7.302298069000244141e+00 1.345369312912225723e-02 4.100000000000000000e+01 6.239840000000000000e+07 4.910000000000000000e+02 3.100000000000000000e+01 5.900000000000000000e+01 1.101200000000000000e+04
-8.269102096557617188e+00 7.416835784912109375e+00 1.357097923755645752e-02 3.000000000000000000e+01 6.249664800000000000e+07 3.640000000000000000e+02 3.100000000000000000e+01 6.000000000000000000e+01 1.110800000000000000e+04
-6.980566978454589844e+00 7.325595378875732422e+00 2.048939466476440430e-01 1.640000000000000000e+02 6.259330000000000000e+07 1.666000000000000000e+03 2.900000000000000000e+01 4.400000000000000000e+01 1.012100000000000000e+04
-8.159770011901855469e+00 7.409620285034179688e+00 1.346591021865606308e-02 2.800000000000000000e+01 6.259330000000000000e+07 3.340000000000000000e+02 3.100000000000000000e+01 6.300000000000000000e+01 1.102200000000000000e+04
-6.927263259887695312e+00 7.359553337097167969e+00 2.046510130167007446e-01 1.070000000000000000e+02 6.269206000000000000e+07 1.088000000000000000e+03 2.900000000000000000e+01 6.500000000000000000e+01 1.010900000000000000e+04
-8.195867538452148438e+00 7.534671306610107422e+00 1.360152289271354675e-02 3.900000000000000000e+01 6.269206000000000000e+07 4.760000000000000000e+02 3.100000000000000000e+01 7.200000000000000000e+01 1.113300000000000000e+04
-8.157532691955566406e+00 7.592312335968017578e+00 1.361496094614267349e-02 7.200000000000000000e+01 6.279082000000000000e+07 8.860000000000000000e+02 3.100000000000000000e+01 7.200000000000000000e+01 1.114400000000000000e+04
-8.179525375366210938e+00 7.802282333374023438e+00 1.381043903529644012e-02 3.500000000000000000e+01 6.298491200000000000e+07 4.280000000000000000e+02 3.100000000000000000e+01 5.700000000000000000e+01 1.130400000000000000e+04
-6.977254867553710938e+00 7.332202911376953125e+00 1.077619269490242004e-01 2.200000000000000000e+02 6.318164000000000000e+07 2.249000000000000000e+03 3.000000000000000000e+01 5.800000000000000000e+01 1.012200000000000000e+04
-6.924600124359130859e+00 7.366861343383789062e+00 1.076448112726211548e-01 1.350000000000000000e+02 6.327983200000000000e+07 1.374000000000000000e+03 3.000000000000000000e+01 6.500000000000000000e+01 1.011100000000000000e+04
-7.024427890777587891e+00 7.301692008972167969e+00 1.237857155501842499e-02 8.900000000000000000e+01 6.367030000000000000e+07 9.080000000000000000e+02 3.100000000000000000e+01 6.100000000000000000e+01 1.013200000000000000e+04
-6.974671363830566406e+00 7.339581489562988281e+00 1.237001921981573105e-02 2.530000000000000000e+02 6.376880800000000000e+07 2.587000000000000000e+03 3.100000000000000000e+01 7.000000000000000000e+01 1.012500000000000000e+04
-6.924029827117919922e+00 7.376405715942382812e+00 1.236024498939514160e-02 1.990000000000000000e+02 6.386819200000000000e+07 2.012000000000000000e+03 3.100000000000000000e+01 5.400000000000000000e+01 1.011700000000000000e+04
-7.160800457000732422e+00 7.723069667816162109e+00 1.286726258695125580e-02 1.550000000000000000e+02 6.396571200000000000e+07 1.710000000000000000e+03 3.100000000000000000e+01 9.300000000000000000e+01 1.053200000000000000e+04
-2.620765447616577148e+00 4.680911064147949219e+00 1.592187285423278809e-01 1.280000000000000000e+02 6.601815200000000000e+07 3.670000000000000000e+02 2.800000000000000000e+01 7.100000000000000000e+01 5.367000000000000000e+03
-2.592477560043334961e+00 4.697778701782226562e+00 1.592483967542648315e-01 4.370000000000000000e+02 6.611528000000000000e+07 1.254000000000000000e+03 2.800000000000000000e+01 9.800000000000000000e+01 5.368000000000000000e+03
-2.544500827789306641e+00 4.678473949432373047e+00 1.580617576837539673e-01 1.170000000000000000e+02 6.621367200000000000e+07 3.280000000000000000e+02 2.800000000000000000e+01 5.000000000000000000e+01 5.328000000000000000e+03
-2.610846519470214844e+00 4.670722484588623047e+00 1.083482280373573303e-01 5.400000000000000000e+01 6.660426000000000000e+07 1.510000000000000000e+02 2.900000000000000000e+01 2.500000000000000000e+01 5.352000000000000000e+03
-2.563804864883422852e+00 4.653378486633300781e+00 1.075789332389831543e-01 1.730000000000000000e+02 6.670163200000000000e+07 4.850000000000000000e+02 2.900000000000000000e+01 3.200000000000000000e+01 5.314000000000000000e+03
-2.542837381362915039e+00 4.683080196380615234e+00 1.079028546810150146e-01 2.500000000000000000e+01 6.679778000000000000e+07 6.700000000000000000e+01 2.900000000000000000e+01 3.900000000000000000e+01 5.330000000000000000e+03
-2.587068796157836914e+00 4.635662078857421875e+00 5.652124434709548950e-02 1.170000000000000000e+02 6.718871200000000000e+07 3.260000000000000000e+02 3.000000000000000000e+01 3.500000000000000000e+01 5.309000000000000000e+03
-2.556166887283325195e+00 4.647068023681640625e+00 5.646801739931106567e-02 2.440000000000000000e+02 6.728582400000000000e+07 6.820000000000000000e+02 3.000000000000000000e+01 4.900000000000000000e+01 5.304000000000000000e+03
-2.529034376144409180e+00 4.665302276611328125e+00 5.649995431303977966e-02 9.300000000000000000e+01 6.738438400000000000e+07 2.610000000000000000e+02 3.000000000000000000e+01 5.800000000000000000e+01 5.307000000000000000e+03
-2.621292114257812500e+00 4.637425422668457031e+00 6.508156657218933105e-03 1.330000000000000000e+02 6.767736800000000000e+07 3.760000000000000000e+02 3.100000000000000000e+01 7.100000000000000000e+01 5.327000000000000000e+03
-2.607389926910400391e+00 4.679628849029541016e+00 6.544808857142925262e-03 3.210000000000000000e+02 6.777527200000000000e+07 9.160000000000000000e+02 3.100000000000000000e+01 7.800000000000000000e+01 5.357000000000000000e+03
-2.575739145278930664e+00 4.690280437469482422e+00 6.537478417158126831e-03 3.160000000000000000e+02 6.787324000000000000e+07 9.030000000000000000e+02 3.100000000000000000e+01 8.500000000000000000e+01 5.351000000000000000e+03
-2.536440372467041016e+00 4.686648368835449219e+00 6.510600447654724121e-03 2.480000000000000000e+02 6.797303200000000000e+07 7.020000000000000000e+02 3.100000000000000000e+01 8.000000000000000000e+01 5.329000000000000000e+03
-3.163150072097778320e+00 7.761467456817626953e+00 1.697091162204742432e-01 3.430000000000000000e+02 6.855959200000000000e+07 2.399000000000000000e+03 2.900000000000000000e+01 7.700000000000000000e+01 8.383000000000000000e+03
-3.082391023635864258e+00 7.698124408721923828e+00 1.679073721170425415e-01 4.400000000000000000e+01 6.865689600000000000e+07 2.980000000000000000e+02 2.900000000000000000e+01 7.700000000000000000e+01 8.294000000000000000e+03
-3.127390384674072266e+00 7.688838005065917969e+00 8.837500214576721191e-02 2.500000000000000000e+01 6.914587200000000000e+07 1.640000000000000000e+02 3.000000000000000000e+01 2.500000000000000000e+01 8.301000000000000000e+03
-3.190414667129516602e+00 7.722945213317871094e+00 1.020877715200185776e-02 2.350000000000000000e+02 6.963116800000000000e+07 1.636000000000000000e+03 3.100000000000000000e+01 8.300000000000000000e+01 8.356000000000000000e+03
-3.138830184936523438e+00 7.732183933258056641e+00 1.019533816725015640e-02 3.360000000000000000e+02 6.972956000000000000e+07 2.320000000000000000e+03 3.100000000000000000e+01 9.100000000000000000e+01 8.345000000000000000e+03
-3.086511611938476562e+00 7.739223480224609375e+00 1.017945632338523865e-02 1.650000000000000000e+02 6.982684000000000000e+07 1.142000000000000000e+03 3.100000000000000000e+01 5.800000000000000000e+01 8.332000000000000000e+03
-8.610452711582183838e-02 6.622893810272216797e-01 1.352328434586524963e-02 6.800000000000000000e+01 7.266795200000000000e+07 3.000000000000000000e+00 2.900000000000000000e+01 2.900000000000000000e+01 6.680000000000000000e+02
-5.653397529385983944e-04 7.248464822769165039e-01 4.090594872832298279e-02 2.260000000000000000e+02 7.471476800000000000e+07 1.100000000000000000e+01 2.500000000000000000e+01 7.000000000000000000e+00 7.260000000000000000e+02
-4.518200643360614777e-03 7.449514865875244141e-01 5.509900674223899841e-02 2.050000000000000000e+02 7.579982400000000000e+07 1.100000000000000000e+01 2.300000000000000000e+01 1.300000000000000000e+01 7.470000000000000000e+02
