-1.473879348486661911e-02 -6.800612211227416992e-01 1.927395910024642944e-01 8.600000000000000000e+01 2.506406000000000000e+07 4.000000000000000000e+00 1.000000000000000000e+00 1.460000000000000000e+02 7.070000000000000000e+02
-1.718516647815704346e-02 -7.563740611076354980e-01 1.260633617639541626e-01 7.300000000000000000e+01 2.506406000000000000e+07 4.000000000000000000e+00 1.300000000000000000e+01 1.200000000000000000e+02 7.670000000000000000e+02
-5.514499545097351074e-02 -6.998052000999450684e-01 6.524378806352615356e-02 5.700000000000000000e+01 2.594679000000000000e+07 3.000000000000000000e+00 2.100000000000000000e+01 2.800000000000000000e+01 7.050000000000000000e+02
-7.414848357439041138e-02 -7.160685658454895020e-01 6.690958887338638306e-02 5.400000000000000000e+01 2.634017000000000000e+07 3.000000000000000000e+00 2.100000000000000000e+01 3.300000000000000000e+01 7.230000000000000000e+02
-1.144791021943092346e-01 -7.165938019752502441e-01 2.153769321739673615e-02 5.500000000000000000e+01 2.663445000000000000e+07 3.000000000000000000e+00 2.800000000000000000e+01 6.000000000000000000e+00 7.260000000000000000e+02
-6.952214241027832031e-02 -7.078093290328979492e-01 3.341566398739814758e-02 9.200000000000000000e+01 2.683155000000000000e+07 5.000000000000000000e+00 2.600000000000000000e+01 2.000000000000000000e+01 7.120000000000000000e+02
-5.140428990125656128e-02 -6.961981058120727539e-01 5.163227021694183350e-02 5.700000000000000000e+01 2.702675000000000000e+07 3.000000000000000000e+00 2.300000000000000000e+01 3.000000000000000000e+00 7.000000000000000000e+02
-1.089409664273262024e-01 -7.058547139167785645e-01 3.355646133422851562e-02 7.900000000000000000e+01 2.770874000000000000e+07 4.000000000000000000e+00 2.600000000000000000e+01 2.000000000000000000e+01 7.150000000000000000e+02
-1.079421341419219971e-01 -7.229859828948974609e-01 8.930847398005425930e-04 9.300000000000000000e+01 2.819489000000000000e+07 5.000000000000000000e+00 3.100000000000000000e+01 1.700000000000000000e+01 7.310000000000000000e+02
-1.266410589218139648e+00 -2.447562932968139648e+00 8.178984373807907104e-02 2.290000000000000000e+02 3.171604000000000000e+07 1.720000000000000000e+02 2.800000000000000000e+01 6.900000000000000000e+01 2.757000000000000000e+03
-1.300569534301757812e+00 -2.477285623550415039e+00 1.843670606613159180e-01 1.890000000000000000e+02 3.181413000000000000e+07 1.470000000000000000e+02 2.400000000000000000e+01 6.100000000000000000e+01 2.804000000000000000e+03
-1.271644234657287598e+00 -2.421162843704223633e+00 8.116684854030609131e-02 2.850000000000000000e+02 3.181413000000000000e+07 2.120000000000000000e+02 2.800000000000000000e+01 9.100000000000000000e+01 2.736000000000000000e+03
-1.311053037643432617e+00 -2.460452795028686523e+00 1.837095469236373901e-01 2.780000000000000000e+02 3.191089000000000000e+07 2.160000000000000000e+02 2.400000000000000000e+01 5.200000000000000000e+01 2.794000000000000000e+03
-1.287416815757751465e+00 -2.415078639984130859e+00 8.122617751359939575e-02 3.100000000000000000e+02 3.191089000000000000e+07 2.300000000000000000e+02 2.800000000000000000e+01 9.100000000000000000e+01 2.738000000000000000e+03
-1.302868366241455078e+00 -2.409353494644165039e+00 1.804877221584320068e-01 1.250000000000000000e+02 3.200873000000000000e+07 9.300000000000000000e+01 2.400000000000000000e+01 4.600000000000000000e+01 2.745000000000000000e+03
-1.305540442466735840e+00 -2.413287878036499023e+00 8.143384009599685669e-02 2.740000000000000000e+02 3.200873000000000000e+07 2.050000000000000000e+02 2.800000000000000000e+01 9.400000000000000000e+01 2.745000000000000000e+03
-1.314551591873168945e+00 -2.394716978073120117e+00 8.107784390449523926e-02 2.140000000000000000e+02 3.210579000000000000e+07 1.590000000000000000e+02 2.800000000000000000e+01 5.300000000000000000e+01 2.733000000000000000e+03
-1.250168442726135254e+00 -2.448771238327026367e+00 5.567220598459243774e-02 9.300000000000000000e+01 3.220245000000000000e+07 7.000000000000000000e+01 2.900000000000000000e+01 8.000000000000000000e+01 2.750000000000000000e+03
-1.280933022499084473e+00 -2.473580360412597656e+00 1.572005450725555420e-01 3.800000000000000000e+01 3.230014000000000000e+07 2.900000000000000000e+01 2.500000000000000000e+01 6.100000000000000000e+01 2.790000000000000000e+03
-1.267930626869201660e+00 -2.446380138397216797e+00 5.579366534948348999e-02 2.090000000000000000e+02 3.230014000000000000e+07 1.570000000000000000e+02 2.900000000000000000e+01 8.000000000000000000e+01 2.756000000000000000e+03
-1.301196455955505371e+00 -2.475395441055297852e+00 1.578203290700912476e-01 1.610000000000000000e+02 3.239680000000000000e+07 1.250000000000000000e+02 2.500000000000000000e+01 4.900000000000000000e+01 2.801000000000000000e+03
-1.284779548645019531e+00 -2.442093610763549805e+00 5.587464943528175354e-02 2.670000000000000000e+02 3.239680000000000000e+07 2.020000000000000000e+02 2.900000000000000000e+01 8.000000000000000000e+01 2.760000000000000000e+03
-1.313540935516357422e+00 -2.462079286575317383e+00 1.574822664260864258e-01 1.700000000000000000e+02 3.249324000000000000e+07 1.320000000000000000e+02 2.500000000000000000e+01 6.100000000000000000e+01 2.795000000000000000e+03
-1.301152467727661133e+00 -2.436810255050659180e+00 5.593538284301757812e-02 2.630000000000000000e+02 3.249324000000000000e+07 2.000000000000000000e+02 2.900000000000000000e+01 8.800000000000000000e+01 2.763000000000000000e+03
-1.326246500015258789e+00 -2.449583530426025391e+00 1.572005450725555420e-01 8.300000000000000000e+01 3.259232000000000000e+07 6.400000000000000000e+01 2.500000000000000000e+01 4.600000000000000000e+01 2.790000000000000000e+03
-1.313222050666809082e+00 -2.423506259918212891e+00 5.581391602754592896e-02 2.390000000000000000e+02 3.259232000000000000e+07 1.800000000000000000e+02 2.900000000000000000e+01 7.100000000000000000e+01 2.757000000000000000e+03
-1.320360302925109863e+00 -2.401385307312011719e+00 5.549000203609466553e-02 1.450000000000000000e+02 3.268979000000000000e+07 1.080000000000000000e+02 2.900000000000000000e+01 5.600000000000000000e+01 2.741000000000000000e+03
-1.263874053955078125e+00 -2.471421718597412109e+00 2.955414913594722748e-02 1.590000000000000000e+02 3.278828000000000000e+07 1.210000000000000000e+02 3.000000000000000000e+01 5.500000000000000000e+01 2.776000000000000000e+03
-1.283285856246948242e+00 -2.475015401840209961e+00 1.309875249862670898e-01 1.060000000000000000e+02 3.288581000000000000e+07 8.100000000000000000e+01 2.600000000000000000e+01 5.700000000000000000e+01 2.791000000000000000e+03
-1.271182060241699219e+00 -2.448533296585083008e+00 2.937316335737705231e-02 1.870000000000000000e+02 3.288581000000000000e+07 1.420000000000000000e+02 3.000000000000000000e+01 8.000000000000000000e+01 2.759000000000000000e+03
-1.297517538070678711e+00 -2.465326786041259766e+00 1.308936625719070435e-01 1.650000000000000000e+02 3.298279000000000000e+07 1.270000000000000000e+02 2.600000000000000000e+01 5.400000000000000000e+01 2.789000000000000000e+03
-1.285715818405151367e+00 -2.439802646636962891e+00 2.936251647770404816e-02 2.360000000000000000e+02 3.298279000000000000e+07 1.780000000000000000e+02 3.000000000000000000e+01 8.400000000000000000e+01 2.758000000000000000e+03
-1.302266120910644531e+00 -2.437935352325439453e+00 1.298611611127853394e-01 1.510000000000000000e+02 3.308251000000000000e+07 1.150000000000000000e+02 2.600000000000000000e+01 6.700000000000000000e+01 2.767000000000000000e+03
-1.296417593955993652e+00 -2.423932075500488281e+00 2.926670014858245850e-02 2.220000000000000000e+02 3.308251000000000000e+07 1.670000000000000000e+02 3.000000000000000000e+01 8.300000000000000000e+01 2.749000000000000000e+03
-1.322912812232971191e+00 -2.440436840057373047e+00 1.304243355989456177e-01 6.400000000000000000e+01 3.317964000000000000e+07 4.800000000000000000e+01 2.600000000000000000e+01 4.600000000000000000e+01 2.779000000000000000e+03
-1.314128160476684570e+00 -2.421204805374145508e+00 2.933057770133018494e-02 1.940000000000000000e+02 3.317964000000000000e+07 1.460000000000000000e+02 3.000000000000000000e+01 7.100000000000000000e+01 2.755000000000000000e+03
-1.321241617202758789e+00 -2.399081468582153320e+00 2.916023693978786469e-02 9.000000000000000000e+01 3.327706000000000000e+07 6.700000000000000000e+01 3.000000000000000000e+01 7.100000000000000000e+01 2.739000000000000000e+03
-1.236044764518737793e+00 -2.449840545654296875e+00 3.352427855134010315e-03 5.900000000000000000e+01 3.327706000000000000e+07 4.300000000000000000e+01 3.100000000000000000e+01 5.000000000000000000e+01 2.744000000000000000e+03
-1.240671157836914062e+00 -2.424027681350708008e+00 1.022304892539978027e-01 7.200000000000000000e+01 3.337535000000000000e+07 5.300000000000000000e+01 2.700000000000000000e+01 6.100000000000000000e+01 2.725000000000000000e+03
-1.242390871047973633e+00 -2.425299882888793945e+00 3.329214872792363167e-03 8.200000000000000000e+01 3.337535000000000000e+07 6.000000000000000000e+01 3.100000000000000000e+01 5.200000000000000000e+01 2.725000000000000000e+03
-1.270725846290588379e+00 -2.445631742477416992e+00 1.034685075283050537e-01 1.770000000000000000e+02 3.347206000000000000e+07 1.340000000000000000e+02 2.700000000000000000e+01 8.300000000000000000e+01 2.758000000000000000e+03
-1.266937732696533203e+00 -2.436262369155883789e+00 3.354871179908514023e-03 1.060000000000000000e+02 3.347206000000000000e+07 7.900000000000000000e+01 3.100000000000000000e+01 5.200000000000000000e+01 2.746000000000000000e+03
-1.294565320014953613e+00 -2.454582929611206055e+00 1.041813120245933533e-01 2.000000000000000000e+02 3.357040000000000000e+07 1.540000000000000000e+02 2.700000000000000000e+01 8.800000000000000000e+01 2.777000000000000000e+03
-1.278128027915954590e+00 -2.421367883682250977e+00 3.345097415149211884e-03 1.270000000000000000e+02 3.357040000000000000e+07 9.400000000000000000e+01 3.100000000000000000e+01 5.200000000000000000e+01 2.738000000000000000e+03
-1.297812223434448242e+00 -2.424567699432373047e+00 1.032434105873107910e-01 1.720000000000000000e+02 3.366824800000000000e+07 1.300000000000000000e+02 2.700000000000000000e+01 7.500000000000000000e+01 2.752000000000000000e+03
-1.300044536590576172e+00 -2.426701784133911133e+00 3.363423282280564308e-03 1.030000000000000000e+02 3.366824800000000000e+07 7.700000000000000000e+01 3.100000000000000000e+01 4.800000000000000000e+01 2.753000000000000000e+03
-1.323635339736938477e+00 -2.436755418777465820e+00 1.041062772274017334e-01 7.700000000000000000e+01 3.376624000000000000e+07 5.800000000000000000e+01 2.700000000000000000e+01 3.700000000000000000e+01 2.775000000000000000e+03
-1.302014112472534180e+00 -2.394958019256591797e+00 3.330436535179615021e-03 8.500000000000000000e+01 3.376624000000000000e+07 6.200000000000000000e+01 3.100000000000000000e+01 4.900000000000000000e+01 2.726000000000000000e+03
-1.319582939147949219e+00 -2.392177820205688477e+00 3.337766975164413452e-03 5.000000000000000000e+01 3.386400800000000000e+07 3.600000000000000000e+01 3.100000000000000000e+01 5.600000000000000000e+01 2.732000000000000000e+03
-4.455798625946044922e+00 -7.522353172302246094e+00 1.068158727139234543e-02 2.530000000000000000e+02 3.435304000000000000e+07 1.926000000000000000e+03 3.100000000000000000e+01 1.260000000000000000e+02 8.743000000000000000e+03
-4.497236728668212891e+00 -7.487155914306640625e+00 1.067059114575386047e-02 2.220000000000000000e+02 3.445098000000000000e+07 1.679000000000000000e+03 3.100000000000000000e+01 9.700000000000000000e+01 8.734000000000000000e+03
-4.499399185180664062e+00 -7.387679576873779297e+00 1.056796684861183167e-02 1.490000000000000000e+02 3.454871200000000000e+07 1.106000000000000000e+03 3.100000000000000000e+01 1.420000000000000000e+02 8.650000000000000000e+03
-4.776867389678955078e+00 -7.736011981964111328e+00 1.110797096043825150e-02 1.580000000000000000e+02 3.464562000000000000e+07 1.295000000000000000e+03 3.100000000000000000e+01 1.540000000000000000e+02 9.092000000000000000e+03
-4.755709171295166016e+00 -7.494431018829345703e+00 1.084407791495323181e-02 1.520000000000000000e+02 3.484328800000000000e+07 1.193000000000000000e+03 3.100000000000000000e+01 1.800000000000000000e+02 8.876000000000000000e+03
-4.470533847808837891e+00 -6.950389862060546875e+00 1.009637769311666489e-02 2.330000000000000000e+02 3.494103200000000000e+07 1.577000000000000000e+03 3.100000000000000000e+01 1.190000000000000000e+02 8.264000000000000000e+03
-5.194648265838623047e+00 -7.968289375305175781e+00 1.162109710276126862e-02 1.610000000000000000e+02 3.503968800000000000e+07 1.434000000000000000e+03 3.100000000000000000e+01 1.670000000000000000e+02 9.512000000000000000e+03
-4.813472270965576172e+00 -7.285479068756103516e+00 1.066814828664064407e-02 1.680000000000000000e+02 3.513736000000000000e+07 1.264000000000000000e+03 3.100000000000000000e+01 1.380000000000000000e+02 8.732000000000000000e+03
-5.045019626617431641e+00 -7.535004615783691406e+00 1.107865013182163239e-02 2.670000000000000000e+02 3.523468800000000000e+07 2.179000000000000000e+03 3.100000000000000000e+01 1.100000000000000000e+02 9.068000000000000000e+03
-4.674568176269531250e+00 -6.889890193939208984e+00 1.017212588340044022e-02 2.030000000000000000e+02 3.533370000000000000e+07 1.398000000000000000e+03 3.100000000000000000e+01 1.560000000000000000e+02 8.326000000000000000e+03
-4.640276908874511719e+00 -6.749830722808837891e+00 1.000719144940376282e-02 1.980000000000000000e+02 3.543112000000000000e+07 1.312000000000000000e+03 3.100000000000000000e+01 1.580000000000000000e+02 8.191000000000000000e+03
-4.856501579284667969e+00 -6.972323894500732422e+00 1.038104202598333359e-02 1.870000000000000000e+02 3.552855200000000000e+07 1.340000000000000000e+03 3.100000000000000000e+01 1.550000000000000000e+02 8.497000000000000000e+03
-4.795407295227050781e+00 -6.795326232910156250e+00 1.016113068908452988e-02 1.640000000000000000e+02 3.562639200000000000e+07 1.131000000000000000e+03 3.100000000000000000e+01 1.790000000000000000e+02 8.317000000000000000e+03
-5.066155433654785156e+00 -7.086288452148437500e+00 1.064249221235513687e-02 2.120000000000000000e+02 3.572452800000000000e+07 1.595000000000000000e+03 3.100000000000000000e+01 1.000000000000000000e+02 8.711000000000000000e+03
-5.012171268463134766e+00 -6.920625209808349609e+00 1.043968461453914642e-02 3.470000000000000000e+02 3.582339200000000000e+07 2.528000000000000000e+03 3.100000000000000000e+01 9.300000000000000000e+01 8.545000000000000000e+03
-5.051583290100097656e+00 -6.885709285736083984e+00 1.043357606977224350e-02 1.560000000000000000e+02 3.592178000000000000e+07 1.134000000000000000e+03 3.100000000000000000e+01 1.800000000000000000e+02 8.540000000000000000e+03
-4.700673580169677734e+00 -6.325641632080078125e+00 9.628456085920333862e-03 2.850000000000000000e+02 3.601996800000000000e+07 1.758000000000000000e+03 3.100000000000000000e+01 1.050000000000000000e+02 7.881000000000000000e+03
-4.904775142669677734e+00 -6.516396045684814453e+00 9.964431636035442352e-03 1.840000000000000000e+02 3.611832000000000000e+07 1.215000000000000000e+03 3.100000000000000000e+01 1.510000000000000000e+02 8.156000000000000000e+03
-5.154433727264404297e+00 -6.761340618133544922e+00 1.038715057075023651e-02 1.930000000000000000e+02 3.621596000000000000e+07 1.378000000000000000e+03 3.100000000000000000e+01 1.610000000000000000e+02 8.502000000000000000e+03
-5.019817829132080078e+00 -6.501625537872314453e+00 1.003529224544763565e-02 2.440000000000000000e+02 3.631348000000000000e+07 1.639000000000000000e+03 3.100000000000000000e+01 1.250000000000000000e+02 8.214000000000000000e+03
-5.010338783264160156e+00 -6.407680988311767578e+00 9.937554597854614258e-03 2.570000000000000000e+02 3.641158000000000000e+07 1.687000000000000000e+03 3.100000000000000000e+01 1.180000000000000000e+02 8.134000000000000000e+03
-4.802484035491943359e+00 -6.064796924591064453e+00 9.451305493712425232e-03 3.290000000000000000e+02 3.650952000000000000e+07 1.958000000000000000e+03 3.100000000000000000e+01 9.500000000000000000e+01 7.736000000000000000e+03
-5.159286022186279297e+00 -6.433870315551757812e+00 1.007560919970273972e-02 1.730000000000000000e+02 3.660796000000000000e+07 1.168000000000000000e+03 3.100000000000000000e+01 1.510000000000000000e+02 8.247000000000000000e+03
-5.295113086700439453e+00 -6.520865440368652344e+00 1.026253402233123779e-02 2.690000000000000000e+02 3.670559200000000000e+07 1.884000000000000000e+03 3.100000000000000000e+01 1.120000000000000000e+02 8.400000000000000000e+03
-5.281039237976074219e+00 -6.422597408294677734e+00 1.015868689864873886e-02 2.290000000000000000e+02 3.680538000000000000e+07 1.579000000000000000e+03 3.100000000000000000e+01 1.880000000000000000e+02 8.315000000000000000e+03
-5.221171379089355469e+00 -6.270955562591552734e+00 9.969319216907024384e-03 1.950000000000000000e+02 3.690290000000000000e+07 1.290000000000000000e+03 3.100000000000000000e+01 1.400000000000000000e+02 8.160000000000000000e+03
-5.271152973175048828e+00 -6.252562522888183594e+00 9.991309605538845062e-03 2.240000000000000000e+02 3.700104800000000000e+07 1.485000000000000000e+03 3.100000000000000000e+01 1.160000000000000000e+02 8.178000000000000000e+03
-5.199698448181152344e+00 -6.091562271118164062e+00 9.784838184714317322e-03 1.770000000000000000e+02 3.709914000000000000e+07 1.126000000000000000e+03 3.100000000000000000e+01 1.630000000000000000e+02 8.009000000000000000e+03
-5.396525859832763672e+00 -6.244151115417480469e+00 1.008293963968753815e-02 2.100000000000000000e+02 3.719580000000000000e+07 1.422000000000000000e+03 3.100000000000000000e+01 1.440000000000000000e+02 8.253000000000000000e+03
-5.582245349884033203e+00 -6.379495620727539062e+00 1.035660691559314728e-02 1.090000000000000000e+02 3.729322000000000000e+07 7.750000000000000000e+02 3.100000000000000000e+01 1.360000000000000000e+02 8.477000000000000000e+03
-5.661734580993652344e+00 -6.390782356262207031e+00 1.043113227933645248e-02 1.220000000000000000e+02 3.739104800000000000e+07 8.790000000000000000e+02 3.100000000000000000e+01 1.680000000000000000e+02 8.538000000000000000e+03
-6.014661312103271484e+00 -6.705803394317626953e+00 1.100534573197364807e-02 1.390000000000000000e+02 3.748894000000000000e+07 1.120000000000000000e+03 3.100000000000000000e+01 2.240000000000000000e+02 9.008000000000000000e+03
-5.521249294281005859e+00 -6.080220222473144531e+00 1.003407035022974014e-02 2.310000000000000000e+02 3.758590000000000000e+07 1.543000000000000000e+03 3.100000000000000000e+01 1.340000000000000000e+02 8.213000000000000000e+03
-5.553715229034423828e+00 -6.041074752807617188e+00 1.002551801502704620e-02 2.200000000000000000e+02 3.768316800000000000e+07 1.474000000000000000e+03 3.100000000000000000e+01 1.250000000000000000e+02 8.206000000000000000e+03
-5.303173065185546875e+00 -5.697975635528564453e+00 9.509948082268238068e-03 2.340000000000000000e+02 3.778055200000000000e+07 1.404000000000000000e+03 3.100000000000000000e+01 1.500000000000000000e+02 7.784000000000000000e+03
-5.561596870422363281e+00 -5.902596950531005859e+00 9.908232837915420532e-03 2.080000000000000000e+02 3.787824000000000000e+07 1.358000000000000000e+03 3.100000000000000000e+01 1.820000000000000000e+02 8.110000000000000000e+03
-5.644644737243652344e+00 -5.917564868927001953e+00 9.991309605538845062e-03 2.360000000000000000e+02 3.797478000000000000e+07 1.568000000000000000e+03 3.100000000000000000e+01 1.740000000000000000e+02 8.178000000000000000e+03
-5.340469360351562500e+00 -5.530338764190673828e+00 9.392661973834037781e-03 3.130000000000000000e+02 3.807238000000000000e+07 1.839000000000000000e+03 3.100000000000000000e+01 1.000000000000000000e+02 7.688000000000000000e+03
-5.961505413055419922e+00 -6.098125934600830078e+00 1.041891612112522125e-02 1.320000000000000000e+02 3.817004800000000000e+07 9.550000000000000000e+02 3.100000000000000000e+01 1.980000000000000000e+02 8.528000000000000000e+03
-5.117418766021728516e+00 -5.170839309692382812e+00 8.888088166713714600e-03 3.040000000000000000e+02 3.826824000000000000e+07 1.604000000000000000e+03 3.100000000000000000e+01 1.140000000000000000e+02 7.275000000000000000e+03
-5.275741100311279297e+00 -5.265794754028320312e+00 9.106777608394622803e-03 2.260000000000000000e+02 3.836562000000000000e+07 1.250000000000000000e+03 3.100000000000000000e+01 1.140000000000000000e+02 7.454000000000000000e+03
-5.354950428009033203e+00 -5.279661655426025391e+00 9.187411516904830933e-03 2.150000000000000000e+02 3.846268000000000000e+07 1.202000000000000000e+03 3.100000000000000000e+01 1.650000000000000000e+02 7.520000000000000000e+03
-5.574222564697265625e+00 -5.428804397583007812e+00 9.506282396614551544e-03 2.030000000000000000e+02 3.855980000000000000e+07 1.221000000000000000e+03 3.100000000000000000e+01 1.550000000000000000e+02 7.781000000000000000e+03
-5.403482437133789062e+00 -5.198297977447509766e+00 9.160532616078853607e-03 2.600000000000000000e+02 3.865660800000000000e+07 1.459000000000000000e+03 3.100000000000000000e+01 1.800000000000000000e+02 7.498000000000000000e+03
-5.789751529693603516e+00 -5.501895904541015625e+00 9.757959283888339996e-03 2.700000000000000000e+02 3.875450000000000000e+07 1.715000000000000000e+03 3.100000000000000000e+01 1.300000000000000000e+02 7.987000000000000000e+03
-5.561650753021240234e+00 -5.220569133758544922e+00 9.319358505308628082e-03 1.440000000000000000e+02 3.885178000000000000e+07 8.340000000000000000e+02 3.100000000000000000e+01 1.880000000000000000e+02 7.628000000000000000e+03
-5.795968532562255859e+00 -5.374000072479248047e+00 9.656555950641632080e-03 2.510000000000000000e+02 3.894960000000000000e+07 1.548000000000000000e+03 3.100000000000000000e+01 1.440000000000000000e+02 7.904000000000000000e+03
-5.794173240661621094e+00 -5.306591987609863281e+00 9.599134325981140137e-03 2.860000000000000000e+02 3.904755200000000000e+07 1.754000000000000000e+03 3.100000000000000000e+01 1.010000000000000000e+02 7.857000000000000000e+03
-5.732443809509277344e+00 -5.185740470886230469e+00 9.443975053727626801e-03 1.830000000000000000e+02 3.914516800000000000e+07 1.089000000000000000e+03 3.100000000000000000e+01 1.910000000000000000e+02 7.730000000000000000e+03
-5.634405612945556641e+00 -5.034533500671386719e+00 9.231393225491046906e-03 1.940000000000000000e+02 3.924306000000000000e+07 1.094000000000000000e+03 3.100000000000000000e+01 1.670000000000000000e+02 7.556000000000000000e+03
-5.824140071868896484e+00 -5.140149116516113281e+00 9.490400552749633789e-03 2.940000000000000000e+02 3.934024000000000000e+07 1.759000000000000000e+03 3.100000000000000000e+01 1.660000000000000000e+02 7.768000000000000000e+03
-5.897029399871826172e+00 -5.140456199645996094e+00 9.557595476508140564e-03 3.300000000000000000e+02 3.943695200000000000e+07 2.014000000000000000e+03 3.100000000000000000e+01 1.080000000000000000e+02 7.823000000000000000e+03
-6.089118480682373047e+00 -5.242497444152832031e+00 9.816602803766727448e-03 2.190000000000000000e+02 3.953548800000000000e+07 1.400000000000000000e+03 3.100000000000000000e+01 1.290000000000000000e+02 8.035000000000000000e+03
-6.282675743103027344e+00 -5.342369079589843750e+00 1.007560919970273972e-02 1.640000000000000000e+02 3.963180000000000000e+07 1.112000000000000000e+03 3.100000000000000000e+01 1.760000000000000000e+02 8.247000000000000000e+03
-5.685105323791503906e+00 -4.774439811706542969e+00 9.070125408470630646e-03 2.550000000000000000e+02 3.972999200000000000e+07 1.393000000000000000e+03 3.100000000000000000e+01 1.370000000000000000e+02 7.424000000000000000e+03
-5.631165504455566406e+00 -4.670519828796386719e+00 8.938178420066833496e-03 2.360000000000000000e+02 3.982910000000000000e+07 1.254000000000000000e+03 3.100000000000000000e+01 1.910000000000000000e+02 7.316000000000000000e+03
-6.541630744934082031e+00 -5.358255863189697266e+00 1.033095084130764008e-02 9.400000000000000000e+01 3.992734000000000000e+07 6.680000000000000000e+02 3.100000000000000000e+01 1.740000000000000000e+02 8.456000000000000000e+03
-5.724597454071044922e+00 -4.630623817443847656e+00 8.995600044727325439e-03 2.720000000000000000e+02 4.002564800000000000e+07 1.463000000000000000e+03 3.100000000000000000e+01 1.290000000000000000e+02 7.363000000000000000e+03
-7.347589015960693359e+00 -5.869244098663330078e+00 1.148915104568004608e-02 1.160000000000000000e+02 4.012343200000000000e+07 1.017000000000000000e+03 3.100000000000000000e+01 2.280000000000000000e+02 9.404000000000000000e+03
-1.090435981750488281e+01 -7.979688644409179688e+00 1.438635587692260742e-01 1.720000000000000000e+02 4.022014000000000000e+07 3.132000000000000000e+03 3.000000000000000000e+01 5.800000000000000000e+01 1.351300000000000000e+04
-5.922316551208496094e+00 -4.671502113342285156e+00 9.215511381626129150e-03 2.190000000000000000e+02 4.022014000000000000e+07 1.232000000000000000e+03 3.100000000000000000e+01 1.610000000000000000e+02 7.543000000000000000e+03
-1.105038356781005859e+01 -7.982897281646728516e+00 1.451411098241806030e-01 1.920000000000000000e+02 4.031859200000000000e+07 3.537000000000000000e+03 3.000000000000000000e+01 7.900000000000000000e+01 1.363300000000000000e+04
-6.245138645172119141e+00 -4.864279270172119141e+00 9.671216830611228943e-03 1.930000000000000000e+02 4.031859200000000000e+07 1.196000000000000000e+03 3.100000000000000000e+01 1.250000000000000000e+02 7.916000000000000000e+03
-1.120499610900878906e+01 -7.990417480468750000e+00 1.465251296758651733e-01 1.730000000000000000e+02 4.041584800000000000e+07 3.250000000000000000e+03 3.000000000000000000e+01 5.100000000000000000e+01 1.376300000000000000e+04
-5.839685440063476562e+00 -4.491178989410400391e+00 9.000486694276332855e-03 2.740000000000000000e+02 4.041584800000000000e+07 1.476000000000000000e+03 3.100000000000000000e+01 1.240000000000000000e+02 7.367000000000000000e+03
-1.127752685546875000e+01 -7.938206195831298828e+00 1.468338817358016968e-01 1.560000000000000000e+02 4.051395200000000000e+07 2.957000000000000000e+03 3.000000000000000000e+01 6.200000000000000000e+01 1.379200000000000000e+04
-6.043138980865478516e+00 -4.588914394378662109e+00 9.270489215850830078e-03 1.330000000000000000e+02 4.051395200000000000e+07 7.610000000000000000e+02 3.100000000000000000e+01 2.190000000000000000e+02 7.588000000000000000e+03
-1.144509601593017578e+01 -7.951586723327636719e+00 1.483775824308395386e-01 1.610000000000000000e+02 4.061179200000000000e+07 3.097000000000000000e+03 3.000000000000000000e+01 6.300000000000000000e+01 1.393700000000000000e+04
-5.699934482574462891e+00 -4.273412704467773438e+00 8.703606203198432922e-03 1.700000000000000000e+02 4.061179200000000000e+07 8.560000000000000000e+02 3.100000000000000000e+01 2.710000000000000000e+02 7.124000000000000000e+03
-1.155964565277099609e+01 -7.926450729370117188e+00 1.492292881011962891e-01 1.430000000000000000e+02 4.070891200000000000e+07 2.798000000000000000e+03 3.000000000000000000e+01 7.000000000000000000e+01 1.401700000000000000e+04
-6.623054504394531250e+00 -4.902311801910400391e+00 1.006705779582262039e-02 1.250000000000000000e+02 4.070891200000000000e+07 8.430000000000000000e+02 3.100000000000000000e+01 2.110000000000000000e+02 8.240000000000000000e+03
-1.170247268676757812e+01 -7.919260501861572266e+00 1.504429727792739868e-01 1.710000000000000000e+02 4.080787200000000000e+07 3.403000000000000000e+03 3.000000000000000000e+01 7.100000000000000000e+01 1.413100000000000000e+04
-6.391410350799560547e+00 -4.670422077178955078e+00 9.671216830611228943e-03 1.950000000000000000e+02 4.080787200000000000e+07 1.216000000000000000e+03 3.100000000000000000e+01 1.080000000000000000e+02 7.916000000000000000e+03
-1.192214584350585938e+01 -7.961703777313232422e+00 1.526361107826232910e-01 1.620000000000000000e+02 4.090580000000000000e+07 3.317000000000000000e+03 3.000000000000000000e+01 7.300000000000000000e+01 1.433700000000000000e+04
-5.845752716064453125e+00 -4.216913700103759766e+00 8.806231431663036346e-03 2.170000000000000000e+02 4.090580000000000000e+07 1.111000000000000000e+03 3.100000000000000000e+01 1.430000000000000000e+02 7.208000000000000000e+03
-1.207681369781494141e+01 -7.958277702331542969e+00 1.539881974458694458e-01 1.540000000000000000e+02 4.100312000000000000e+07 3.191000000000000000e+03 3.000000000000000000e+01 5.600000000000000000e+01 1.446400000000000000e+04
-6.118336200714111328e+00 -4.356719493865966797e+00 9.176415391266345978e-03 8.700000000000000000e+01 4.100312000000000000e+07 4.860000000000000000e+02 3.100000000000000000e+01 2.050000000000000000e+02 7.511000000000000000e+03
-1.217403888702392578e+01 -7.915640354156494141e+00 1.546056717634201050e-01 1.640000000000000000e+02 4.110120800000000000e+07 3.446000000000000000e+03 3.000000000000000000e+01 6.700000000000000000e+01 1.452200000000000000e+04
-6.534381866455078125e+00 -4.592813491821289062e+00 9.757959283888339996e-03 1.370000000000000000e+02 4.110120800000000000e+07 8.670000000000000000e+02 3.100000000000000000e+01 1.290000000000000000e+02 7.987000000000000000e+03
-1.227961158752441406e+01 -7.877508163452148438e+00 1.553296297788619995e-01 1.630000000000000000e+02 4.119920800000000000e+07 3.457000000000000000e+03 3.000000000000000000e+01 7.000000000000000000e+01 1.459000000000000000e+04
-6.239535331726074219e+00 -4.328620433807373047e+00 9.277819655835628510e-03 1.180000000000000000e+02 4.119920800000000000e+07 6.720000000000000000e+02 3.100000000000000000e+01 1.720000000000000000e+02 7.594000000000000000e+03
-1.246713161468505859e+01 -7.890247344970703125e+00 1.570862829685211182e-01 1.370000000000000000e+02 4.129648000000000000e+07 2.970000000000000000e+03 3.000000000000000000e+01 6.500000000000000000e+01 1.475500000000000000e+04
-6.467307567596435547e+00 -4.428102493286132812e+00 9.575921110808849335e-03 1.030000000000000000e+02 4.129648000000000000e+07 6.240000000000000000e+02 3.100000000000000000e+01 1.610000000000000000e+02 7.838000000000000000e+03
-1.259080123901367188e+01 -7.860732555389404297e+00 1.580337882041931152e-01 1.520000000000000000e+02 4.139492000000000000e+07 3.336000000000000000e+03 3.000000000000000000e+01 7.000000000000000000e+01 1.484400000000000000e+04
-6.322841644287109375e+00 -4.272441387176513672e+00 9.323023259639739990e-03 1.490000000000000000e+02 4.139492000000000000e+07 8.610000000000000000e+02 3.100000000000000000e+01 1.340000000000000000e+02 7.631000000000000000e+03
-1.275288963317871094e+01 -7.853590488433837891e+00 1.594603955745697021e-01 1.560000000000000000e+02 4.149316800000000000e+07 3.486000000000000000e+03 3.000000000000000000e+01 6.900000000000000000e+01 1.497800000000000000e+04
-6.106827735900878906e+00 -4.072122097015380859e+00 8.967499248683452606e-03 2.280000000000000000e+02 4.149316800000000000e+07 1.218000000000000000e+03 3.100000000000000000e+01 1.160000000000000000e+02 7.340000000000000000e+03
-1.291536045074462891e+01 -7.844752788543701172e+00 1.608870029449462891e-01 1.300000000000000000e+02 4.159172800000000000e+07 2.955000000000000000e+03 3.000000000000000000e+01 6.900000000000000000e+01 1.511200000000000000e+04
-6.165949821472167969e+00 -4.057111263275146484e+00 9.017591364681720734e-03 1.520000000000000000e+02 4.159172800000000000e+07 8.250000000000000000e+02 3.100000000000000000e+01 1.780000000000000000e+02 7.381000000000000000e+03
-1.303359317779541016e+01 -7.807494163513183594e+00 1.617600023746490479e-01 1.320000000000000000e+02 4.168838000000000000e+07 3.013000000000000000e+03 3.000000000000000000e+01 5.700000000000000000e+01 1.519400000000000000e+04
-6.074981689453125000e+00 -3.944055795669555664e+00 8.848992176353931427e-03 1.580000000000000000e+02 4.168838000000000000e+07 8.230000000000000000e+02 3.100000000000000000e+01 1.370000000000000000e+02 7.243000000000000000e+03
-1.316045951843261719e+01 -7.774163722991943359e+00 1.627394556999206543e-01 1.250000000000000000e+02 4.178580800000000000e+07 2.909000000000000000e+03 3.000000000000000000e+01 5.800000000000000000e+01 1.528600000000000000e+04
-6.307056903839111328e+00 -4.039932250976562500e+00 9.150759316980838776e-03 9.100000000000000000e+01 4.178580800000000000e+07 5.030000000000000000e+02 3.100000000000000000e+01 1.560000000000000000e+02 7.490000000000000000e+03
-1.335048294067382812e+01 -7.776309013366699219e+00 1.644961088895797729e-01 1.270000000000000000e+02 4.188227200000000000e+07 3.019000000000000000e+03 3.000000000000000000e+01 6.400000000000000000e+01 1.545100000000000000e+04
-6.742570400238037109e+00 -4.260777950286865234e+00 9.744520299136638641e-03 2.460000000000000000e+02 4.188227200000000000e+07 1.559000000000000000e+03 3.100000000000000000e+01 1.130000000000000000e+02 7.976000000000000000e+03
-1.345777702331542969e+01 -7.728605747222900391e+00 1.652306914329528809e-01 1.230000000000000000e+02 4.198031200000000000e+07 2.951000000000000000e+03 3.000000000000000000e+01 5.800000000000000000e+01 1.552000000000000000e+04
-6.860238552093505859e+00 -4.276458263397216797e+00 9.876467287540435791e-03 1.890000000000000000e+02 4.198031200000000000e+07 1.223000000000000000e+03 3.100000000000000000e+01 9.700000000000000000e+01 8.084000000000000000e+03
-1.370421314239501953e+01 -7.758701324462890625e+00 1.676687002182006836e-01 1.490000000000000000e+02 4.207932000000000000e+07 3.680000000000000000e+03 3.000000000000000000e+01 7.100000000000000000e+01 1.574900000000000000e+04
-6.538794517517089844e+00 -4.020579814910888672e+00 9.378001093864440918e-03 1.750000000000000000e+02 4.207932000000000000e+07 1.019000000000000000e+03 3.100000000000000000e+01 1.160000000000000000e+02 7.676000000000000000e+03
-1.391222476959228516e+01 -7.764130592346191406e+00 1.696276217699050903e-01 1.520000000000000000e+02 4.217618000000000000e+07 3.822000000000000000e+03 3.000000000000000000e+01 4.900000000000000000e+01 1.593300000000000000e+04
-6.618063926696777344e+00 -4.013569831848144531e+00 9.456192143261432648e-03 2.840000000000000000e+02 4.217618000000000000e+07 1.697000000000000000e+03 3.100000000000000000e+01 7.900000000000000000e+01 7.740000000000000000e+03
-1.404809379577636719e+01 -7.727295875549316406e+00 1.707028895616531372e-01 1.200000000000000000e+02 4.227447200000000000e+07 3.071000000000000000e+03 3.000000000000000000e+01 6.400000000000000000e+01 1.603400000000000000e+04
-6.511260032653808594e+00 -3.894352674484252930e+00 9.269267320632934570e-03 1.630000000000000000e+02 4.227447200000000000e+07 9.310000000000000000e+02 3.100000000000000000e+01 1.390000000000000000e+02 7.587000000000000000e+03
-1.418930530548095703e+01 -7.691943645477294922e+00 1.718420535326004028e-01 1.360000000000000000e+02 4.237236000000000000e+07 3.528000000000000000e+03 3.000000000000000000e+01 6.800000000000000000e+01 1.614100000000000000e+04
-6.611692428588867188e+00 -3.899540662765502930e+00 9.378001093864440918e-03 1.750000000000000000e+02 4.237236000000000000e+07 1.018000000000000000e+03 3.100000000000000000e+01 1.430000000000000000e+02 7.676000000000000000e+03
-1.435001182556152344e+01 -7.665512084960937500e+00 1.732154190540313721e-01 1.470000000000000000e+02 4.246936800000000000e+07 3.852000000000000000e+03 3.000000000000000000e+01 5.600000000000000000e+01 1.627000000000000000e+04
-6.324294090270996094e+00 -3.677918434143066406e+00 8.938178420066833496e-03 1.790000000000000000e+02 4.246936800000000000e+07 9.470000000000000000e+02 3.100000000000000000e+01 1.160000000000000000e+02 7.316000000000000000e+03
-1.454543495178222656e+01 -7.655560016632080078e+00 1.750040203332901001e-01 1.560000000000000000e+02 4.256706000000000000e+07 4.200000000000000000e+03 3.000000000000000000e+01 6.700000000000000000e+01 1.643800000000000000e+04
-6.241773128509521484e+00 -3.578857421875000000e+00 8.790348656475543976e-03 2.940000000000000000e+02 4.256706000000000000e+07 1.511000000000000000e+03 3.100000000000000000e+01 1.210000000000000000e+02 7.195000000000000000e+03
-1.478387928009033203e+01 -7.665587902069091797e+00 1.773036122322082520e-01 1.300000000000000000e+02 4.266444000000000000e+07 3.591000000000000000e+03 3.000000000000000000e+01 6.100000000000000000e+01 1.665400000000000000e+04
-6.893893718719482422e+00 -3.896754741668701172e+00 9.674881584942340851e-03 2.020000000000000000e+02 4.266444000000000000e+07 1.255000000000000000e+03 3.100000000000000000e+01 1.010000000000000000e+02 7.919000000000000000e+03
-1.492502975463867188e+01 -7.622942924499511719e+00 1.784321069717407227e-01 1.600000000000000000e+02 4.276186000000000000e+07 4.478000000000000000e+03 3.000000000000000000e+01 6.800000000000000000e+01 1.676000000000000000e+04
-6.786641120910644531e+00 -3.781372547149658203e+00 9.491622447967529297e-03 1.740000000000000000e+02 4.276186000000000000e+07 1.037000000000000000e+03 3.100000000000000000e+01 1.390000000000000000e+02 7.769000000000000000e+03
-7.359296321868896484e+00 -4.041470050811767578e+00 1.025764737278223038e-02 2.290000000000000000e+02 4.285882000000000000e+07 1.594000000000000000e+03 3.100000000000000000e+01 1.040000000000000000e+02 8.396000000000000000e+03
-6.453485488891601562e+00 -3.492662429809570312e+00 8.965056389570236206e-03 8.500000000000000000e+01 4.295650000000000000e+07 4.540000000000000000e+02 3.100000000000000000e+01 2.010000000000000000e+02 7.338000000000000000e+03
-6.617737770080566406e+00 -3.529230356216430664e+00 9.162977337837219238e-03 1.320000000000000000e+02 4.305300800000000000e+07 7.370000000000000000e+02 3.100000000000000000e+01 2.220000000000000000e+02 7.500000000000000000e+03
-7.086312294006347656e+00 -3.723454236984252930e+00 9.779950603842735291e-03 1.970000000000000000e+02 4.315090000000000000e+07 1.255000000000000000e+03 3.100000000000000000e+01 1.300000000000000000e+02 8.005000000000000000e+03
-7.093040466308593750e+00 -3.671628952026367188e+00 9.757959283888339996e-03 1.400000000000000000e+02 4.324868000000000000e+07 8.860000000000000000e+02 3.100000000000000000e+01 1.300000000000000000e+02 7.987000000000000000e+03
-6.978240013122558594e+00 -3.558084249496459961e+00 9.569812566041946411e-03 8.700000000000000000e+01 4.334718000000000000e+07 5.250000000000000000e+02 3.100000000000000000e+01 1.620000000000000000e+02 7.833000000000000000e+03
-7.803329944610595703e+00 -3.918642044067382812e+00 1.066814828664064407e-02 1.060000000000000000e+02 4.344404000000000000e+07 8.000000000000000000e+02 3.100000000000000000e+01 1.280000000000000000e+02 8.732000000000000000e+03
-7.327941417694091797e+00 -3.623783111572265625e+00 9.987644851207733154e-03 1.800000000000000000e+02 4.354270000000000000e+07 1.189000000000000000e+03 3.100000000000000000e+01 1.260000000000000000e+02 8.175000000000000000e+03
-7.502883434295654297e+00 -3.653172016143798828e+00 1.019533816725015640e-02 1.720000000000000000e+02 4.364012800000000000e+07 1.190000000000000000e+03 3.100000000000000000e+01 1.260000000000000000e+02 8.345000000000000000e+03
-7.716330051422119141e+00 -3.698701858520507812e+00 1.045434549450874329e-02 1.250000000000000000e+02 4.373832000000000000e+07 9.080000000000000000e+02 3.100000000000000000e+01 1.100000000000000000e+02 8.557000000000000000e+03
-7.739784240722656250e+00 -3.651712656021118164e+00 1.045556738972663879e-02 2.630000000000000000e+02 4.383508000000000000e+07 1.921000000000000000e+03 3.100000000000000000e+01 7.400000000000000000e+01 8.558000000000000000e+03
-7.962490081787109375e+00 -3.697226285934448242e+00 1.072556991130113602e-02 1.440000000000000000e+02 4.393292000000000000e+07 1.101000000000000000e+03 3.100000000000000000e+01 1.350000000000000000e+02 8.779000000000000000e+03
-8.215145111083984375e+00 -3.753439426422119141e+00 1.103466749191284180e-02 9.200000000000000000e+01 4.403044800000000000e+07 7.430000000000000000e+02 3.100000000000000000e+01 1.040000000000000000e+02 9.032000000000000000e+03
-8.320109367370605469e+00 -3.739860057830810547e+00 1.114462316036224365e-02 8.500000000000000000e+01 4.412940000000000000e+07 7.000000000000000000e+02 3.100000000000000000e+01 9.900000000000000000e+01 9.122000000000000000e+03
-7.887433528900146484e+00 -3.487357854843139648e+00 1.053620129823684692e-02 1.340000000000000000e+02 4.422596000000000000e+07 9.900000000000000000e+02 3.100000000000000000e+01 1.020000000000000000e+02 8.624000000000000000e+03
-8.240656852722167969e+00 -3.583246469497680664e+00 1.097846776247024536e-02 1.170000000000000000e+02 4.432307200000000000e+07 9.380000000000000000e+02 3.100000000000000000e+01 9.400000000000000000e+01 8.986000000000000000e+03
-8.332368850708007812e+00 -3.562492847442626953e+00 1.107131876051425934e-02 8.700000000000000000e+01 4.442086000000000000e+07 7.040000000000000000e+02 3.100000000000000000e+01 1.430000000000000000e+02 9.062000000000000000e+03
-9.023355484008789062e+00 -3.792606115341186523e+00 1.195829547941684723e-02 6.900000000000000000e+01 4.451819200000000000e+07 6.530000000000000000e+02 3.100000000000000000e+01 1.010000000000000000e+02 9.788000000000000000e+03
-7.948460102081298828e+00 -3.283576726913452148e+00 1.050687953829765320e-02 9.800000000000000000e+01 4.461592000000000000e+07 7.150000000000000000e+02 3.100000000000000000e+01 1.580000000000000000e+02 8.600000000000000000e+03
-6.990005493164062500e+00 -2.837547540664672852e+00 9.216732345521450043e-03 1.190000000000000000e+02 4.471267200000000000e+07 6.710000000000000000e+02 3.100000000000000000e+01 1.150000000000000000e+02 7.544000000000000000e+03
-8.523177146911621094e+00 -3.399163484573364258e+00 1.121059712022542953e-02 1.440000000000000000e+02 4.481024800000000000e+07 1.204000000000000000e+03 3.100000000000000000e+01 1.180000000000000000e+02 9.176000000000000000e+03
-8.509422302246093750e+00 -3.333307266235351562e+00 1.116539351642131805e-02 1.410000000000000000e+02 4.490876000000000000e+07 1.169000000000000000e+03 3.100000000000000000e+01 1.200000000000000000e+02 9.139000000000000000e+03
-8.597848892211914062e+00 -3.307239770889282227e+00 1.125457976013422012e-02 2.260000000000000000e+02 4.500522000000000000e+07 1.912000000000000000e+03 3.100000000000000000e+01 7.600000000000000000e+01 9.212000000000000000e+03
-8.862149238586425781e+00 -3.346628189086914062e+00 1.157345063984394073e-02 1.310000000000000000e+02 4.510228000000000000e+07 1.167000000000000000e+03 3.100000000000000000e+01 1.130000000000000000e+02 9.473000000000000000e+03
-7.478829383850097656e+00 -2.771929979324340820e+00 9.744520299136638641e-03 8.300000000000000000e+01 4.520108000000000000e+07 5.190000000000000000e+02 3.100000000000000000e+01 1.590000000000000000e+02 7.976000000000000000e+03
-8.899730682373046875e+00 -3.236598491668701172e+00 1.156978495419025421e-02 1.010000000000000000e+02 4.529744000000000000e+07 8.970000000000000000e+02 3.100000000000000000e+01 1.110000000000000000e+02 9.470000000000000000e+03
-8.737643241882324219e+00 -3.117081880569458008e+00 1.133399177342653275e-02 9.600000000000000000e+01 4.539512000000000000e+07 8.130000000000000000e+02 3.100000000000000000e+01 1.720000000000000000e+02 9.277000000000000000e+03
-8.454555511474609375e+00 -2.957741022109985352e+00 1.094303838908672333e-02 1.820000000000000000e+02 4.549254000000000000e+07 1.442000000000000000e+03 3.100000000000000000e+01 1.510000000000000000e+02 8.957000000000000000e+03
-8.238903999328613281e+00 -2.825677871704101562e+00 1.064126938581466675e-02 1.110000000000000000e+02 4.559144800000000000e+07 8.370000000000000000e+02 3.100000000000000000e+01 1.970000000000000000e+02 8.710000000000000000e+03
-8.696853637695312500e+00 -2.923224210739135742e+00 1.120937429368495941e-02 9.400000000000000000e+01 4.568826000000000000e+07 7.860000000000000000e+02 3.100000000000000000e+01 1.890000000000000000e+02 9.175000000000000000e+03
-8.684232711791992188e+00 -2.859797239303588867e+00 1.117028016597032547e-02 1.560000000000000000e+02 4.578502000000000000e+07 1.296000000000000000e+03 3.100000000000000000e+01 1.110000000000000000e+02 9.143000000000000000e+03
-8.704471588134765625e+00 -2.807379007339477539e+00 1.117394492030143738e-02 2.670000000000000000e+02 4.588348000000000000e+07 2.218000000000000000e+03 3.100000000000000000e+01 9.600000000000000000e+01 9.146000000000000000e+03
-9.445308685302734375e+00 -2.982455968856811523e+00 1.210123859345912933e-02 1.180000000000000000e+02 4.598104800000000000e+07 1.146000000000000000e+03 3.100000000000000000e+01 1.320000000000000000e+02 9.905000000000000000e+03
-9.458653450012207031e+00 -2.922968149185180664e+00 1.209512911736965179e-02 1.050000000000000000e+02 4.607904800000000000e+07 1.018000000000000000e+03 3.100000000000000000e+01 1.350000000000000000e+02 9.900000000000000000e+03
-9.722414016723632812e+00 -2.939246892929077148e+00 1.240911427885293961e-02 1.100000000000000000e+02 4.617759200000000000e+07 1.123000000000000000e+03 3.100000000000000000e+01 1.340000000000000000e+02 1.015700000000000000e+04
-9.692317008972167969e+00 -2.865360736846923828e+00 1.234802696853876114e-02 1.610000000000000000e+02 4.627466000000000000e+07 1.625000000000000000e+03 3.100000000000000000e+01 1.110000000000000000e+02 1.010700000000000000e+04
-9.527185440063476562e+00 -2.753089666366577148e+00 1.211589947342872620e-02 7.600000000000000000e+01 4.637311200000000000e+07 7.350000000000000000e+02 3.100000000000000000e+01 1.470000000000000000e+02 9.917000000000000000e+03
-9.569882392883300781e+00 -2.701916217803955078e+00 1.214888505637645721e-02 1.000000000000000000e+02 4.647043200000000000e+07 9.760000000000000000e+02 3.100000000000000000e+01 1.460000000000000000e+02 9.944000000000000000e+03
-9.591100692749023438e+00 -2.644474744796752930e+00 1.215499360114336014e-02 1.120000000000000000e+02 4.656771200000000000e+07 1.099000000000000000e+03 3.100000000000000000e+01 1.070000000000000000e+02 9.949000000000000000e+03
-9.818621635437011719e+00 -2.642489194869995117e+00 1.242255233228206635e-02 1.090000000000000000e+02 4.666508000000000000e+07 1.121000000000000000e+03 3.100000000000000000e+01 1.840000000000000000e+02 1.016800000000000000e+04
-1.043045520782470703e+01 -2.738628625869750977e+00 1.317513827234506607e-02 9.600000000000000000e+01 4.676266000000000000e+07 1.106000000000000000e+03 3.100000000000000000e+01 1.050000000000000000e+02 1.078400000000000000e+04
-8.249925613403320312e+00 -2.112082719802856445e+00 1.040425524115562439e-02 1.080000000000000000e+02 4.685992800000000000e+07 7.740000000000000000e+02 3.100000000000000000e+01 1.520000000000000000e+02 8.516000000000000000e+03
-9.415397644042968750e+00 -2.348994970321655273e+00 1.185567025095224380e-02 8.800000000000000000e+01 4.695916000000000000e+07 8.190000000000000000e+02 3.100000000000000000e+01 2.270000000000000000e+02 9.704000000000000000e+03
-1.008943557739257812e+01 -2.451495409011840820e+00 1.268522441387176514e-02 7.500000000000000000e+01 4.705544800000000000e+07 7.920000000000000000e+02 3.100000000000000000e+01 1.720000000000000000e+02 1.038300000000000000e+04
-1.011304569244384766e+01 -2.391612768173217773e+00 1.269622053951025009e-02 8.900000000000000000e+01 4.715463200000000000e+07 9.470000000000000000e+02 3.100000000000000000e+01 1.470000000000000000e+02 1.039200000000000000e+04
-9.457039833068847656e+00 -2.175290346145629883e+00 1.185567025095224380e-02 6.100000000000000000e+01 4.725194000000000000e+07 5.690000000000000000e+02 3.100000000000000000e+01 1.760000000000000000e+02 9.704000000000000000e+03
-1.153132629394531250e+01 -2.578019142150878906e+00 1.443596463650465012e-02 6.100000000000000000e+01 4.734911200000000000e+07 8.440000000000000000e+02 3.100000000000000000e+01 1.750000000000000000e+02 1.181600000000000000e+04
-1.097231769561767578e+01 -2.382448911666870117e+00 1.371758710592985153e-02 1.030000000000000000e+02 4.744664000000000000e+07 1.287000000000000000e+03 3.100000000000000000e+01 1.050000000000000000e+02 1.122800000000000000e+04
-1.017064952850341797e+01 -2.143118381500244141e+00 1.269866339862346649e-02 1.560000000000000000e+02 4.754452800000000000e+07 1.673000000000000000e+03 3.100000000000000000e+01 1.310000000000000000e+02 1.039400000000000000e+04
-9.994515419006347656e+00 -2.042037248611450195e+00 1.246286928653717041e-02 1.830000000000000000e+02 4.764200000000000000e+07 1.895000000000000000e+03 3.100000000000000000e+01 1.060000000000000000e+02 1.020100000000000000e+04
-1.064350509643554688e+01 -2.106686592102050781e+00 1.325577311217784882e-02 6.000000000000000000e+01 4.774010000000000000e+07 6.900000000000000000e+02 3.100000000000000000e+01 1.600000000000000000e+02 1.085000000000000000e+04
-1.089489173889160156e+01 -2.087058067321777344e+00 1.355265360325574875e-02 1.030000000000000000e+02 4.783787200000000000e+07 1.250000000000000000e+03 3.100000000000000000e+01 1.670000000000000000e+02 1.109300000000000000e+04
-1.197238159179687500e+01 -2.217396259307861328e+00 1.487578731030225754e-02 5.800000000000000000e+01 4.793580800000000000e+07 8.430000000000000000e+02 3.100000000000000000e+01 1.300000000000000000e+02 1.217600000000000000e+04
-1.069819831848144531e+01 -1.913586974143981934e+00 1.327776443213224411e-02 7.300000000000000000e+01 4.803371200000000000e+07 8.500000000000000000e+02 3.100000000000000000e+01 1.230000000000000000e+02 1.086800000000000000e+04
-1.056487941741943359e+01 -1.822913289070129395e+00 1.309817004948854446e-02 1.080000000000000000e+02 4.813092800000000000e+07 1.229000000000000000e+03 3.100000000000000000e+01 1.230000000000000000e+02 1.072100000000000000e+04
-1.149031639099121094e+01 -1.910065650939941406e+00 1.423071417957544327e-02 7.900000000000000000e+01 4.822808800000000000e+07 1.064000000000000000e+03 3.100000000000000000e+01 1.830000000000000000e+02 1.164800000000000000e+04
-4.777865886688232422e+00 -2.400768250226974487e-01 1.419826447963714600e-01 2.300000000000000000e+02 4.832660000000000000e+07 5.190000000000000000e+02 2.800000000000000000e+01 5.700000000000000000e+01 4.786000000000000000e+03
-1.024578285217285156e+01 -1.638644099235534668e+00 1.267667300999164581e-02 8.200000000000000000e+01 4.832660000000000000e+07 8.710000000000000000e+02 3.100000000000000000e+01 1.310000000000000000e+02 1.037600000000000000e+04
-4.737308502197265625e+00 -2.089063823223114014e-01 1.407366693019866943e-01 4.270000000000000000e+02 4.842268800000000000e+07 9.570000000000000000e+02 2.800000000000000000e+01 9.700000000000000000e+01 4.744000000000000000e+03
-9.674465179443359375e+00 -1.486449837684631348e+00 1.195829547941684723e-02 1.140000000000000000e+02 4.842268800000000000e+07 1.078000000000000000e+03 3.100000000000000000e+01 1.660000000000000000e+02 9.788000000000000000e+03
-4.728512287139892578e+00 -1.794557720422744751e-01 1.404400020837783813e-01 3.150000000000000000e+02 4.852072800000000000e+07 7.020000000000000000e+02 2.800000000000000000e+01 7.300000000000000000e+01 4.734000000000000000e+03
-1.061533737182617188e+01 -1.564401268959045410e+00 1.310916524380445480e-02 8.000000000000000000e+01 4.852072800000000000e+07 9.040000000000000000e+02 3.100000000000000000e+01 1.670000000000000000e+02 1.073000000000000000e+04
-4.780476570129394531e+00 -1.520594954490661621e-01 1.419529914855957031e-01 1.600000000000000000e+01 4.861892800000000000e+07 3.500000000000000000e+01 2.800000000000000000e+01 6.800000000000000000e+01 4.785000000000000000e+03
-1.068810844421386719e+01 -1.508179664611816406e+00 1.318735629320144653e-02 1.380000000000000000e+02 4.861892800000000000e+07 1.594000000000000000e+03 3.100000000000000000e+01 1.400000000000000000e+02 1.079400000000000000e+04
-1.206577110290527344e+01 -1.627134799957275391e+00 1.487456541508436203e-02 1.010000000000000000e+02 4.871783200000000000e+07 1.480000000000000000e+03 3.100000000000000000e+01 1.350000000000000000e+02 1.217500000000000000e+04
-4.772619247436523438e+00 -2.658908367156982422e-01 9.678865224123001099e-02 2.700000000000000000e+01 4.881520800000000000e+07 5.900000000000000000e+01 2.900000000000000000e+01 3.500000000000000000e+01 4.781000000000000000e+03
-1.124338340759277344e+01 -1.446045279502868652e+00 1.384953409433364868e-02 5.700000000000000000e+01 4.881520800000000000e+07 7.260000000000000000e+02 3.100000000000000000e+01 1.770000000000000000e+02 1.133600000000000000e+04
-4.774160861968994141e+00 -2.366015911102294922e-01 9.678865224123001099e-02 3.510000000000000000e+02 4.891135200000000000e+07 8.010000000000000000e+02 2.900000000000000000e+01 8.100000000000000000e+01 4.781000000000000000e+03
-1.192800045013427734e+01 -1.459753751754760742e+00 1.468153204768896103e-02 1.270000000000000000e+02 4.891135200000000000e+07 1.821000000000000000e+03 3.100000000000000000e+01 9.900000000000000000e+01 1.201700000000000000e+04
-4.735569000244140625e+00 -2.055690288543701172e-01 9.597887843847274780e-02 3.680000000000000000e+02 4.900831200000000000e+07 8.210000000000000000e+02 2.900000000000000000e+01 8.600000000000000000e+01 4.741000000000000000e+03
-1.173707580566406250e+01 -1.363345861434936523e+00 1.443596463650465012e-02 5.600000000000000000e+01 4.900831200000000000e+07 7.680000000000000000e+02 3.100000000000000000e+01 1.170000000000000000e+02 1.181600000000000000e+04
-4.745732784271240234e+00 -1.768433302640914917e-01 9.616107493638992310e-02 2.570000000000000000e+02 4.910600000000000000e+07 5.760000000000000000e+02 2.900000000000000000e+01 7.300000000000000000e+01 4.750000000000000000e+03
-1.199074077606201172e+01 -1.318296074867248535e+00 1.473773177713155746e-02 1.040000000000000000e+02 4.910600000000000000e+07 1.495000000000000000e+03 3.100000000000000000e+01 1.470000000000000000e+02 1.206300000000000000e+04
-4.759719371795654297e+00 -1.481250226497650146e-01 9.642425179481506348e-02 2.000000000000000000e+01 4.920286000000000000e+07 4.400000000000000000e+01 2.900000000000000000e+01 6.600000000000000000e+01 4.763000000000000000e+03
-1.174396991729736328e+01 -1.218282580375671387e+00 1.442496851086616516e-02 6.400000000000000000e+01 4.920286000000000000e+07 8.750000000000000000e+02 3.100000000000000000e+01 1.420000000000000000e+02 1.180700000000000000e+04
-1.128045940399169922e+01 -1.100282073020935059e+00 1.384709030389785767e-02 8.700000000000000000e+01 4.930075200000000000e+07 1.105000000000000000e+03 3.100000000000000000e+01 1.120000000000000000e+02 1.133400000000000000e+04
-4.764523029327392578e+00 -2.621554434299468994e-01 5.080418288707733154e-02 6.500000000000000000e+01 4.939756000000000000e+07 1.450000000000000000e+02 3.000000000000000000e+01 5.700000000000000000e+01 4.772000000000000000e+03
-8.624087333679199219e+00 -7.877939939498901367e-01 1.058018393814563751e-02 1.440000000000000000e+02 4.939756000000000000e+07 1.069000000000000000e+03 3.100000000000000000e+01 1.710000000000000000e+02 8.660000000000000000e+03
-4.744069099426269531e+00 -2.318421304225921631e-01 5.056995898485183716e-02 1.870000000000000000e+02 4.949591200000000000e+07 4.210000000000000000e+02 3.000000000000000000e+01 6.900000000000000000e+01 4.750000000000000000e+03
-1.113368892669677734e+01 -9.481935501098632812e-01 1.365161407738924026e-02 1.550000000000000000e+02 4.949591200000000000e+07 1.925000000000000000e+03 3.100000000000000000e+01 9.800000000000000000e+01 1.117400000000000000e+04
-4.730417251586914062e+00 -2.020885199308395386e-01 5.041026696562767029e-02 2.120000000000000000e+02 4.959395200000000000e+07 4.720000000000000000e+02 3.000000000000000000e+01 7.100000000000000000e+01 4.735000000000000000e+03
-1.115126037597656250e+01 -8.808055520057678223e-01 1.366627495735883713e-02 9.300000000000000000e+01 4.959395200000000000e+07 1.149000000000000000e+03 3.100000000000000000e+01 1.340000000000000000e+02 1.118600000000000000e+04
-4.698591709136962891e+00 -1.718533039093017578e-01 5.005893856287002563e-02 1.600000000000000000e+02 4.969152000000000000e+07 3.530000000000000000e+02 3.000000000000000000e+01 6.200000000000000000e+01 4.702000000000000000e+03
-1.155440139770507812e+01 -8.413429260253906250e-01 1.415374502539634705e-02 1.280000000000000000e+02 4.969152000000000000e+07 1.702000000000000000e+03 3.100000000000000000e+01 1.370000000000000000e+02 1.158500000000000000e+04
-4.712551116943359375e+00 -1.434154659509658813e-01 5.019734054803848267e-02 2.200000000000000000e+01 4.978844800000000000e+07 4.600000000000000000e+01 3.000000000000000000e+01 5.300000000000000000e+01 4.715000000000000000e+03
-1.132287025451660156e+01 -7.546694874763488770e-01 1.386419497430324554e-02 5.000000000000000000e+01 4.978844800000000000e+07 6.290000000000000000e+02 3.100000000000000000e+01 1.330000000000000000e+02 1.134800000000000000e+04
-1.236938190460205078e+01 -7.482149600982666016e-01 1.513968035578727722e-02 4.700000000000000000e+01 4.988536000000000000e+07 7.070000000000000000e+02 3.100000000000000000e+01 1.070000000000000000e+02 1.239200000000000000e+04
-4.753984451293945312e+00 -2.582987844944000244e-01 5.816657561808824539e-03 1.050000000000000000e+02 4.998320000000000000e+07 2.350000000000000000e+02 3.100000000000000000e+01 4.900000000000000000e+01 4.761000000000000000e+03
-4.783995628356933594e+00 -2.321717590093612671e-01 1.798131018877029419e-01 9.800000000000000000e+01 5.008092000000000000e+07 2.220000000000000000e+02 2.700000000000000000e+01 3.200000000000000000e+01 4.793000000000000000e+03
-4.751484870910644531e+00 -2.289315313100814819e-01 5.811770912259817123e-03 1.880000000000000000e+02 5.008092000000000000e+07 4.240000000000000000e+02 3.100000000000000000e+01 7.600000000000000000e+01 4.757000000000000000e+03
-4.749388217926025391e+00 -2.012900263071060181e-01 1.784625500440597534e-01 1.790000000000000000e+02 5.017844800000000000e+07 4.000000000000000000e+02 2.700000000000000000e+01 4.700000000000000000e+01 4.757000000000000000e+03
-4.744806766510009766e+00 -1.994366645812988281e-01 5.801996681839227676e-03 1.750000000000000000e+02 5.017844800000000000e+07 3.910000000000000000e+02 3.100000000000000000e+01 6.600000000000000000e+01 4.749000000000000000e+03
-4.757524013519287109e+00 -1.723978519439697266e-01 1.787251532077789307e-01 2.600000000000000000e+01 5.027711200000000000e+07 5.800000000000000000e+01 2.700000000000000000e+01 7.500000000000000000e+01 4.764000000000000000e+03
-4.745941162109375000e+00 -1.703193336725234985e-01 5.801996681839227676e-03 1.370000000000000000e+02 5.027711200000000000e+07 3.080000000000000000e+02 3.100000000000000000e+01 7.200000000000000000e+01 4.749000000000000000e+03
-1.281832122802734375e+01 -3.812786042690277100e-01 1.566746830940246582e-02 4.500000000000000000e+01 5.037448000000000000e+07 7.240000000000000000e+02 3.100000000000000000e+01 1.110000000000000000e+02 1.282400000000000000e+04
-1.287440490722656250e+01 -3.038939535617828369e-01 1.573344133794307709e-02 8.200000000000000000e+01 5.047088000000000000e+07 1.339000000000000000e+03 3.100000000000000000e+01 1.420000000000000000e+02 1.287800000000000000e+04
-1.325496959686279297e+01 -2.315109819173812866e-01 1.619647815823554993e-02 6.100000000000000000e+01 5.056856800000000000e+07 1.056000000000000000e+03 3.100000000000000000e+01 1.070000000000000000e+02 1.325700000000000000e+04
-1.355012130737304688e+01 -1.535061001777648926e-01 1.655566692352294922e-02 3.800000000000000000e+01 5.066644000000000000e+07 6.780000000000000000e+02 3.100000000000000000e+01 1.250000000000000000e+02 1.355100000000000000e+04
-1.266781997680664062e+01 -6.577640026807785034e-02 1.547687780112028122e-02 6.100000000000000000e+01 5.076270000000000000e+07 9.630000000000000000e+02 3.100000000000000000e+01 1.180000000000000000e+02 1.266800000000000000e+04
-1.300398540496826172e+01 1.227015629410743713e-02 1.588737964630126953e-02 6.500000000000000000e+01 5.086023200000000000e+07 1.079000000000000000e+03 3.100000000000000000e+01 1.340000000000000000e+02 1.300400000000000000e+04
-1.349265289306640625e+01 9.552271664142608643e-02 1.648480631411075592e-02 5.500000000000000000e+01 5.095822000000000000e+07 9.820000000000000000e+02 3.100000000000000000e+01 1.190000000000000000e+02 1.349300000000000000e+04
-1.270288181304931641e+01 1.678836196660995483e-01 1.552086044102907181e-02 8.900000000000000000e+01 5.105631200000000000e+07 1.419000000000000000e+03 3.100000000000000000e+01 1.250000000000000000e+02 1.270400000000000000e+04
-1.360544300079345703e+01 2.633163928985595703e-01 1.662530563771724701e-02 6.000000000000000000e+01 5.115302000000000000e+07 1.093000000000000000e+03 3.100000000000000000e+01 1.120000000000000000e+02 1.360800000000000000e+04
-1.361456680297851562e+01 3.470731973648071289e-01 1.663874462246894836e-02 6.900000000000000000e+01 5.125050000000000000e+07 1.262000000000000000e+03 3.100000000000000000e+01 1.130000000000000000e+02 1.361900000000000000e+04
-1.358219623565673828e+01 4.296555221080780029e-01 1.660209149122238159e-02 5.400000000000000000e+01 5.134888800000000000e+07 9.780000000000000000e+02 3.100000000000000000e+01 1.170000000000000000e+02 1.358900000000000000e+04
-1.350735569000244141e+01 5.102682113647460938e-01 1.651412621140480042e-02 6.000000000000000000e+01 5.144607200000000000e+07 1.084000000000000000e+03 3.100000000000000000e+01 7.900000000000000000e+01 1.351700000000000000e+04
-1.394254684448242188e+01 6.124019026756286621e-01 1.705046743154525757e-02 5.400000000000000000e+01 5.154359200000000000e+07 1.031000000000000000e+03 3.100000000000000000e+01 1.210000000000000000e+02 1.395600000000000000e+04
-1.335925292968750000e+01 6.689344048500061035e-01 1.634186320006847382e-02 6.100000000000000000e+01 5.164215200000000000e+07 1.073000000000000000e+03 3.100000000000000000e+01 1.190000000000000000e+02 1.337600000000000000e+04
-1.381317329406738281e+01 7.766597270965576172e-01 1.690263859927654266e-02 5.500000000000000000e+01 5.173916000000000000e+07 1.035000000000000000e+03 3.100000000000000000e+01 1.050000000000000000e+02 1.383500000000000000e+04
-1.352170467376708984e+01 8.435317873954772949e-01 1.655200123786926270e-02 5.400000000000000000e+01 5.183735200000000000e+07 9.790000000000000000e+02 3.100000000000000000e+01 7.900000000000000000e+01 1.354800000000000000e+04
-1.352625083923339844e+01 9.271673560142517090e-01 1.656421832740306854e-02 5.700000000000000000e+01 5.193463200000000000e+07 1.028000000000000000e+03 3.100000000000000000e+01 1.230000000000000000e+02 1.355800000000000000e+04
-1.372274303436279297e+01 1.025270104408264160e+00 1.681222952902317047e-02 7.000000000000000000e+01 5.203067200000000000e+07 1.309000000000000000e+03 3.100000000000000000e+01 9.800000000000000000e+01 1.376100000000000000e+04
-1.352481842041015625e+01 1.093972325325012207e+00 1.657765731215476990e-02 1.700000000000000000e+01 5.212894000000000000e+07 2.990000000000000000e+02 3.100000000000000000e+01 8.600000000000000000e+01 1.356900000000000000e+04
-1.389940834045410156e+01 1.210158824920654297e+00 1.704557985067367554e-02 2.200000000000000000e+01 5.222736800000000000e+07 4.150000000000000000e+02 3.100000000000000000e+01 8.000000000000000000e+01 1.395200000000000000e+04
-1.484757328033447266e+01 1.384555697441101074e+00 1.821844093501567841e-02 3.100000000000000000e+01 5.232412800000000000e+07 6.650000000000000000e+02 3.100000000000000000e+01 1.260000000000000000e+02 1.491200000000000000e+04
-1.410143566131591797e+01 1.402306199073791504e+00 1.731313951313495636e-02 4.700000000000000000e+01 5.242232000000000000e+07 9.250000000000000000e+02 3.100000000000000000e+01 1.090000000000000000e+02 1.417100000000000000e+04
-1.401499748229980469e+01 1.480609893798828125e+00 1.721784472465515137e-02 1.030000000000000000e+02 5.251876000000000000e+07 2.027000000000000000e+03 3.100000000000000000e+01 1.110000000000000000e+02 1.409300000000000000e+04
-1.402154922485351562e+01 1.568354964256286621e+00 1.723739132285118103e-02 4.500000000000000000e+01 5.261624800000000000e+07 8.780000000000000000e+02 3.100000000000000000e+01 1.040000000000000000e+02 1.410900000000000000e+04
-1.407323455810546875e+01 1.661629915237426758e+00 1.731313951313495636e-02 6.000000000000000000e+01 5.271444800000000000e+07 1.184000000000000000e+03 3.100000000000000000e+01 1.200000000000000000e+02 1.417100000000000000e+04
-1.405682086944580078e+01 1.747210383415222168e+00 1.730580814182758331e-02 9.600000000000000000e+01 5.281156000000000000e+07 1.910000000000000000e+03 3.100000000000000000e+01 9.400000000000000000e+01 1.416500000000000000e+04
-1.467945957183837891e+01 1.916136622428894043e+00 1.808649487793445587e-02 6.100000000000000000e+01 5.290950000000000000e+07 1.321000000000000000e+03 3.100000000000000000e+01 8.400000000000000000e+01 1.480400000000000000e+04
-1.419284534454345703e+01 1.941260099411010742e+00 1.750128529965877533e-02 6.400000000000000000e+01 5.300716800000000000e+07 1.296000000000000000e+03 3.100000000000000000e+01 1.000000000000000000e+02 1.432500000000000000e+04
-1.428861618041992188e+01 2.133296966552734375e+00 1.765033602714538574e-02 5.500000000000000000e+01 5.320106000000000000e+07 1.130000000000000000e+03 3.100000000000000000e+01 9.900000000000000000e+01 1.444700000000000000e+04
-1.428711509704589844e+01 2.222774744033813477e+00 1.766499690711498260e-02 5.300000000000000000e+01 5.329848000000000000e+07 1.090000000000000000e+03 3.100000000000000000e+01 9.800000000000000000e+01 1.445900000000000000e+04
-1.454277420043945312e+01 2.445695161819458008e+00 1.801685616374015808e-02 4.900000000000000000e+01 5.349343200000000000e+07 1.039000000000000000e+03 3.100000000000000000e+01 1.430000000000000000e+02 1.474700000000000000e+04
-1.403198051452636719e+01 2.448420524597167969e+00 1.740232482552528381e-02 3.700000000000000000e+01 5.358963200000000000e+07 7.300000000000000000e+02 3.100000000000000000e+01 1.150000000000000000e+02 1.424400000000000000e+04
-1.445754432678222656e+01 2.614187002182006836e+00 1.794965937733650208e-02 3.100000000000000000e+01 5.368783200000000000e+07 6.450000000000000000e+02 3.100000000000000000e+01 1.270000000000000000e+02 1.469200000000000000e+04
-1.400775909423828125e+01 2.621717929840087891e+00 1.741087809205055237e-02 6.800000000000000000e+01 5.378566000000000000e+07 1.359000000000000000e+03 3.100000000000000000e+01 1.220000000000000000e+02 1.425100000000000000e+04
-1.466785812377929688e+01 2.838525295257568359e+00 1.825265027582645416e-02 4.400000000000000000e+01 5.388355200000000000e+07 9.630000000000000000e+02 3.100000000000000000e+01 1.010000000000000000e+02 1.494000000000000000e+04
-1.465604877471923828e+01 2.929648160934448242e+00 1.825997978448867798e-02 6.100000000000000000e+01 5.398154000000000000e+07 1.346000000000000000e+03 3.100000000000000000e+01 8.600000000000000000e+01 1.494600000000000000e+04
-1.453985881805419922e+01 2.999317884445190430e+00 1.813780702650547028e-02 4.500000000000000000e+01 5.408024000000000000e+07 9.690000000000000000e+02 3.100000000000000000e+01 1.190000000000000000e+02 1.484600000000000000e+04
-1.463523387908935547e+01 3.585280179977416992e+00 1.840903051197528839e-02 4.500000000000000000e+01 5.466454000000000000e+07 1.000000000000000000e+03 3.100000000000000000e+01 1.100000000000000000e+02 1.506800000000000000e+04
-1.294688606262207031e+01 3.767774581909179688e+00 1.647380925714969635e-02 5.100000000000000000e+01 5.534784800000000000e+07 9.040000000000000000e+02 3.100000000000000000e+01 1.450000000000000000e+02 1.348400000000000000e+04
-1.491721725463867188e+01 5.456896781921386719e+00 1.940596289932727814e-02 5.900000000000000000e+01 5.641820000000000000e+07 1.472000000000000000e+03 3.100000000000000000e+01 7.600000000000000000e+01 1.588400000000000000e+04
-1.401765727996826172e+01 5.225568771362304688e+00 1.827708445489406586e-02 4.700000000000000000e+01 5.651680800000000000e+07 1.031000000000000000e+03 3.100000000000000000e+01 1.070000000000000000e+02 1.496000000000000000e+04
-1.401898384094238281e+01 5.324262619018554688e+00 1.832106523215770721e-02 1.900000000000000000e+01 5.661408000000000000e+07 4.080000000000000000e+02 3.100000000000000000e+01 1.000000000000000000e+02 1.499600000000000000e+04
-1.499699878692626953e+01 6.228545188903808594e+00 1.983967609703540802e-02 2.800000000000000000e+01 5.710111200000000000e+07 7.170000000000000000e+02 3.100000000000000000e+01 9.200000000000000000e+01 1.623900000000000000e+04
-1.493505382537841797e+01 6.418825149536132812e+00 1.986044645309448242e-02 8.400000000000000000e+01 5.729719200000000000e+07 2.199000000000000000e+03 3.100000000000000000e+01 9.100000000000000000e+01 1.625600000000000000e+04
-1.440555858612060547e+01 6.401814937591552734e+00 1.925935596227645874e-02 4.300000000000000000e+01 5.749100800000000000e+07 1.040000000000000000e+03 3.100000000000000000e+01 1.330000000000000000e+02 1.576400000000000000e+04
-1.478612327575683594e+01 6.679880142211914062e+00 1.982257328927516937e-02 6.200000000000000000e+01 5.758854000000000000e+07 1.609000000000000000e+03 3.100000000000000000e+01 1.030000000000000000e+02 1.622500000000000000e+04
-1.487663078308105469e+01 6.830987453460693359e+00 1.999972388148307800e-02 5.000000000000000000e+01 5.768720000000000000e+07 1.311000000000000000e+03 3.100000000000000000e+01 1.230000000000000000e+02 1.637000000000000000e+04
-1.476548004150390625e+01 7.000608444213867188e+00 1.996429450809955597e-02 2.300000000000000000e+01 5.788251200000000000e+07 5.970000000000000000e+02 3.100000000000000000e+01 7.400000000000000000e+01 1.634100000000000000e+04
-1.464026069641113281e+01 7.051586627960205078e+00 1.985311508178710938e-02 2.300000000000000000e+01 5.798076000000000000e+07 5.890000000000000000e+02 3.100000000000000000e+01 8.000000000000000000e+01 1.625000000000000000e+04
-1.434430694580078125e+01 7.017796039581298828e+00 1.950981095433235168e-02 2.700000000000000000e+01 5.807890000000000000e+07 6.670000000000000000e+02 3.100000000000000000e+01 9.800000000000000000e+01 1.596900000000000000e+04
-1.429291725158691406e+01 7.101674079895019531e+00 1.949881389737129211e-02 3.500000000000000000e+01 5.817642000000000000e+07 8.740000000000000000e+02 3.100000000000000000e+01 8.000000000000000000e+01 1.596000000000000000e+04
-1.441781139373779297e+01 7.274375438690185547e+00 1.972972042858600616e-02 1.400000000000000000e+01 5.827380000000000000e+07 3.420000000000000000e+02 3.100000000000000000e+01 1.010000000000000000e+02 1.614900000000000000e+04
-1.436667537689208984e+01 7.359513282775878906e+00 1.972116902470588684e-02 3.700000000000000000e+01 5.837082000000000000e+07 9.400000000000000000e+02 3.100000000000000000e+01 1.080000000000000000e+02 1.614200000000000000e+04
-1.353074836730957031e+01 7.036441326141357422e+00 1.863260753452777863e-02 2.100000000000000000e+01 5.846820000000000000e+07 4.650000000000000000e+02 3.100000000000000000e+01 1.160000000000000000e+02 1.525100000000000000e+04
-6.917712688446044922e+00 4.317212581634521484e+00 1.651136279106140137e-01 2.640000000000000000e+02 5.856583200000000000e+07 1.745000000000000000e+03 2.900000000000000000e+01 6.700000000000000000e+01 8.156000000000000000e+03
-1.349174118041992188e+01 7.121665954589843750e+00 1.863871701061725616e-02 2.100000000000000000e+01 5.856583200000000000e+07 4.700000000000000000e+02 3.100000000000000000e+01 9.400000000000000000e+01 1.525600000000000000e+04
-1.445619773864746094e+01 7.744545459747314453e+00 2.003637701272964478e-02 3.900000000000000000e+01 5.866263200000000000e+07 1.024000000000000000e+03 3.100000000000000000e+01 1.070000000000000000e+02 1.640000000000000000e+04
-1.305460357666015625e+01 7.306066513061523438e+00 1.827708445489406586e-02 2.000000000000000000e+01 5.895563200000000000e+07 4.250000000000000000e+02 3.100000000000000000e+01 1.140000000000000000e+02 1.496000000000000000e+04
-6.953228473663330078e+00 4.286912918090820312e+00 8.696968853473663330e-02 1.560000000000000000e+02 5.905280000000000000e+07 1.033000000000000000e+03 3.000000000000000000e+01 3.100000000000000000e+01 8.169000000000000000e+03
-6.892027854919433594e+00 4.307766914367675781e+00 8.653318881988525391e-02 2.240000000000000000e+02 5.915104000000000000e+07 1.470000000000000000e+03 3.000000000000000000e+01 5.400000000000000000e+01 8.128000000000000000e+03
-1.333832454681396484e+01 7.681303977966308594e+00 1.880487240850925446e-02 1.900000000000000000e+01 5.915104000000000000e+07 4.310000000000000000e+02 3.100000000000000000e+01 9.100000000000000000e+01 1.539200000000000000e+04
-6.867155075073242188e+00 4.351044654846191406e+00 8.655448257923126221e-02 4.800000000000000000e+01 5.924924000000000000e+07 3.080000000000000000e+02 3.000000000000000000e+01 5.400000000000000000e+01 8.130000000000000000e+03
-6.931950092315673828e+00 4.280371665954589844e+00 9.953436441719532013e-03 2.370000000000000000e+02 5.963936000000000000e+07 1.563000000000000000e+03 3.100000000000000000e+01 5.900000000000000000e+01 8.147000000000000000e+03
-6.885212898254394531e+00 4.310090065002441406e+00 9.924114681780338287e-03 2.880000000000000000e+02 5.973683200000000000e+07 1.890000000000000000e+03 3.100000000000000000e+01 6.200000000000000000e+01 8.123000000000000000e+03
-6.859481811523437500e+00 4.352792263031005859e+00 9.925336576998233795e-03 8.000000000000000000e+01 5.983312000000000000e+07 5.180000000000000000e+02 3.100000000000000000e+01 5.300000000000000000e+01 8.124000000000000000e+03
-3.202125310897827148e+00 5.403730392456054688e+00 1.864226907491683960e-01 7.200000000000000000e+01 6.559824000000000000e+07 2.820000000000000000e+02 2.800000000000000000e+01 6.300000000000000000e+01 6.284000000000000000e+03
-3.256970882415771484e+00 5.428621768951416016e+00 1.281877756118774414e-01 1.580000000000000000e+02 6.608368800000000000e+07 6.310000000000000000e+02 2.900000000000000000e+01 6.100000000000000000e+01 6.332000000000000000e+03
-3.209345579147338867e+00 5.424410820007324219e+00 1.276209354400634766e-01 3.950000000000000000e+02 6.618208000000000000e+07 1.558000000000000000e+03 2.900000000000000000e+01 1.200000000000000000e+02 6.304000000000000000e+03
-3.240875482559204102e+00 5.410218715667724609e+00 6.714626401662826538e-02 1.460000000000000000e+02 6.666972000000000000e+07 5.760000000000000000e+02 3.000000000000000000e+01 3.100000000000000000e+01 6.307000000000000000e+03
-3.196937799453735352e+00 5.411922931671142578e+00 6.692268699407577515e-02 3.040000000000000000e+02 6.676566000000000000e+07 1.199000000000000000e+03 3.000000000000000000e+01 6.100000000000000000e+01 6.286000000000000000e+03
-3.151591777801513672e+00 5.410699367523193359e+00 6.666717678308486938e-02 7.500000000000000000e+01 6.686339200000000000e+07 2.920000000000000000e+02 3.000000000000000000e+01 6.000000000000000000e+01 6.262000000000000000e+03
-3.222452402114868164e+00 5.387859344482421875e+00 7.670022547245025635e-03 1.770000000000000000e+02 6.725356000000000000e+07 6.920000000000000000e+02 3.100000000000000000e+01 4.700000000000000000e+01 6.278000000000000000e+03
-3.164947748184204102e+00 5.366186141967773438e+00 7.611379493027925491e-03 1.810000000000000000e+02 6.735204800000000000e+07 7.000000000000000000e+02 3.100000000000000000e+01 5.800000000000000000e+01 6.230000000000000000e+03
-3.145535230636596680e+00 5.408844947814941406e+00 7.644366007298231125e-03 7.000000000000000000e+01 6.745014400000000000e+07 2.720000000000000000e+02 3.100000000000000000e+01 6.300000000000000000e+01 6.257000000000000000e+03
-1.158567190170288086e+00 2.649491548538208008e+00 8.582444489002227783e-02 1.000000000000000000e+01 6.754752000000000000e+07 8.000000000000000000e+00 2.800000000000000000e+01 6.100000000000000000e+01 2.893000000000000000e+03
-1.140709042549133301e+00 2.652877569198608398e+00 8.570578694343566895e-02 2.430000000000000000e+02 6.764505600000000000e+07 2.020000000000000000e+02 2.800000000000000000e+01 8.000000000000000000e+01 2.889000000000000000e+03
-1.121685385704040527e+00 2.653382301330566406e+00 8.549812436103820801e-02 3.670000000000000000e+02 6.774268800000000000e+07 3.030000000000000000e+02 2.800000000000000000e+01 1.000000000000000000e+02 2.882000000000000000e+03
-1.104232788085937500e+00 2.657445669174194336e+00 8.540911972522735596e-02 3.130000000000000000e+02 6.784046400000000000e+07 2.580000000000000000e+02 2.800000000000000000e+01 8.400000000000000000e+01 2.879000000000000000e+03
-1.078459262847900391e+00 2.641036510467529297e+00 8.466746658086776733e-02 1.230000000000000000e+02 6.794040000000000000e+07 9.900000000000000000e+01 2.800000000000000000e+01 5.100000000000000000e+01 2.854000000000000000e+03
-1.163417220115661621e+00 2.665571928024291992e+00 5.889106914401054382e-02 4.900000000000000000e+01 6.813572000000000000e+07 4.000000000000000000e+01 2.900000000000000000e+01 5.100000000000000000e+01 2.909000000000000000e+03
-1.142702341079711914e+00 2.662554264068603516e+00 5.866838246583938599e-02 2.490000000000000000e+02 6.823320000000000000e+07 2.080000000000000000e+02 2.900000000000000000e+01 6.400000000000000000e+01 2.898000000000000000e+03
-1.122457146644592285e+00 2.660304069519042969e+00 5.846593528985977173e-02 3.340000000000000000e+02 6.833107200000000000e+07 2.760000000000000000e+02 2.900000000000000000e+01 8.500000000000000000e+01 2.888000000000000000e+03
-1.106878638267517090e+00 2.668987989425659180e+00 5.850642174482345581e-02 2.850000000000000000e+02 6.842758400000000000e+07 2.360000000000000000e+02 2.900000000000000000e+01 9.800000000000000000e+01 2.890000000000000000e+03
-1.087462544441223145e+00 2.668322801589965820e+00 5.834446847438812256e-02 1.370000000000000000e+02 6.852633600000000000e+07 1.130000000000000000e+02 2.900000000000000000e+01 5.300000000000000000e+01 2.882000000000000000e+03
-1.110316395759582520e+00 2.636586904525756836e+00 3.045908547937870026e-02 1.800000000000000000e+01 6.891761600000000000e+07 1.400000000000000000e+01 3.000000000000000000e+01 1.800000000000000000e+01 2.861000000000000000e+03
-1.105208039283752441e+00 2.670144081115722656e+00 3.076783008873462677e-02 1.100000000000000000e+01 6.901455200000000000e+07 8.000000000000000000e+00 3.000000000000000000e+01 2.900000000000000000e+01 2.890000000000000000e+03
-1.098222255706787109e+00 2.700031757354736328e+00 3.103398717939853668e-02 3.700000000000000000e+01 6.911217600000000000e+07 3.000000000000000000e+01 3.000000000000000000e+01 2.800000000000000000e+01 2.915000000000000000e+03
-1.148838639259338379e+00 2.684443712234497070e+00 1.096210926771163940e-01 1.170000000000000000e+02 6.940209600000000000e+07 9.900000000000000000e+01 2.700000000000000000e+01 6.000000000000000000e+01 2.922000000000000000e+03
-1.129446268081665039e+00 2.641679048538208008e+00 3.510030917823314667e-03 1.100000000000000000e+01 6.940209600000000000e+07 8.000000000000000000e+00 3.100000000000000000e+01 3.000000000000000000e+01 2.873000000000000000e+03
-1.131570577621459961e+00 2.689599990844726562e+00 1.095460578799247742e-01 2.700000000000000000e+02 6.950028800000000000e+07 2.300000000000000000e+02 2.700000000000000000e+01 8.000000000000000000e+01 2.920000000000000000e+03
-1.127165079116821289e+00 2.681747198104858398e+00 3.554013324901461601e-03 2.200000000000000000e+01 6.950028800000000000e+07 1.800000000000000000e+01 3.100000000000000000e+01 2.000000000000000000e+01 2.909000000000000000e+03
-1.110463857650756836e+00 2.685411214828491211e+00 1.090958788990974426e-01 1.760000000000000000e+02 6.959684000000000000e+07 1.470000000000000000e+02 2.700000000000000000e+01 5.300000000000000000e+01 2.908000000000000000e+03
-1.108398079872131348e+00 2.683067321777343750e+00 3.546682884916663170e-03 9.000000000000000000e+00 6.959684000000000000e+07 7.000000000000000000e+00 3.100000000000000000e+01 1.700000000000000000e+01 2.903000000000000000e+03
-1.093042612075805664e+00 2.692597627639770508e+00 3.550348104909062386e-03 1.800000000000000000e+01 6.969510400000000000e+07 1.400000000000000000e+01 3.100000000000000000e+01 2.800000000000000000e+01 2.906000000000000000e+03
-1.019834280014038086e-01 7.156215906143188477e-01 1.463672798126935959e-02 5.800000000000000000e+01 7.243688800000000000e+07 3.000000000000000000e+00 2.900000000000000000e+01 2.100000000000000000e+01 7.230000000000000000e+02
-5.141548067331314087e-02 6.929528117179870605e-01 1.406988408416509628e-02 6.800000000000000000e+01 7.350350400000000000e+07 3.000000000000000000e+00 2.900000000000000000e+01 2.200000000000000000e+01 6.950000000000000000e+02
-7.653594762086868286e-02 7.291855812072753906e-01 3.444816917181015015e-02 4.900000000000000000e+01 7.360046400000000000e+07 3.000000000000000000e+00 2.600000000000000000e+01 1.700000000000000000e+01 7.340000000000000000e+02
-2.260904759168624878e-02 7.264993786811828613e-01 1.471770647913217545e-02 1.190000000000000000e+02 7.418777600000000000e+07 6.000000000000000000e+00 2.900000000000000000e+01 2.200000000000000000e+01 7.270000000000000000e+02
-3.515293076634407043e-02 7.066671848297119141e-01 5.904081091284751892e-02 6.200000000000000000e+01 7.448174400000000000e+07 3.000000000000000000e+00 2.200000000000000000e+01 2.200000000000000000e+01 7.100000000000000000e+02
-5.157622974365949631e-03 7.099215388298034668e-01 6.598414480686187744e-02 8.200000000000000000e+01 7.458000000000000000e+07 4.000000000000000000e+00 2.100000000000000000e+01 3.200000000000000000e+01 7.130000000000000000e+02
