-8.640169166028499603e-03 -7.746107578277587891e-01 2.299134060740470886e-02 1.680000000000000000e+02 2.428574000000000000e+07 1.000000000000000000e+01 2.800000000000000000e+01 7.000000000000000000e+00 7.750000000000000000e+02
-1.164122484624385834e-02 -6.942673325538635254e-01 7.114326953887939453e-02 5.900000000000000000e+01 2.438224000000000000e+07 3.000000000000000000e+00 2.000000000000000000e+01 9.000000000000000000e+00 6.980000000000000000e+02
-4.215357452630996704e-02 -7.050434350967407227e-01 7.236636430025100708e-02 7.500000000000000000e+01 2.507237000000000000e+07 3.000000000000000000e+00 2.000000000000000000e+01 2.300000000000000000e+01 7.100000000000000000e+02
-2.873165160417556763e-02 -7.893153429031372070e-01 1.599310524761676788e-02 3.340000000000000000e+02 2.526212000000000000e+07 1.600000000000000000e+01 2.900000000000000000e+01 1.800000000000000000e+01 7.900000000000000000e+02
-1.112143173813819885e-01 -6.885852813720703125e-01 2.618600986897945404e-02 6.100000000000000000e+01 2.839396000000000000e+07 3.000000000000000000e+00 2.700000000000000000e+01 7.000000000000000000e+00 6.980000000000000000e+02
-5.188095092773437500e+00 -7.958237171173095703e+00 1.160643622279167175e-02 1.050000000000000000e+02 3.505172000000000000e+07 9.430000000000000000e+02 3.100000000000000000e+01 5.900000000000000000e+01 9.500000000000000000e+03
-5.213125228881835938e+00 -7.890377521514892578e+00 1.155390311032533646e-02 1.040000000000000000e+02 3.514956000000000000e+07 9.230000000000000000e+02 3.100000000000000000e+01 9.100000000000000000e+01 9.457000000000000000e+03
-5.496838569641113281e+00 -7.995800971984863281e+00 1.185444835573434830e-02 1.050000000000000000e+02 3.544356800000000000e+07 9.830000000000000000e+02 3.100000000000000000e+01 7.200000000000000000e+01 9.703000000000000000e+03
-5.315460205078125000e+00 -7.631235599517822266e+00 1.136209070682525635e-02 8.700000000000000000e+01 3.554104800000000000e+07 7.450000000000000000e+02 3.100000000000000000e+01 1.020000000000000000e+02 9.300000000000000000e+03
-5.508059024810791016e+00 -7.805188655853271484e+00 1.167118921875953674e-02 8.800000000000000000e+01 3.563894000000000000e+07 7.970000000000000000e+02 3.100000000000000000e+01 7.400000000000000000e+01 9.553000000000000000e+03
-5.611678600311279297e+00 -7.849339485168457031e+00 1.178847439587116241e-02 1.060000000000000000e+02 3.573712800000000000e+07 9.800000000000000000e+02 3.100000000000000000e+01 8.400000000000000000e+01 9.649000000000000000e+03
-5.667361259460449219e+00 -7.825288295745849609e+00 1.180435810238122940e-02 9.300000000000000000e+01 3.583599200000000000e+07 8.610000000000000000e+02 3.100000000000000000e+01 8.900000000000000000e+01 9.662000000000000000e+03
-5.711719989776611328e+00 -7.785528182983398438e+00 1.179702673107385635e-02 1.060000000000000000e+02 3.593470000000000000e+07 9.830000000000000000e+02 3.100000000000000000e+01 6.700000000000000000e+01 9.656000000000000000e+03
-5.760576725006103516e+00 -7.751940727233886719e+00 1.179946959018707275e-02 4.000000000000000000e+01 3.603288800000000000e+07 3.680000000000000000e+02 3.100000000000000000e+01 6.400000000000000000e+01 9.658000000000000000e+03
-5.883806228637695312e+00 -7.817118644714355469e+00 1.195340882986783981e-02 7.300000000000000000e+01 3.613130000000000000e+07 6.940000000000000000e+02 3.100000000000000000e+01 6.300000000000000000e+01 9.784000000000000000e+03
-5.743113040924072266e+00 -7.533542156219482422e+00 1.157345063984394073e-02 5.600000000000000000e+01 3.622898000000000000e+07 4.960000000000000000e+02 3.100000000000000000e+01 8.700000000000000000e+01 9.473000000000000000e+03
-5.763562679290771484e+00 -7.464917182922363281e+00 1.152213849127292633e-02 5.400000000000000000e+01 3.632660000000000000e+07 4.760000000000000000e+02 3.100000000000000000e+01 6.200000000000000000e+01 9.431000000000000000e+03
-5.718093395233154297e+00 -7.312822341918945312e+00 1.134132128208875656e-02 5.900000000000000000e+01 3.642474000000000000e+07 5.030000000000000000e+02 3.100000000000000000e+01 7.700000000000000000e+01 9.283000000000000000e+03
-5.839835643768310547e+00 -7.374811649322509766e+00 1.149281673133373260e-02 4.000000000000000000e+01 3.652268000000000000e+07 3.490000000000000000e+02 3.100000000000000000e+01 7.000000000000000000e+01 9.407000000000000000e+03
-5.928142547607421875e+00 -7.392670631408691406e+00 1.157711632549762726e-02 4.100000000000000000e+01 3.662112800000000000e+07 3.630000000000000000e+02 3.100000000000000000e+01 6.300000000000000000e+01 9.476000000000000000e+03
-5.881357669830322266e+00 -7.242818355560302734e+00 1.139874383807182312e-02 4.900000000000000000e+01 3.671887200000000000e+07 4.200000000000000000e+02 3.100000000000000000e+01 8.800000000000000000e+01 9.330000000000000000e+03
-6.007618427276611328e+00 -7.306235313415527344e+00 1.155634596943855286e-02 5.300000000000000000e+01 3.681886000000000000e+07 4.690000000000000000e+02 3.100000000000000000e+01 6.700000000000000000e+01 9.459000000000000000e+03
-5.909648895263671875e+00 -7.097860336303710938e+00 1.128389965742826462e-02 6.200000000000000000e+01 3.691644000000000000e+07 5.240000000000000000e+02 3.100000000000000000e+01 6.400000000000000000e+01 9.236000000000000000e+03
-5.953089237213134766e+00 -7.061465740203857422e+00 1.128389965742826462e-02 4.700000000000000000e+01 3.701463200000000000e+07 3.960000000000000000e+02 3.100000000000000000e+01 7.200000000000000000e+01 9.236000000000000000e+03
-6.178091049194335938e+00 -7.237771034240722656e+00 1.162598561495542526e-02 5.400000000000000000e+01 3.711276800000000000e+07 4.760000000000000000e+02 3.100000000000000000e+01 5.400000000000000000e+01 9.516000000000000000e+03
-6.279273033142089844e+00 -7.265550136566162109e+00 1.173227559775114059e-02 5.100000000000000000e+01 3.720952800000000000e+07 4.650000000000000000e+02 3.100000000000000000e+01 6.800000000000000000e+01 9.603000000000000000e+03
-6.267761230468750000e+00 -7.162916183471679688e+00 1.162842847406864166e-02 5.300000000000000000e+01 3.730704800000000000e+07 4.750000000000000000e+02 3.100000000000000000e+01 6.100000000000000000e+01 9.518000000000000000e+03
-6.279764175415039062e+00 -7.088394165039062500e+00 1.156978495419025421e-02 4.000000000000000000e+01 3.740500000000000000e+07 3.540000000000000000e+02 3.100000000000000000e+01 6.200000000000000000e+01 9.470000000000000000e+03
-6.309117794036865234e+00 -7.034096240997314453e+00 1.154412887990474701e-02 3.600000000000000000e+01 3.750294000000000000e+07 3.170000000000000000e+02 3.100000000000000000e+01 6.100000000000000000e+01 9.449000000000000000e+03
-6.367620944976806641e+00 -7.012278556823730469e+00 1.157222874462604523e-02 7.700000000000000000e+01 3.760015200000000000e+07 6.860000000000000000e+02 3.100000000000000000e+01 6.700000000000000000e+01 9.472000000000000000e+03
-6.504601001739501953e+00 -7.075404644012451172e+00 1.174204889684915543e-02 2.700000000000000000e+01 3.769747200000000000e+07 2.440000000000000000e+02 3.100000000000000000e+01 6.600000000000000000e+01 9.611000000000000000e+03
-6.533585548400878906e+00 -7.019987583160400391e+00 1.171639282256364822e-02 5.900000000000000000e+01 3.779495200000000000e+07 5.370000000000000000e+02 3.100000000000000000e+01 6.500000000000000000e+01 9.590000000000000000e+03
-6.658143520355224609e+00 -7.066376686096191406e+00 1.186177879571914673e-02 5.600000000000000000e+01 3.789279200000000000e+07 5.230000000000000000e+02 3.100000000000000000e+01 6.000000000000000000e+01 9.709000000000000000e+03
-6.550217628479003906e+00 -6.866922855377197266e+00 1.159422006458044052e-02 6.700000000000000000e+01 3.798944800000000000e+07 5.980000000000000000e+02 3.100000000000000000e+01 7.400000000000000000e+01 9.490000000000000000e+03
-6.713792800903320312e+00 -6.952487945556640625e+00 1.180802285671234131e-02 5.300000000000000000e+01 3.808718000000000000e+07 4.820000000000000000e+02 3.100000000000000000e+01 5.100000000000000000e+01 9.665000000000000000e+03
-6.669643402099609375e+00 -6.822492599487304688e+00 1.165652833878993988e-02 4.900000000000000000e+01 3.818512000000000000e+07 4.400000000000000000e+02 3.100000000000000000e+01 7.100000000000000000e+01 9.541000000000000000e+03
-6.876684665679931641e+00 -6.948470592498779297e+00 1.194363459944725037e-02 3.700000000000000000e+01 3.828346000000000000e+07 3.480000000000000000e+02 3.100000000000000000e+01 6.300000000000000000e+01 9.776000000000000000e+03
-7.009078025817871094e+00 -6.995863437652587891e+00 1.209879480302333832e-02 3.700000000000000000e+01 3.838088000000000000e+07 3.580000000000000000e+02 3.100000000000000000e+01 6.300000000000000000e+01 9.903000000000000000e+03
-7.055432319641113281e+00 -6.956235408782958984e+00 1.210490334779024124e-02 3.300000000000000000e+01 3.847806000000000000e+07 3.180000000000000000e+02 3.100000000000000000e+01 6.500000000000000000e+01 9.908000000000000000e+03
-7.137382984161376953e+00 -6.951186180114746094e+00 1.217209827154874802e-02 3.900000000000000000e+01 3.857539200000000000e+07 3.720000000000000000e+02 3.100000000000000000e+01 5.500000000000000000e+01 9.963000000000000000e+03
-7.169811248779296875e+00 -6.897554874420166016e+00 1.215499360114336014e-02 4.200000000000000000e+01 3.867234000000000000e+07 4.100000000000000000e+02 3.100000000000000000e+01 7.200000000000000000e+01 9.949000000000000000e+03
-7.192427158355712891e+00 -6.834833145141601562e+00 1.212200801819562912e-02 2.600000000000000000e+01 3.877048800000000000e+07 2.500000000000000000e+02 3.100000000000000000e+01 6.500000000000000000e+01 9.922000000000000000e+03
-7.258290290832519531e+00 -6.813157558441162109e+00 1.216232497245073318e-02 4.100000000000000000e+01 3.886796000000000000e+07 3.920000000000000000e+02 3.100000000000000000e+01 4.700000000000000000e+01 9.955000000000000000e+03
-7.290424823760986328e+00 -6.759654521942138672e+00 1.214644219726324081e-02 4.800000000000000000e+01 3.896595200000000000e+07 4.610000000000000000e+02 3.100000000000000000e+01 4.600000000000000000e+01 9.942000000000000000e+03
-7.457869052886962891e+00 -6.830286979675292969e+00 1.235535833984613419e-02 5.600000000000000000e+01 3.906390000000000000e+07 5.670000000000000000e+02 3.100000000000000000e+01 6.700000000000000000e+01 1.011300000000000000e+04
-7.502604961395263672e+00 -6.787081241607666016e+00 1.236024498939514160e-02 4.300000000000000000e+01 3.916172000000000000e+07 4.350000000000000000e+02 3.100000000000000000e+01 6.200000000000000000e+01 1.011700000000000000e+04
-7.544853687286376953e+00 -6.741584300994873047e+00 1.236146595329046249e-02 4.000000000000000000e+01 3.925980800000000000e+07 3.950000000000000000e+02 3.100000000000000000e+01 5.300000000000000000e+01 1.011800000000000000e+04
-7.579329490661621094e+00 -6.689207553863525391e+00 1.235047075897455215e-02 3.300000000000000000e+01 3.935708800000000000e+07 3.230000000000000000e+02 3.100000000000000000e+01 5.000000000000000000e+01 1.010900000000000000e+04
-7.709180355072021484e+00 -6.720113277435302734e+00 1.249463483691215515e-02 4.700000000000000000e+01 3.945402000000000000e+07 4.840000000000000000e+02 3.100000000000000000e+01 7.900000000000000000e+01 1.022700000000000000e+04
-7.778308868408203125e+00 -6.696825027465820312e+00 1.253983937203884125e-02 2.700000000000000000e+01 3.955266000000000000e+07 2.690000000000000000e+02 3.100000000000000000e+01 4.900000000000000000e+01 1.026400000000000000e+04
-7.872580051422119141e+00 -6.694317817687988281e+00 1.262535993009805679e-02 3.800000000000000000e+01 3.964912000000000000e+07 3.910000000000000000e+02 3.100000000000000000e+01 4.700000000000000000e+01 1.033400000000000000e+04
-7.908912181854248047e+00 -6.642027378082275391e+00 1.261802949011325836e-02 3.000000000000000000e+01 3.974740800000000000e+07 3.120000000000000000e+02 3.100000000000000000e+01 8.200000000000000000e+01 1.032800000000000000e+04
-7.907185077667236328e+00 -6.558262825012207031e+00 1.255083456635475159e-02 3.400000000000000000e+01 3.984658000000000000e+07 3.530000000000000000e+02 3.100000000000000000e+01 6.400000000000000000e+01 1.027300000000000000e+04
-7.972805976867675781e+00 -6.530532836914062500e+00 1.259115245193243027e-02 4.900000000000000000e+01 3.994463200000000000e+07 5.150000000000000000e+02 3.100000000000000000e+01 6.300000000000000000e+01 1.030600000000000000e+04
-8.293396949768066406e+00 -6.708524227142333984e+00 1.303219702094793320e-02 5.100000000000000000e+01 4.004342000000000000e+07 5.740000000000000000e+02 3.100000000000000000e+01 6.600000000000000000e+01 1.066700000000000000e+04
-8.150792121887207031e+00 -6.510841369628906250e+00 1.274508889764547348e-02 8.800000000000000000e+01 4.014120800000000000e+07 9.500000000000000000e+02 3.100000000000000000e+01 8.200000000000000000e+01 1.043200000000000000e+04
-8.161538124084472656e+00 -6.437792301177978516e+00 1.269988529384136200e-02 3.700000000000000000e+01 4.023796800000000000e+07 3.930000000000000000e+02 3.100000000000000000e+01 7.500000000000000000e+01 1.039500000000000000e+04
-8.167751312255859375e+00 -6.361784458160400391e+00 1.264857314527034760e-02 6.600000000000000000e+01 4.033652800000000000e+07 6.910000000000000000e+02 3.100000000000000000e+01 5.700000000000000000e+01 1.035300000000000000e+04
-8.315230369567871094e+00 -6.395068168640136719e+00 1.281595043838024139e-02 4.100000000000000000e+01 4.043395200000000000e+07 4.440000000000000000e+02 3.100000000000000000e+01 8.000000000000000000e+01 1.049000000000000000e+04
-8.404486656188964844e+00 -6.382026195526123047e+00 1.289291866123676300e-02 2.900000000000000000e+01 4.053200000000000000e+07 3.170000000000000000e+02 3.100000000000000000e+01 6.500000000000000000e+01 1.055300000000000000e+04
-8.251462936401367188e+00 -6.186370372772216797e+00 1.259970385581254959e-02 4.300000000000000000e+01 4.062987200000000000e+07 4.510000000000000000e+02 3.100000000000000000e+01 6.700000000000000000e+01 1.031300000000000000e+04
-8.471722602844238281e+00 -6.270675659179687500e+00 1.287703681737184525e-02 6.200000000000000000e+01 4.072700000000000000e+07 6.720000000000000000e+02 3.100000000000000000e+01 5.500000000000000000e+01 1.054000000000000000e+04
-8.309803009033203125e+00 -6.072256565093994141e+00 1.257404778152704239e-02 3.700000000000000000e+01 4.082595200000000000e+07 3.860000000000000000e+02 3.100000000000000000e+01 6.400000000000000000e+01 1.029200000000000000e+04
-8.921099662780761719e+00 -6.435357570648193359e+00 1.343903318047523499e-02 3.900000000000000000e+01 4.092390000000000000e+07 4.650000000000000000e+02 3.100000000000000000e+01 6.500000000000000000e+01 1.100000000000000000e+04
-8.753513336181640625e+00 -6.233165740966796875e+00 1.312871277332305908e-02 3.600000000000000000e+01 4.102111200000000000e+07 4.090000000000000000e+02 3.100000000000000000e+01 6.500000000000000000e+01 1.074600000000000000e+04
-8.869317054748535156e+00 -6.233966350555419922e+00 1.324477791786193848e-02 3.100000000000000000e+01 4.111936000000000000e+07 3.470000000000000000e+02 3.100000000000000000e+01 5.700000000000000000e+01 1.084100000000000000e+04
-8.988742828369140625e+00 -6.235858440399169922e+00 1.336572878062725067e-02 3.000000000000000000e+01 4.121719200000000000e+07 3.410000000000000000e+02 3.100000000000000000e+01 5.500000000000000000e+01 1.094000000000000000e+04
-9.162981986999511719e+00 -6.273804187774658203e+00 1.356731448322534561e-02 3.000000000000000000e+01 4.131452000000000000e+07 3.630000000000000000e+02 3.100000000000000000e+01 6.700000000000000000e+01 1.110500000000000000e+04
-9.193018913269042969e+00 -6.211863994598388672e+00 1.355509646236896515e-02 3.500000000000000000e+01 4.141291200000000000e+07 4.240000000000000000e+02 3.100000000000000000e+01 6.000000000000000000e+01 1.109500000000000000e+04
-9.381551742553710938e+00 -6.255756378173828125e+00 1.377623062580823898e-02 2.700000000000000000e+01 4.151122000000000000e+07 3.250000000000000000e+02 3.100000000000000000e+01 5.300000000000000000e+01 1.127600000000000000e+04
-9.271897315979003906e+00 -6.100782871246337891e+00 1.355998404324054718e-02 2.900000000000000000e+01 4.160980800000000000e+07 3.500000000000000000e+02 3.100000000000000000e+01 6.500000000000000000e+01 1.109900000000000000e+04
-9.364513397216796875e+00 -6.079716205596923828e+00 1.364061888307332993e-02 2.500000000000000000e+01 4.170632000000000000e+07 3.050000000000000000e+02 3.100000000000000000e+01 5.800000000000000000e+01 1.116500000000000000e+04
-9.341012954711914062e+00 -5.983306884765625000e+00 1.355265360325574875e-02 2.800000000000000000e+01 4.180368800000000000e+07 3.370000000000000000e+02 3.100000000000000000e+01 6.900000000000000000e+01 1.109300000000000000e+04
-9.377549171447753906e+00 -5.925878524780273438e+00 1.355265360325574875e-02 3.200000000000000000e+01 4.190024800000000000e+07 3.860000000000000000e+02 3.100000000000000000e+01 7.200000000000000000e+01 1.109300000000000000e+04
-9.597035408020019531e+00 -5.982492446899414062e+00 1.381654758006334305e-02 2.100000000000000000e+01 4.199828800000000000e+07 2.610000000000000000e+02 3.100000000000000000e+01 6.400000000000000000e+01 1.130900000000000000e+04
-9.704265594482421875e+00 -5.966967105865478516e+00 1.391794998198747635e-02 3.200000000000000000e+01 4.209715200000000000e+07 3.970000000000000000e+02 3.100000000000000000e+01 5.100000000000000000e+01 1.139200000000000000e+04
-9.420908927917480469e+00 -5.713373661041259766e+00 1.346102356910705566e-02 2.000000000000000000e+01 4.219411200000000000e+07 2.250000000000000000e+02 3.100000000000000000e+01 5.000000000000000000e+01 1.101800000000000000e+04
-9.442914009094238281e+00 -5.647760868072509766e+00 1.344269700348377228e-02 3.700000000000000000e+01 4.229235200000000000e+07 4.410000000000000000e+02 3.100000000000000000e+01 6.600000000000000000e+01 1.100300000000000000e+04
-1.001400947570800781e+01 -5.906208992004394531e+00 1.420383527874946594e-02 3.700000000000000000e+01 4.239040000000000000e+07 4.930000000000000000e+02 3.100000000000000000e+01 6.100000000000000000e+01 1.162600000000000000e+04
-9.517560958862304688e+00 -5.534975528717041016e+00 1.345124933868646622e-02 3.600000000000000000e+01 4.248736800000000000e+07 4.290000000000000000e+02 3.100000000000000000e+01 6.800000000000000000e+01 1.101000000000000000e+04
-1.015166473388671875e+01 -5.820680141448974609e+00 1.429668720811605453e-02 3.200000000000000000e+01 4.258510000000000000e+07 4.290000000000000000e+02 3.100000000000000000e+01 7.600000000000000000e+01 1.170200000000000000e+04
-9.680528640747070312e+00 -5.471892356872558594e+00 1.358564011752605438e-02 2.500000000000000000e+01 4.268247200000000000e+07 3.010000000000000000e+02 3.100000000000000000e+01 7.200000000000000000e+01 1.112000000000000000e+04
-9.317326545715332031e+00 -5.191417217254638672e+00 1.303097419440746307e-02 2.100000000000000000e+01 4.277995200000000000e+07 2.330000000000000000e+02 3.100000000000000000e+01 6.200000000000000000e+01 1.066600000000000000e+04
-9.721528053283691406e+00 -5.338726043701171875e+00 1.355020981281995773e-02 2.600000000000000000e+01 4.287691200000000000e+07 3.120000000000000000e+02 3.100000000000000000e+01 7.400000000000000000e+01 1.109100000000000000e+04
-9.842928886413574219e+00 -5.327048301696777344e+00 1.367360446602106094e-02 3.100000000000000000e+01 4.297464800000000000e+07 3.800000000000000000e+02 3.100000000000000000e+01 8.000000000000000000e+01 1.119200000000000000e+04
-9.674250602722167969e+00 -5.159264087677001953e+00 1.339505054056644440e-02 2.600000000000000000e+01 4.307120800000000000e+07 3.040000000000000000e+02 3.100000000000000000e+01 7.700000000000000000e+01 1.096400000000000000e+04
-1.043870067596435547e+01 -5.484943866729736328e+00 1.440664287656545639e-02 2.500000000000000000e+01 4.316912800000000000e+07 3.400000000000000000e+02 3.100000000000000000e+01 6.000000000000000000e+01 1.179200000000000000e+04
-1.032207393646240234e+01 -5.343100070953369141e+00 1.420016959309577942e-02 2.200000000000000000e+01 4.326687200000000000e+07 2.900000000000000000e+02 3.100000000000000000e+01 6.300000000000000000e+01 1.162300000000000000e+04
-9.992077827453613281e+00 -5.094788074493408203e+00 1.370292622596025467e-02 2.200000000000000000e+01 4.336542000000000000e+07 2.700000000000000000e+02 3.100000000000000000e+01 6.500000000000000000e+01 1.121600000000000000e+04
-1.036899185180664062e+01 -5.207055091857910156e+00 1.417573634535074234e-02 4.200000000000000000e+01 4.346224000000000000e+07 5.570000000000000000e+02 3.100000000000000000e+01 7.200000000000000000e+01 1.160300000000000000e+04
-1.089286136627197266e+01 -5.386692523956298828e+00 1.484646555036306381e-02 3.900000000000000000e+01 4.356048000000000000e+07 5.670000000000000000e+02 3.100000000000000000e+01 6.900000000000000000e+01 1.215200000000000000e+04
-1.136806011199951172e+01 -5.535135746002197266e+00 1.544755790382623672e-02 3.800000000000000000e+01 4.365858000000000000e+07 5.940000000000000000e+02 3.100000000000000000e+01 1.000000000000000000e+02 1.264400000000000000e+04
-1.088961124420166016e+01 -5.219764232635498047e+00 1.475361362099647522e-02 2.200000000000000000e+01 4.375676800000000000e+07 3.120000000000000000e+02 3.100000000000000000e+01 6.600000000000000000e+01 1.207600000000000000e+04
-1.054249382019042969e+01 -4.974061012268066406e+00 1.424170937389135361e-02 3.800000000000000000e+01 4.385348000000000000e+07 5.060000000000000000e+02 3.100000000000000000e+01 8.800000000000000000e+01 1.165700000000000000e+04
-1.027804279327392578e+01 -4.772408008575439453e+00 1.384464744478464127e-02 3.400000000000000000e+01 4.395135200000000000e+07 4.290000000000000000e+02 3.100000000000000000e+01 6.400000000000000000e+01 1.133200000000000000e+04
-1.009520530700683594e+01 -4.612425327301025391e+00 1.355998404324054718e-02 1.010000000000000000e+02 4.404900000000000000e+07 1.237000000000000000e+03 3.100000000000000000e+01 7.100000000000000000e+01 1.109900000000000000e+04
-1.055564880371093750e+01 -4.744727134704589844e+00 1.413908414542675018e-02 4.900000000000000000e+01 4.414795200000000000e+07 6.360000000000000000e+02 3.100000000000000000e+01 5.700000000000000000e+01 1.157300000000000000e+04
-1.146897220611572266e+01 -5.070903301239013672e+00 1.532049756497144699e-02 1.300000000000000000e+01 4.424451200000000000e+07 1.820000000000000000e+02 3.100000000000000000e+01 5.100000000000000000e+01 1.254000000000000000e+04
-1.066534996032714844e+01 -4.637564659118652344e+00 1.420872192829847336e-02 2.600000000000000000e+01 4.434172000000000000e+07 3.440000000000000000e+02 3.100000000000000000e+01 6.700000000000000000e+01 1.163000000000000000e+04
-1.024581623077392578e+01 -4.380584716796875000e+00 1.361373998224735260e-02 3.300000000000000000e+01 4.443951200000000000e+07 4.010000000000000000e+02 3.100000000000000000e+01 8.200000000000000000e+01 1.114300000000000000e+04
-1.088555240631103516e+01 -4.575305938720703125e+00 1.442619040608406067e-02 1.800000000000000000e+01 4.453694000000000000e+07 2.440000000000000000e+02 3.100000000000000000e+01 5.900000000000000000e+01 1.180800000000000000e+04
-1.145317649841308594e+01 -4.731404781341552734e+00 1.513968035578727722e-02 1.900000000000000000e+01 4.463466000000000000e+07 2.690000000000000000e+02 3.100000000000000000e+01 5.600000000000000000e+01 1.239200000000000000e+04
-1.117529964447021484e+01 -4.536540508270263672e+00 1.473528891801834106e-02 3.500000000000000000e+01 4.473136800000000000e+07 4.880000000000000000e+02 3.100000000000000000e+01 5.500000000000000000e+01 1.206100000000000000e+04
-1.120385360717773438e+01 -4.468255043029785156e+00 1.473650988191366196e-02 3.800000000000000000e+01 4.482902000000000000e+07 5.310000000000000000e+02 3.100000000000000000e+01 5.600000000000000000e+01 1.206200000000000000e+04
-1.144149017333984375e+01 -4.481855392456054688e+00 1.501262094825506210e-02 3.200000000000000000e+01 4.492756000000000000e+07 4.610000000000000000e+02 3.100000000000000000e+01 5.500000000000000000e+01 1.228800000000000000e+04
-1.154717540740966797e+01 -4.441724777221679688e+00 1.511524617671966553e-02 4.400000000000000000e+01 4.502396800000000000e+07 6.650000000000000000e+02 3.100000000000000000e+01 6.400000000000000000e+01 1.237200000000000000e+04
-1.176131439208984375e+01 -4.441444873809814453e+00 1.535959262400865555e-02 3.200000000000000000e+01 4.512108000000000000e+07 4.960000000000000000e+02 3.100000000000000000e+01 7.500000000000000000e+01 1.257200000000000000e+04
-1.157737064361572266e+01 -4.291000366210937500e+00 1.508470252156257629e-02 2.500000000000000000e+01 4.521988000000000000e+07 3.720000000000000000e+02 3.100000000000000000e+01 7.000000000000000000e+01 1.234700000000000000e+04
-1.132060718536376953e+01 -4.117008209228515625e+00 1.471696235239505768e-02 5.100000000000000000e+01 4.531639200000000000e+07 7.320000000000000000e+02 3.100000000000000000e+01 6.500000000000000000e+01 1.204600000000000000e+04
-1.185991191864013672e+01 -4.230925559997558594e+00 1.538402773439884186e-02 2.400000000000000000e+01 4.541396800000000000e+07 3.720000000000000000e+02 3.100000000000000000e+01 6.500000000000000000e+01 1.259200000000000000e+04
-1.187998580932617188e+01 -4.156093120574951172e+00 1.537669636309146881e-02 2.900000000000000000e+01 4.551134000000000000e+07 4.360000000000000000e+02 3.100000000000000000e+01 5.700000000000000000e+01 1.258600000000000000e+04
-1.188823699951171875e+01 -4.077281475067138672e+00 1.535470597445964813e-02 2.500000000000000000e+01 4.561015200000000000e+07 3.720000000000000000e+02 3.100000000000000000e+01 5.400000000000000000e+01 1.256800000000000000e+04
-1.141633892059326172e+01 -3.837309360504150391e+00 1.471451856195926666e-02 3.200000000000000000e+01 4.570671200000000000e+07 4.570000000000000000e+02 3.100000000000000000e+01 6.000000000000000000e+01 1.204400000000000000e+04
-1.208269977569580078e+01 -3.978943586349487305e+00 1.554163079708814621e-02 2.500000000000000000e+01 4.580367200000000000e+07 3.830000000000000000e+02 3.100000000000000000e+01 4.000000000000000000e+01 1.272100000000000000e+04
-1.194509315490722656e+01 -3.852548837661743164e+00 1.533393654972314835e-02 3.400000000000000000e+01 4.590208000000000000e+07 5.280000000000000000e+02 3.100000000000000000e+01 5.800000000000000000e+01 1.255100000000000000e+04
-1.209724140167236328e+01 -3.819832086563110352e+00 1.549887005239725113e-02 4.600000000000000000e+01 4.599960000000000000e+07 7.170000000000000000e+02 3.100000000000000000e+01 5.500000000000000000e+01 1.268600000000000000e+04
-1.220070743560791016e+01 -3.770333528518676758e+00 1.560149528086185455e-02 3.600000000000000000e+01 4.609760000000000000e+07 5.770000000000000000e+02 3.100000000000000000e+01 6.800000000000000000e+01 1.277000000000000000e+04
-1.221786880493164062e+01 -3.693664312362670898e+00 1.559416484087705612e-02 6.300000000000000000e+01 4.619604000000000000e+07 1.018000000000000000e+03 3.100000000000000000e+01 5.800000000000000000e+01 1.276400000000000000e+04
-1.221440982818603516e+01 -3.610972642898559570e+00 1.556117739528417587e-02 2.400000000000000000e+01 4.629300800000000000e+07 3.650000000000000000e+02 3.100000000000000000e+01 5.500000000000000000e+01 1.273700000000000000e+04
-1.212297534942626953e+01 -3.503200054168701172e+00 1.541701331734657288e-02 4.300000000000000000e+01 4.639146000000000000e+07 6.740000000000000000e+02 3.100000000000000000e+01 8.100000000000000000e+01 1.261900000000000000e+04
-1.212499523162841797e+01 -3.423314809799194336e+00 1.539257913827896118e-02 2.500000000000000000e+01 4.648863200000000000e+07 3.870000000000000000e+02 3.100000000000000000e+01 6.900000000000000000e+01 1.259900000000000000e+04
-1.218818855285644531e+01 -3.360548257827758789e+00 1.544633507728576660e-02 3.100000000000000000e+01 4.658584000000000000e+07 4.740000000000000000e+02 3.100000000000000000e+01 4.100000000000000000e+01 1.264300000000000000e+04
-1.234087181091308594e+01 -3.321303606033325195e+00 1.561371237039566040e-02 3.300000000000000000e+01 4.668312000000000000e+07 5.160000000000000000e+02 3.100000000000000000e+01 4.900000000000000000e+01 1.278000000000000000e+04
-1.213275527954101562e+01 -3.185585975646972656e+00 1.532538421452045441e-02 2.800000000000000000e+01 4.678064000000000000e+07 4.180000000000000000e+02 3.100000000000000000e+01 4.700000000000000000e+01 1.254400000000000000e+04
-1.242816925048828125e+01 -3.181764602661132812e+00 1.567357778549194336e-02 2.000000000000000000e+01 4.687787200000000000e+07 3.060000000000000000e+02 3.100000000000000000e+01 4.500000000000000000e+01 1.282900000000000000e+04
-1.243387413024902344e+01 -3.102057933807373047e+00 1.565647311508655548e-02 3.700000000000000000e+01 4.697699200000000000e+07 5.990000000000000000e+02 3.100000000000000000e+01 6.000000000000000000e+01 1.281500000000000000e+04
-1.222917747497558594e+01 -2.971402406692504883e+00 1.537547539919614792e-02 2.400000000000000000e+01 4.707334000000000000e+07 3.590000000000000000e+02 3.100000000000000000e+01 3.800000000000000000e+01 1.258500000000000000e+04
-1.224912548065185547e+01 -2.896769762039184570e+00 1.537791825830936432e-02 3.900000000000000000e+01 4.717234000000000000e+07 5.950000000000000000e+02 3.100000000000000000e+01 5.400000000000000000e+01 1.258700000000000000e+04
-1.237679386138916016e+01 -2.846886634826660156e+00 1.551597379148006439e-02 1.900000000000000000e+01 4.726967200000000000e+07 2.840000000000000000e+02 3.100000000000000000e+01 4.500000000000000000e+01 1.270000000000000000e+04
-1.235304069519042969e+01 -2.761726856231689453e+00 1.546466164290904999e-02 3.200000000000000000e+01 4.736668800000000000e+07 4.930000000000000000e+02 3.100000000000000000e+01 3.000000000000000000e+01 1.265800000000000000e+04
-1.224271392822265625e+01 -2.658293724060058594e+00 1.530583668500185013e-02 2.700000000000000000e+01 4.746412000000000000e+07 4.160000000000000000e+02 3.100000000000000000e+01 5.900000000000000000e+01 1.252800000000000000e+04
-1.216485691070556641e+01 -2.563329458236694336e+00 1.518854964524507523e-02 2.800000000000000000e+01 4.756204800000000000e+07 4.100000000000000000e+02 3.100000000000000000e+01 5.700000000000000000e+01 1.243200000000000000e+04
-1.242137718200683594e+01 -2.537883520126342773e+00 1.548909582197666168e-02 2.600000000000000000e+01 4.765952000000000000e+07 3.950000000000000000e+02 3.100000000000000000e+01 4.800000000000000000e+01 1.267800000000000000e+04
-1.248282051086425781e+01 -2.470745325088500977e+00 1.554651651531457901e-02 3.800000000000000000e+01 4.775740800000000000e+07 5.950000000000000000e+02 3.100000000000000000e+01 3.100000000000000000e+01 1.272500000000000000e+04
-1.232292556762695312e+01 -2.360616445541381836e+00 1.532904990017414093e-02 4.800000000000000000e+01 4.785520800000000000e+07 7.320000000000000000e+02 3.100000000000000000e+01 5.700000000000000000e+01 1.254700000000000000e+04
-1.208349227905273438e+01 -2.237974882125854492e+00 1.501384284347295761e-02 4.700000000000000000e+01 4.795312800000000000e+07 7.010000000000000000e+02 3.100000000000000000e+01 6.900000000000000000e+01 1.228900000000000000e+04
-1.160776138305664062e+01 -2.076280593872070312e+00 1.440664287656545639e-02 1.330000000000000000e+02 4.805096800000000000e+07 1.842000000000000000e+03 3.100000000000000000e+01 6.300000000000000000e+01 1.179200000000000000e+04
-1.274762439727783203e+01 -2.199534177780151367e+00 1.580430194735527039e-02 3.400000000000000000e+01 4.814810000000000000e+07 5.450000000000000000e+02 3.100000000000000000e+01 5.200000000000000000e+01 1.293600000000000000e+04
-1.121805286407470703e+01 -1.864806532859802246e+00 1.389351673424243927e-02 7.600000000000000000e+01 4.824520800000000000e+07 9.750000000000000000e+02 3.100000000000000000e+01 6.600000000000000000e+01 1.137200000000000000e+04
-1.278254222869873047e+01 -2.044356822967529297e+00 1.581529714167118073e-02 5.300000000000000000e+01 4.834372000000000000e+07 8.800000000000000000e+02 3.100000000000000000e+01 5.900000000000000000e+01 1.294500000000000000e+04
-1.280374145507812500e+01 -1.967252969741821289e+00 1.582629233598709106e-02 4.600000000000000000e+01 4.843976000000000000e+07 7.630000000000000000e+02 3.100000000000000000e+01 6.100000000000000000e+01 1.295400000000000000e+04
-1.283832550048828125e+01 -1.892006993293762207e+00 1.585439220070838928e-02 2.100000000000000000e+01 4.853763200000000000e+07 3.290000000000000000e+02 3.100000000000000000e+01 5.500000000000000000e+01 1.297700000000000000e+04
-3.451733827590942383e+00 -1.097942590713500977e-01 1.024968773126602173e-01 1.690000000000000000e+02 4.863594000000000000e+07 1.990000000000000000e+02 2.800000000000000000e+01 4.000000000000000000e+01 3.455000000000000000e+03
-1.290316390991210938e+01 -1.820742130279541016e+00 1.592036709189414978e-02 2.900000000000000000e+01 4.863594000000000000e+07 4.680000000000000000e+02 3.100000000000000000e+01 5.300000000000000000e+01 1.303100000000000000e+04
-3.457338809967041016e+00 -8.874099701642990112e-02 1.026452109217643738e-01 2.490000000000000000e+02 4.873475200000000000e+07 2.960000000000000000e+02 2.800000000000000000e+01 5.800000000000000000e+01 3.460000000000000000e+03
-1.260489177703857422e+01 -1.699838042259216309e+00 1.553918700665235519e-02 4.100000000000000000e+01 4.873475200000000000e+07 6.410000000000000000e+02 3.100000000000000000e+01 4.500000000000000000e+01 1.271900000000000000e+04
-3.465812921524047852e+00 -6.768161803483963013e-02 1.028825417160987854e-01 3.120000000000000000e+02 4.883206000000000000e+07 3.720000000000000000e+02 2.800000000000000000e+01 1.030000000000000000e+02 3.468000000000000000e+03
-1.295726585388183594e+01 -1.666472911834716797e+00 1.596068404614925385e-02 3.100000000000000000e+01 4.883206000000000000e+07 5.050000000000000000e+02 3.100000000000000000e+01 4.800000000000000000e+01 1.306400000000000000e+04
-3.461165666580200195e+00 -4.634759575128555298e-02 1.027342081069946289e-01 1.820000000000000000e+02 4.892822000000000000e+07 2.160000000000000000e+02 2.800000000000000000e+01 6.500000000000000000e+01 3.463000000000000000e+03
-1.294838809967041016e+01 -1.584629178047180176e+00 1.593747176229953766e-02 5.300000000000000000e+01 4.892822000000000000e+07 8.770000000000000000e+02 3.100000000000000000e+01 5.400000000000000000e+01 1.304500000000000000e+04
-1.272046375274658203e+01 -1.477573394775390625e+00 1.564547792077064514e-02 4.600000000000000000e+01 4.902512800000000000e+07 7.330000000000000000e+02 3.100000000000000000e+01 3.600000000000000000e+01 1.280600000000000000e+04
-1.306625938415527344e+01 -1.436541557312011719e+00 1.605964452028274536e-02 3.200000000000000000e+01 4.912296800000000000e+07 5.440000000000000000e+02 3.100000000000000000e+01 6.000000000000000000e+01 1.314500000000000000e+04
-3.461614370346069336e+00 -1.077272891998291016e-01 7.012673467397689819e-02 6.300000000000000000e+01 4.921963200000000000e+07 7.400000000000000000e+01 2.900000000000000000e+01 2.900000000000000000e+01 3.464000000000000000e+03
-1.314345932006835938e+01 -1.363461136817932129e+00 1.614394411444664001e-02 2.400000000000000000e+01 4.921963200000000000e+07 3.960000000000000000e+02 3.100000000000000000e+01 3.700000000000000000e+01 1.321400000000000000e+04
-3.454214334487915039e+00 -8.628545701503753662e-02 6.996477395296096802e-02 7.100000000000000000e+01 4.931750000000000000e+07 8.300000000000000000e+01 2.900000000000000000e+01 2.800000000000000000e+01 3.456000000000000000e+03
-1.316750240325927734e+01 -1.284341931343078613e+00 1.616349071264266968e-02 4.400000000000000000e+01 4.931750000000000000e+07 7.460000000000000000e+02 3.100000000000000000e+01 4.400000000000000000e+01 1.323000000000000000e+04
-3.459676980972290039e+00 -6.518334895372390747e-02 7.006599754095077515e-02 1.330000000000000000e+02 4.941431200000000000e+07 1.580000000000000000e+02 2.900000000000000000e+01 3.900000000000000000e+01 3.461000000000000000e+03
-1.316915988922119141e+01 -1.202977776527404785e+00 1.615616120398044586e-02 2.800000000000000000e+01 4.941431200000000000e+07 4.640000000000000000e+02 3.100000000000000000e+01 5.500000000000000000e+01 1.322400000000000000e+04
-3.469009160995483398e+00 -4.406823962926864624e-02 7.024820148944854736e-02 3.400000000000000000e+01 4.951267200000000000e+07 3.900000000000000000e+01 2.900000000000000000e+01 4.700000000000000000e+01 3.470000000000000000e+03
-1.306370162963867188e+01 -1.112561821937561035e+00 1.601810567080974579e-02 3.300000000000000000e+01 4.951267200000000000e+07 5.570000000000000000e+02 3.100000000000000000e+01 6.800000000000000000e+01 1.311100000000000000e+04
-1.319389629364013672e+01 -1.042147397994995117e+00 1.616960018873214722e-02 4.600000000000000000e+01 4.961064800000000000e+07 7.970000000000000000e+02 3.100000000000000000e+01 5.800000000000000000e+01 1.323500000000000000e+04
-3.462488651275634766e+00 -1.266422122716903687e-01 3.688945621252059937e-02 1.020000000000000000e+02 4.970828800000000000e+07 1.210000000000000000e+02 3.000000000000000000e+01 5.200000000000000000e+01 3.465000000000000000e+03
-1.321201133728027344e+01 -9.620431065559387207e-01 1.618426106870174408e-02 3.500000000000000000e+01 4.970828800000000000e+07 5.900000000000000000e+02 3.100000000000000000e+01 4.600000000000000000e+01 1.324700000000000000e+04
-3.512440919876098633e+00 -1.087337657809257507e-01 1.651071757078170776e-01 4.200000000000000000e+01 4.980515200000000000e+07 5.000000000000000000e+01 2.600000000000000000e+01 4.600000000000000000e+01 3.518000000000000000e+03
-3.465199470520019531e+00 -1.054552420973777771e-01 3.691074997186660767e-02 1.860000000000000000e+02 4.980515200000000000e+07 2.210000000000000000e+02 3.000000000000000000e+01 5.600000000000000000e+01 3.467000000000000000e+03
-1.324460506439208984e+01 -8.827531337738037109e-01 1.621724665164947510e-02 2.900000000000000000e+01 4.980515200000000000e+07 4.880000000000000000e+02 3.100000000000000000e+01 3.800000000000000000e+01 1.327400000000000000e+04
-3.463112592697143555e+00 -8.594073355197906494e-02 1.627605706453323364e-01 1.650000000000000000e+02 4.990200800000000000e+07 1.970000000000000000e+02 2.600000000000000000e+01 5.200000000000000000e+01 3.468000000000000000e+03
-3.459783315658569336e+00 -8.404548466205596924e-02 3.684687241911888123e-02 1.930000000000000000e+02 4.990200800000000000e+07 2.290000000000000000e+02 3.000000000000000000e+01 7.700000000000000000e+01 3.461000000000000000e+03
-1.329968070983886719e+01 -8.044881224632263184e-01 1.627833396196365356e-02 4.000000000000000000e+01 4.990200800000000000e+07 6.840000000000000000e+02 3.100000000000000000e+01 5.300000000000000000e+01 1.332400000000000000e+04
-3.435610294342041016e+00 -6.416755914688110352e-02 1.614464670419692993e-01 9.900000000000000000e+01 4.999980000000000000e+07 1.150000000000000000e+02 2.600000000000000000e+01 4.500000000000000000e+01 3.440000000000000000e+03
-3.463233232498168945e+00 -6.286951899528503418e-02 3.687880933284759521e-02 1.970000000000000000e+02 4.999980000000000000e+07 2.360000000000000000e+02 3.000000000000000000e+01 5.900000000000000000e+01 3.464000000000000000e+03
-1.339223766326904297e+01 -7.276419401168823242e-01 1.638584583997726440e-02 3.600000000000000000e+01 4.999980000000000000e+07 6.210000000000000000e+02 3.100000000000000000e+01 5.600000000000000000e+01 1.341200000000000000e+04
-3.480551719665527344e+00 -4.182258620858192444e-02 3.705979883670806885e-02 1.400000000000000000e+02 5.009736800000000000e+07 1.680000000000000000e+02 3.000000000000000000e+01 5.200000000000000000e+01 3.481000000000000000e+03
-1.349933052062988281e+01 -6.504119038581848145e-01 1.651168428361415863e-02 4.600000000000000000e+01 5.009736800000000000e+07 8.160000000000000000e+02 3.100000000000000000e+01 3.900000000000000000e+01 1.351500000000000000e+04
-3.472930908203125000e+00 -1.459763944149017334e-01 4.246734082698822021e-03 1.900000000000000000e+01 5.019495200000000000e+07 2.200000000000000000e+01 3.100000000000000000e+01 6.200000000000000000e+01 3.476000000000000000e+03
-3.497745990753173828e+00 -1.255248785018920898e-01 4.276055842638015747e-03 1.000000000000000000e+02 5.029371200000000000e+07 1.210000000000000000e+02 3.100000000000000000e+01 4.600000000000000000e+01 3.500000000000000000e+03
-3.514931440353393555e+00 -1.057790294289588928e-01 1.320180147886276245e-01 9.700000000000000000e+01 5.039108000000000000e+07 1.190000000000000000e+02 2.700000000000000000e+01 3.000000000000000000e+01 3.519000000000000000e+03
-3.488454818725585938e+00 -1.037634387612342834e-01 4.263838753104209900e-03 1.110000000000000000e+02 5.039108000000000000e+07 1.330000000000000000e+02 3.100000000000000000e+01 5.100000000000000000e+01 3.490000000000000000e+03
-3.487542152404785156e+00 -8.353978395462036133e-02 1.309675723314285278e-01 1.390000000000000000e+02 5.048744000000000000e+07 1.680000000000000000e+02 2.700000000000000000e+01 5.700000000000000000e+01 3.491000000000000000e+03
-3.466032266616821289e+00 -8.181397616863250732e-02 4.235738888382911682e-03 1.440000000000000000e+02 5.048744000000000000e+07 1.710000000000000000e+02 3.100000000000000000e+01 5.400000000000000000e+01 3.467000000000000000e+03
-3.463010549545288086e+00 -6.169405579566955566e-02 1.300296783447265625e-01 9.000000000000000000e+01 5.058496800000000000e+07 1.060000000000000000e+02 2.700000000000000000e+01 3.800000000000000000e+01 3.466000000000000000e+03
-3.469468593597412109e+00 -6.059765443205833435e-02 4.239404108375310898e-03 1.100000000000000000e+02 5.058496800000000000e+07 1.310000000000000000e+02 3.100000000000000000e+01 4.700000000000000000e+01 3.470000000000000000e+03
-3.472774505615234375e+00 -3.934223949909210205e-02 4.243068862706422806e-03 5.800000000000000000e+01 5.068284000000000000e+07 6.800000000000000000e+01 3.100000000000000000e+01 5.100000000000000000e+01 3.473000000000000000e+03
-1.384180450439453125e+01 -7.187219709157943726e-02 1.691119000315666199e-02 3.200000000000000000e+01 5.077904800000000000e+07 5.840000000000000000e+02 3.100000000000000000e+01 5.700000000000000000e+01 1.384200000000000000e+04
-1.410298347473144531e+01 1.330713741481304169e-02 1.723006181418895721e-02 2.700000000000000000e+01 5.087668000000000000e+07 5.090000000000000000e+02 3.100000000000000000e+01 4.800000000000000000e+01 1.410300000000000000e+04
-1.413463592529296875e+01 1.000677049160003662e-01 1.726915687322616577e-02 3.400000000000000000e+01 5.097452000000000000e+07 6.680000000000000000e+02 3.100000000000000000e+01 6.300000000000000000e+01 1.413500000000000000e+04
-1.353080844879150391e+01 1.788256615400314331e-01 1.653245277702808380e-02 7.300000000000000000e+01 5.107255200000000000e+07 1.326000000000000000e+03 3.100000000000000000e+01 6.800000000000000000e+01 1.353200000000000000e+04
-1.423732376098632812e+01 2.755456566810607910e-01 1.739743910729885101e-02 2.500000000000000000e+01 5.116926000000000000e+07 4.790000000000000000e+02 3.100000000000000000e+01 4.500000000000000000e+01 1.424000000000000000e+04
-1.417238616943359375e+01 3.612935245037078857e-01 1.732046902179718018e-02 3.800000000000000000e+01 5.126663200000000000e+07 7.520000000000000000e+02 3.100000000000000000e+01 6.500000000000000000e+01 1.417700000000000000e+04
-1.418789291381835938e+01 4.488159716129302979e-01 1.734246127307415009e-02 6.800000000000000000e+01 5.136504000000000000e+07 1.359000000000000000e+03 3.100000000000000000e+01 6.400000000000000000e+01 1.419500000000000000e+04
-1.444068908691406250e+01 5.455268025398254395e-01 1.765522360801696777e-02 2.700000000000000000e+01 5.146210000000000000e+07 5.340000000000000000e+02 3.100000000000000000e+01 4.700000000000000000e+01 1.445100000000000000e+04
-1.423326683044433594e+01 6.251712441444396973e-01 1.740599051117897034e-02 5.000000000000000000e+01 5.155952000000000000e+07 1.004000000000000000e+03 3.100000000000000000e+01 6.300000000000000000e+01 1.424700000000000000e+04
-1.315550899505615234e+01 6.587323546409606934e-01 1.609263010323047638e-02 7.800000000000000000e+01 5.165812800000000000e+07 1.341000000000000000e+03 3.100000000000000000e+01 8.000000000000000000e+01 1.317200000000000000e+04
-1.430539608001708984e+01 8.043354153633117676e-01 1.750495098531246185e-02 5.500000000000000000e+01 5.175499200000000000e+07 1.117000000000000000e+03 3.100000000000000000e+01 6.600000000000000000e+01 1.432800000000000000e+04
-1.399678134918212891e+01 8.731687664985656738e-01 1.713354513049125671e-02 9.100000000000000000e+01 5.185323200000000000e+07 1.775000000000000000e+03 3.100000000000000000e+01 8.800000000000000000e+01 1.402400000000000000e+04
-1.457778263092041016e+01 9.992454051971435547e-01 1.785192266106605530e-02 3.200000000000000000e+01 5.195046000000000000e+07 6.530000000000000000e+02 3.100000000000000000e+01 4.600000000000000000e+01 1.461200000000000000e+04
-1.442478656768798828e+01 1.077721953392028809e+00 1.767232827842235565e-02 3.800000000000000000e+01 5.204644800000000000e+07 7.670000000000000000e+02 3.100000000000000000e+01 4.200000000000000000e+01 1.446500000000000000e+04
-1.460728263854980469e+01 1.181528806686401367e+00 1.790445670485496521e-02 1.900000000000000000e+01 5.214464000000000000e+07 3.770000000000000000e+02 3.100000000000000000e+01 5.000000000000000000e+01 1.465500000000000000e+04
-1.430587005615234375e+01 1.245547652244567871e+00 1.754404604434967041e-02 1.190000000000000000e+02 5.224299200000000000e+07 2.425000000000000000e+03 3.100000000000000000e+01 4.500000000000000000e+01 1.436000000000000000e+04
-1.425414848327636719e+01 1.329218029975891113e+00 1.749029010534286499e-02 3.900000000000000000e+01 5.233976000000000000e+07 7.820000000000000000e+02 3.100000000000000000e+01 9.600000000000000000e+01 1.431600000000000000e+04
-1.437309551239013672e+01 1.429321169853210449e+00 1.764667034149169922e-02 3.200000000000000000e+01 5.243790000000000000e+07 6.560000000000000000e+02 3.100000000000000000e+01 6.400000000000000000e+01 1.444400000000000000e+04
-1.440582275390625000e+01 1.521898508071899414e+00 1.769798435270786285e-02 5.400000000000000000e+01 5.253430000000000000e+07 1.103000000000000000e+03 3.100000000000000000e+01 5.200000000000000000e+01 1.448600000000000000e+04
-1.439025020599365234e+01 1.609595298767089844e+00 1.769065298140048981e-02 2.500000000000000000e+01 5.263182000000000000e+07 4.940000000000000000e+02 3.100000000000000000e+01 5.000000000000000000e+01 1.448000000000000000e+04
-1.440294456481933594e+01 1.700558781623840332e+00 1.771875284612178802e-02 5.900000000000000000e+01 5.272996000000000000e+07 1.228000000000000000e+03 3.100000000000000000e+01 6.900000000000000000e+01 1.450300000000000000e+04
-1.454506301879882812e+01 1.807897090911865234e+00 1.790690049529075623e-02 3.300000000000000000e+01 5.282704000000000000e+07 6.980000000000000000e+02 3.100000000000000000e+01 5.800000000000000000e+01 1.465700000000000000e+04
-1.460905647277832031e+01 1.906946897506713867e+00 1.799975149333477020e-02 5.000000000000000000e+01 5.292498000000000000e+07 1.054000000000000000e+03 3.100000000000000000e+01 5.300000000000000000e+01 1.473300000000000000e+04
-1.443756580352783203e+01 1.974732398986816406e+00 1.780305244028568268e-02 5.500000000000000000e+01 5.302251200000000000e+07 1.139000000000000000e+03 3.100000000000000000e+01 4.400000000000000000e+01 1.457200000000000000e+04
-1.445289516448974609e+01 2.067246913909912109e+00 1.783726178109645844e-02 7.800000000000000000e+01 5.312038000000000000e+07 1.651000000000000000e+03 3.100000000000000000e+01 6.200000000000000000e+01 1.460000000000000000e+04
-1.445477485656738281e+01 2.158104419708251953e+00 1.785558648407459259e-02 3.200000000000000000e+01 5.321642000000000000e+07 6.550000000000000000e+02 3.100000000000000000e+01 4.100000000000000000e+01 1.461500000000000000e+04
-1.457070255279541016e+01 2.266895055770874023e+00 1.801563426852226257e-02 5.000000000000000000e+01 5.331380000000000000e+07 1.059000000000000000e+03 3.100000000000000000e+01 3.600000000000000000e+01 1.474600000000000000e+04
-1.466510677337646484e+01 2.373833656311035156e+00 1.815002411603927612e-02 8.400000000000000000e+01 5.341036000000000000e+07 1.821000000000000000e+03 3.100000000000000000e+01 5.700000000000000000e+01 1.485600000000000000e+04
-1.464927864074707031e+01 2.463606357574462891e+00 1.814880222082138062e-02 2.800000000000000000e+01 5.350887200000000000e+07 6.060000000000000000e+02 3.100000000000000000e+01 6.100000000000000000e+01 1.485500000000000000e+04
-1.461024284362792969e+01 2.549320936203002930e+00 1.811948046088218689e-02 4.000000000000000000e+01 5.360500800000000000e+07 8.500000000000000000e+02 3.100000000000000000e+01 4.200000000000000000e+01 1.483100000000000000e+04
-1.461499023437500000e+01 2.642656087875366211e+00 1.814513653516769409e-02 1.170000000000000000e+02 5.370315200000000000e+07 2.569000000000000000e+03 3.100000000000000000e+01 6.000000000000000000e+01 1.485200000000000000e+04
-1.465157985687255859e+01 2.742216825485229492e+00 1.821111142635345459e-02 6.900000000000000000e+01 5.380099200000000000e+07 1.500000000000000000e+03 3.100000000000000000e+01 5.600000000000000000e+01 1.490600000000000000e+04
-1.452353668212890625e+01 2.810595989227294922e+00 1.807305589318275452e-02 9.700000000000000000e+01 5.389892000000000000e+07 2.092000000000000000e+03 3.100000000000000000e+01 4.900000000000000000e+01 1.479300000000000000e+04
-1.438148021697998047e+01 2.874763727188110352e+00 1.791789568960666656e-02 1.490000000000000000e+02 5.399696000000000000e+07 3.190000000000000000e+03 3.100000000000000000e+01 7.900000000000000000e+01 1.466600000000000000e+04
-1.451929187774658203e+01 2.995075464248657227e+00 1.811215095221996307e-02 6.800000000000000000e+01 5.409572000000000000e+07 1.481000000000000000e+03 3.100000000000000000e+01 7.000000000000000000e+01 1.482500000000000000e+04
-1.464931488037109375e+01 3.115728855133056641e+00 1.829785294830799103e-02 5.800000000000000000e+01 5.419324800000000000e+07 1.288000000000000000e+03 3.100000000000000000e+01 6.500000000000000000e+01 1.497700000000000000e+04
-1.434371280670166016e+01 3.142845392227172852e+00 1.793988794088363647e-02 8.100000000000000000e+01 5.429047200000000000e+07 1.733000000000000000e+03 3.100000000000000000e+01 7.200000000000000000e+01 1.468400000000000000e+04
-1.421880531311035156e+01 3.207035303115844727e+00 1.780794002115726471e-02 1.710000000000000000e+02 5.438831200000000000e+07 3.615000000000000000e+03 3.100000000000000000e+01 9.700000000000000000e+01 1.457600000000000000e+04
-1.458169078826904297e+01 3.383038997650146484e+00 1.828807964920997620e-02 3.600000000000000000e+01 5.448496800000000000e+07 7.920000000000000000e+02 3.100000000000000000e+01 7.800000000000000000e+01 1.496900000000000000e+04
-1.448673152923583984e+01 3.454816818237304688e+00 1.819522865116596222e-02 7.100000000000000000e+01 5.458376000000000000e+07 1.561000000000000000e+03 3.100000000000000000e+01 7.400000000000000000e+01 1.489300000000000000e+04
-1.480449104309082031e+01 5.363534927368164062e+00 3.999006509780883789e+00 2.850000000000000000e+02 5.468012000000000000e+07 7.475000000000000000e+03 4.000000000000000000e+00 9.000000000000000000e+01 1.624600000000000000e+04
-1.481880569458007812e+01 3.630250930786132812e+00 1.863993890583515167e-02 4.300000000000000000e+01 5.468012000000000000e+07 9.890000000000000000e+02 3.100000000000000000e+01 6.000000000000000000e+01 1.525700000000000000e+04
-1.479528236389160156e+01 3.720865011215209961e+00 1.863871701061725616e-02 9.500000000000000000e+01 5.477678000000000000e+07 2.179000000000000000e+03 3.100000000000000000e+01 4.400000000000000000e+01 1.525600000000000000e+04
-7.140578269958496094e+00 2.404197454452514648e+00 1.525620818138122559e-01 1.200000000000000000e+01 5.487574000000000000e+07 6.000000000000000000e+01 2.900000000000000000e+01 5.500000000000000000e+01 7.536000000000000000e+03
-1.459594440460205078e+01 3.766105890274047852e+00 1.841636188328266144e-02 6.200000000000000000e+01 5.487574000000000000e+07 1.394000000000000000e+03 3.100000000000000000e+01 7.500000000000000000e+01 1.507400000000000000e+04
-6.965893745422363281e+00 2.393068790435791016e+00 1.491407752037048340e-01 2.450000000000000000e+02 5.497292000000000000e+07 1.322000000000000000e+03 2.900000000000000000e+01 4.600000000000000000e+01 7.367000000000000000e+03
-1.486741542816162109e+01 3.933606386184692383e+00 1.878898963332176208e-02 6.400000000000000000e+01 5.497292000000000000e+07 1.500000000000000000e+03 3.100000000000000000e+01 6.500000000000000000e+01 1.537900000000000000e+04
-1.473393821716308594e+01 3.995184421539306641e+00 1.865093410015106201e-02 5.100000000000000000e+01 5.506987200000000000e+07 1.155000000000000000e+03 3.100000000000000000e+01 5.300000000000000000e+01 1.526600000000000000e+04
-1.499361801147460938e+01 5.322130203247070312e+00 3.869657993316650391e+00 5.900000000000000000e+01 5.516888000000000000e+07 1.566000000000000000e+03 5.000000000000000000e+00 6.700000000000000000e+01 1.637400000000000000e+04
-1.441430854797363281e+01 4.003623008728027344e+00 1.827708445489406586e-02 7.000000000000000000e+01 5.516888000000000000e+07 1.553000000000000000e+03 3.100000000000000000e+01 7.300000000000000000e+01 1.496000000000000000e+04
-1.452667999267578125e+01 5.256971836090087891e+00 3.757401466369628906e+00 2.100000000000000000e+02 5.526606000000000000e+07 5.247000000000000000e+03 5.000000000000000000e+00 5.000000000000000000e+01 1.589900000000000000e+04
-1.479922485351562500e+01 4.208515167236328125e+00 1.879754103720188141e-02 4.300000000000000000e+01 5.526606000000000000e+07 9.830000000000000000e+02 3.100000000000000000e+01 5.700000000000000000e+01 1.538600000000000000e+04
-1.448685646057128906e+01 5.343316555023193359e+00 3.755510807037353516e+00 2.360000000000000000e+02 5.536352800000000000e+07 5.922000000000000000e+03 5.000000000000000000e+00 5.800000000000000000e+01 1.589100000000000000e+04
-1.473567771911621094e+01 4.288344860076904297e+00 1.874989457428455353e-02 6.200000000000000000e+01 5.536352800000000000e+07 1.448000000000000000e+03 3.100000000000000000e+01 6.100000000000000000e+01 1.534700000000000000e+04
-1.438376235961914062e+01 5.405784606933593750e+00 3.737313508987426758e+00 1.350000000000000000e+02 5.546208800000000000e+07 3.361000000000000000e+03 5.000000000000000000e+00 7.100000000000000000e+01 1.581400000000000000e+04
-6.946703433990478516e+00 2.344237089157104492e+00 7.805872708559036255e-02 2.100000000000000000e+02 5.546208800000000000e+07 1.126000000000000000e+03 3.000000000000000000e+01 6.300000000000000000e+01 7.332000000000000000e+03
-1.448768901824951172e+01 4.312773704528808594e+00 1.846767403185367584e-02 6.400000000000000000e+01 5.546208800000000000e+07 1.449000000000000000e+03 3.100000000000000000e+01 7.000000000000000000e+01 1.511600000000000000e+04
-6.933134078979492188e+00 2.387142658233642578e+00 7.806937396526336670e-02 2.320000000000000000e+02 5.555834000000000000e+07 1.235000000000000000e+03 3.000000000000000000e+01 4.700000000000000000e+01 7.333000000000000000e+03
-1.469055271148681641e+01 4.471471786499023438e+00 1.876088976860046387e-02 8.200000000000000000e+01 5.555834000000000000e+07 1.921000000000000000e+03 3.100000000000000000e+01 6.100000000000000000e+01 1.535600000000000000e+04
-1.488723182678222656e+01 4.631334304809570312e+00 1.904799602925777435e-02 1.080000000000000000e+02 5.565519200000000000e+07 2.611000000000000000e+03 3.100000000000000000e+01 6.600000000000000000e+01 1.559100000000000000e+04
-1.489188957214355469e+01 4.733195304870605469e+00 1.909075677394866943e-02 2.200000000000000000e+01 5.575324000000000000e+07 5.040000000000000000e+02 3.100000000000000000e+01 4.100000000000000000e+01 1.562600000000000000e+04
-1.492998409271240234e+01 5.399789810180664062e+00 3.700411796569824219e+00 3.440000000000000000e+02 5.585080800000000000e+07 9.080000000000000000e+03 6.000000000000000000e+00 3.500000000000000000e+01 1.630200000000000000e+04
-1.454110813140869141e+01 5.360263347625732422e+00 3.612112522125244141e+00 1.560000000000000000e+02 5.594756800000000000e+07 3.920000000000000000e+03 6.000000000000000000e+00 2.300000000000000000e+01 1.591300000000000000e+04
-1.434201431274414062e+01 5.387059211730957031e+00 3.570800065994262695e+00 1.610000000000000000e+02 5.604326000000000000e+07 3.950000000000000000e+03 6.000000000000000000e+00 4.200000000000000000e+01 1.573100000000000000e+04
-6.935059547424316406e+00 2.345617532730102539e+00 8.944286964833736420e-03 1.760000000000000000e+02 5.604326000000000000e+07 9.300000000000000000e+02 3.100000000000000000e+01 5.000000000000000000e+01 7.321000000000000000e+03
-6.919590473175048828e+00 2.387799739837646484e+00 8.943065069615840912e-03 2.380000000000000000e+02 5.614146000000000000e+07 1.261000000000000000e+03 3.100000000000000000e+01 7.400000000000000000e+01 7.320000000000000000e+03
-1.456990242004394531e+01 5.128014564514160156e+00 1.887084543704986572e-02 7.100000000000000000e+01 5.623915200000000000e+07 1.672000000000000000e+03 3.100000000000000000e+01 1.080000000000000000e+02 1.544600000000000000e+04
-1.453910446166992188e+01 5.217654705047607422e+00 1.887206733226776123e-02 7.400000000000000000e+01 5.633626000000000000e+07 1.749000000000000000e+03 3.100000000000000000e+01 8.300000000000000000e+01 1.544700000000000000e+04
-1.477280807495117188e+01 5.331101894378662109e+00 4.128999233245849609e+00 3.880000000000000000e+02 5.643410000000000000e+07 1.017000000000000000e+04 3.000000000000000000e+00 4.200000000000000000e+01 1.623900000000000000e+04
-1.456504249572753906e+01 5.328066825866699219e+00 1.894781365990638733e-02 1.220000000000000000e+02 5.643410000000000000e+07 2.911000000000000000e+03 3.100000000000000000e+01 1.130000000000000000e+02 1.550900000000000000e+04
-1.464264297485351562e+01 5.458553791046142578e+00 1.909197866916656494e-02 7.100000000000000000e+01 5.653268800000000000e+07 1.710000000000000000e+03 3.100000000000000000e+01 1.120000000000000000e+02 1.562700000000000000e+04
-1.498216056823730469e+01 6.114869117736816406e+00 1.977003924548625946e-02 1.430000000000000000e+02 5.701976800000000000e+07 3.731000000000000000e+03 3.100000000000000000e+01 6.000000000000000000e+01 1.618200000000000000e+04
-1.481200504302978516e+01 6.473899841308593750e+00 1.974926888942718506e-02 7.900000000000000000e+01 5.741014000000000000e+07 2.045000000000000000e+03 3.100000000000000000e+01 8.300000000000000000e+01 1.616500000000000000e+04
-1.481952190399169922e+01 6.585780143737792969e+00 1.981279999017715454e-02 1.790000000000000000e+02 5.750700800000000000e+07 4.665000000000000000e+03 3.100000000000000000e+01 7.200000000000000000e+01 1.621700000000000000e+04
-1.490550613403320312e+01 6.733813762664794922e+00 1.998261921107769012e-02 9.700000000000000000e+01 5.760468800000000000e+07 2.578000000000000000e+03 3.100000000000000000e+01 7.200000000000000000e+01 1.635600000000000000e+04
-1.484391498565673828e+01 6.815965175628662109e+00 1.995574310421943665e-02 8.800000000000000000e+01 5.770330000000000000e+07 2.326000000000000000e+03 3.100000000000000000e+01 9.200000000000000000e+01 1.633400000000000000e+04
-1.480906295776367188e+01 6.910300254821777344e+00 1.996551640331745148e-02 1.110000000000000000e+02 5.780082000000000000e+07 2.925000000000000000e+03 3.100000000000000000e+01 5.500000000000000000e+01 1.634200000000000000e+04
-1.452964305877685547e+01 6.888793468475341797e+00 1.964542083442211151e-02 1.510000000000000000e+02 5.789870000000000000e+07 3.879000000000000000e+03 3.100000000000000000e+01 1.130000000000000000e+02 1.608000000000000000e+04
-1.468530845642089844e+01 7.073284149169921875e+00 1.991420239210128784e-02 1.370000000000000000e+02 5.799684000000000000e+07 3.616000000000000000e+03 3.100000000000000000e+01 1.020000000000000000e+02 1.630000000000000000e+04
-1.458863449096679688e+01 7.137330055236816406e+00 1.984212175011634827e-02 2.160000000000000000e+02 5.809515200000000000e+07 5.652000000000000000e+03 3.100000000000000000e+01 8.300000000000000000e+01 1.624100000000000000e+04
-1.452754974365234375e+01 7.218255043029785156e+00 1.981890760362148285e-02 1.380000000000000000e+02 5.819267200000000000e+07 3.615000000000000000e+03 3.100000000000000000e+01 7.000000000000000000e+01 1.622200000000000000e+04
-1.442763137817382812e+01 7.279330253601074219e+00 1.974315941333770752e-02 1.920000000000000000e+02 5.829010000000000000e+07 4.968000000000000000e+03 3.100000000000000000e+01 8.800000000000000000e+01 1.616000000000000000e+04
-1.442185592651367188e+01 7.387780666351318359e+00 1.979691721498966217e-02 1.590000000000000000e+02 5.838711200000000000e+07 4.158000000000000000e+03 3.100000000000000000e+01 7.300000000000000000e+01 1.620400000000000000e+04
-1.437448120117187500e+01 7.475210189819335938e+00 1.979447342455387115e-02 2.080000000000000000e+02 5.848448000000000000e+07 5.439000000000000000e+03 3.100000000000000000e+01 9.100000000000000000e+01 1.620200000000000000e+04
-1.432392024993896484e+01 7.560935020446777344e+00 1.978836394846439362e-02 1.740000000000000000e+02 5.858212800000000000e+07 4.517000000000000000e+03 3.100000000000000000e+01 9.300000000000000000e+01 1.619700000000000000e+04
-1.425522136688232422e+01 7.636877059936523438e+00 1.975782215595245361e-02 1.740000000000000000e+02 5.867892800000000000e+07 4.506000000000000000e+03 3.100000000000000000e+01 8.400000000000000000e+01 1.617200000000000000e+04
-9.116404533386230469e+00 5.391561031341552734e+00 1.127656996250152588e-01 2.430000000000000000e+02 5.877651200000000000e+07 2.719000000000000000e+03 3.000000000000000000e+01 7.000000000000000000e+01 1.059200000000000000e+04
-1.441192054748535156e+01 7.835011482238769531e+00 2.004126273095607758e-02 1.800000000000000000e+02 5.877651200000000000e+07 4.799000000000000000e+03 3.100000000000000000e+01 7.800000000000000000e+01 1.640400000000000000e+04
-1.437933540344238281e+01 7.931987762451171875e+00 2.006325311958789825e-02 1.840000000000000000e+02 5.887460000000000000e+07 4.939000000000000000e+03 3.100000000000000000e+01 9.900000000000000000e+01 1.642200000000000000e+04
-9.136658668518066406e+00 5.336559295654296875e+00 1.292712707072496414e-02 1.400000000000000000e+02 5.926574000000000000e+07 1.554000000000000000e+03 3.100000000000000000e+01 1.340000000000000000e+02 1.058100000000000000e+04
-9.077931404113769531e+00 5.377231121063232422e+00 1.289047580212354660e-02 3.600000000000000000e+02 5.936270000000000000e+07 3.991000000000000000e+03 3.100000000000000000e+01 6.300000000000000000e+01 1.055100000000000000e+04
-4.040613174438476562e+00 5.115271091461181641e+00 6.940328329801559448e-02 3.620000000000000000e+02 6.463868800000000000e+07 1.530000000000000000e+03 3.000000000000000000e+01 1.060000000000000000e+02 6.519000000000000000e+03
-3.999310255050659180e+00 5.127351760864257812e+00 6.923294067382812500e-02 8.500000000000000000e+01 6.473760000000000000e+07 3.570000000000000000e+02 3.000000000000000000e+01 1.880000000000000000e+02 6.503000000000000000e+03
-4.032987117767333984e+00 5.112836360931396484e+00 7.955906912684440613e-03 1.900000000000000000e+01 6.522600800000000000e+07 7.500000000000000000e+01 3.100000000000000000e+01 2.700000000000000000e+01 6.512000000000000000e+03
-1.573149681091308594e+00 3.214081764221191406e+00 1.062051579356193542e-01 2.040000000000000000e+02 6.688368800000000000e+07 2.590000000000000000e+02 2.800000000000000000e+01 1.040000000000000000e+02 3.580000000000000000e+03
-1.546022415161132812e+00 3.208365917205810547e+00 1.057008355855941772e-01 1.920000000000000000e+02 6.698172000000000000e+07 2.420000000000000000e+02 2.800000000000000000e+01 7.300000000000000000e+01 3.563000000000000000e+03
-1.592346429824829102e+00 3.208903551101684570e+00 7.253582030534744263e-02 8.200000000000000000e+01 6.737264800000000000e+07 1.040000000000000000e+02 2.900000000000000000e+01 7.900000000000000000e+01 3.583000000000000000e+03
-1.572188138961791992e+00 3.217715263366699219e+00 7.251557707786560059e-02 3.470000000000000000e+02 6.747079200000000000e+07 4.410000000000000000e+02 2.900000000000000000e+01 5.700000000000000000e+01 3.582000000000000000e+03
-1.549381256103515625e+00 3.220994710922241211e+00 7.237386703491210938e-02 2.860000000000000000e+02 6.756827200000000000e+07 3.630000000000000000e+02 2.900000000000000000e+01 8.100000000000000000e+01 3.575000000000000000e+03
-1.590376615524291992e+00 3.210473060607910156e+00 3.814572095870971680e-02 1.390000000000000000e+02 6.796124800000000000e+07 1.780000000000000000e+02 3.000000000000000000e+01 6.200000000000000000e+01 3.583000000000000000e+03
-1.571962714195251465e+00 3.222867250442504883e+00 3.817766159772872925e-02 2.710000000000000000e+02 6.805935200000000000e+07 3.460000000000000000e+02 3.000000000000000000e+01 9.000000000000000000e+01 3.586000000000000000e+03
-1.546963810920715332e+00 3.221634864807128906e+00 3.804990276694297791e-02 2.580000000000000000e+02 6.815681600000000000e+07 3.290000000000000000e+02 3.000000000000000000e+01 8.200000000000000000e+01 3.574000000000000000e+03
-1.507084131240844727e+00 3.188576221466064453e+00 3.754952922463417053e-02 5.900000000000000000e+01 6.825430400000000000e+07 7.300000000000000000e+01 3.000000000000000000e+01 8.300000000000000000e+01 3.527000000000000000e+03
-1.525756835937500000e+00 3.085354804992675781e+00 4.205195233225822449e-03 1.000000000000000000e+01 6.854766400000000000e+07 1.000000000000000000e+01 3.100000000000000000e+01 3.200000000000000000e+01 3.442000000000000000e+03
-1.573337316513061523e+00 3.231319665908813477e+00 4.390898160636425018e-03 2.300000000000000000e+01 6.864497600000000000e+07 2.800000000000000000e+01 3.100000000000000000e+01 1.900000000000000000e+01 3.594000000000000000e+03
-1.480863928794860840e+00 3.089417695999145508e+00 4.185647703707218170e-03 1.000000000000000000e+01 6.874384000000000000e+07 1.000000000000000000e+01 3.100000000000000000e+01 1.600000000000000000e+01 3.426000000000000000e+03
-1.087265014648437500e-01 7.308048605918884277e-01 1.496063917875289917e-02 5.400000000000000000e+01 7.236400000000000000e+07 3.000000000000000000e+00 2.900000000000000000e+01 3.300000000000000000e+01 7.390000000000000000e+02
-9.732057154178619385e-02 7.142525315284729004e-01 1.459623873233795166e-02 6.600000000000000000e+01 7.255848000000000000e+07 3.000000000000000000e+00 2.900000000000000000e+01 2.400000000000000000e+01 7.210000000000000000e+02
-1.088842377066612244e-01 6.550111770629882812e-01 8.112288778647780418e-04 5.000000000000000000e+01 7.323806400000000000e+07 2.000000000000000000e+00 3.100000000000000000e+01 1.900000000000000000e+01 6.640000000000000000e+02
-2.676849626004695892e-02 7.183541059494018555e-01 1.455575041472911835e-02 1.080000000000000000e+02 7.411382400000000000e+07 6.000000000000000000e+00 2.900000000000000000e+01 2.900000000000000000e+01 7.190000000000000000e+02
-2.245174907147884369e-02 7.056003212928771973e-01 6.561396270990371704e-02 5.200000000000000000e+01 7.421216800000000000e+07 3.000000000000000000e+00 2.100000000000000000e+01 4.100000000000000000e+01 7.090000000000000000e+02
-1.408758759498596191e-02 7.477140426635742188e-01 1.514283847063779831e-02 1.250000000000000000e+02 7.440777600000000000e+07 7.000000000000000000e+00 2.900000000000000000e+01 1.900000000000000000e+01 7.480000000000000000e+02
-3.115982934832572937e-02 7.205310463905334473e-01 3.388498723506927490e-02 8.500000000000000000e+01 7.460443200000000000e+07 4.000000000000000000e+00 2.600000000000000000e+01 1.500000000000000000e+01 7.220000000000000000e+02
-4.294143244624137878e-02 6.997687220573425293e-01 5.185354873538017273e-02 5.900000000000000000e+01 7.490033600000000000e+07 2.000000000000000000e+00 2.300000000000000000e+01 1.400000000000000000e+01 7.030000000000000000e+02
-1.613959437236189842e-03 8.019333481788635254e-01 1.561708897352218628e-01 6.800000000000000000e+01 7.529409600000000000e+07 4.000000000000000000e+00 1.000000000000000000e+01 1.300000000000000000e+02 8.170000000000000000e+02
