-1.480133458971977234e-02 -6.829469203948974609e-01 1.935574412345886230e-01 7.300000000000000000e+01 2.502473000000000000e+07 3.000000000000000000e+00 1.000000000000000000e+00 1.630000000000000000e+02 7.100000000000000000e+02
-1.294209342449903488e-02 -7.273565530776977539e-01 6.070393323898315430e-02 1.400000000000000000e+02 2.551303000000000000e+07 6.000000000000000000e+00 2.200000000000000000e+01 1.300000000000000000e+01 7.300000000000000000e+02
-3.423355519771575928e-02 -7.057146430015563965e-01 5.895765870809555054e-02 8.300000000000000000e+01 2.600524000000000000e+07 4.000000000000000000e+00 2.200000000000000000e+01 1.600000000000000000e+01 7.090000000000000000e+02
-3.258266672492027283e-02 -7.477632164955139160e-01 2.809931524097919464e-02 1.450000000000000000e+02 2.649647000000000000e+07 8.000000000000000000e+00 2.700000000000000000e+01 8.000000000000000000e+00 7.490000000000000000e+02
-5.615297332406044006e-02 -6.972497701644897461e-01 2.626104280352592468e-02 1.330000000000000000e+02 2.708280000000000000e+07 6.000000000000000000e+00 2.700000000000000000e+01 1.700000000000000000e+01 7.000000000000000000e+02
-6.549451500177383423e-02 -7.090366482734680176e-01 5.266491323709487915e-02 6.100000000000000000e+01 2.727869000000000000e+07 3.000000000000000000e+00 2.300000000000000000e+01 1.600000000000000000e+01 7.140000000000000000e+02
-1.097461208701133728e-01 -7.070292234420776367e-01 2.686129510402679443e-02 9.000000000000000000e+01 2.824936000000000000e+07 5.000000000000000000e+00 2.700000000000000000e+01 1.400000000000000000e+01 7.160000000000000000e+02
-1.210273578763008118e-01 -6.950445175170898438e-01 2.648613788187503815e-02 5.400000000000000000e+01 2.854164000000000000e+07 3.000000000000000000e+00 2.700000000000000000e+01 1.400000000000000000e+01 7.060000000000000000e+02
-2.121901988983154297e+00 -7.825414180755615234e+00 9.905789047479629517e-03 4.000000000000000000e+01 3.000952000000000000e+07 2.590000000000000000e+02 3.100000000000000000e+01 6.700000000000000000e+01 8.108000000000000000e+03
-3.315234899520874023e+00 -7.713750362396240234e+00 1.025764737278223038e-02 6.700000000000000000e+01 3.225574000000000000e+07 4.630000000000000000e+02 3.100000000000000000e+01 4.400000000000000000e+01 8.396000000000000000e+03
-3.524165868759155273e+00 -7.930184841156005859e+00 1.060217525810003281e-02 3.300000000000000000e+01 3.244896000000000000e+07 2.380000000000000000e+02 3.100000000000000000e+01 4.200000000000000000e+01 8.678000000000000000e+03
-3.564112663269042969e+00 -7.889274120330810547e+00 1.057651918381452560e-02 2.200000000000000000e+01 3.254797000000000000e+07 1.540000000000000000e+02 3.100000000000000000e+01 4.900000000000000000e+01 8.657000000000000000e+03
-3.602438211441040039e+00 -7.845446109771728516e+00 1.054719742387533188e-02 3.600000000000000000e+01 3.264545000000000000e+07 2.640000000000000000e+02 3.100000000000000000e+01 6.200000000000000000e+01 8.633000000000000000e+03
-3.628098011016845703e+00 -7.775166034698486328e+00 1.048244629055261612e-02 3.600000000000000000e+01 3.274385000000000000e+07 2.540000000000000000e+02 3.100000000000000000e+01 5.700000000000000000e+01 8.580000000000000000e+03
-3.664598703384399414e+00 -7.729265213012695312e+00 1.045068074017763138e-02 3.600000000000000000e+01 3.284133000000000000e+07 2.540000000000000000e+02 3.100000000000000000e+01 4.000000000000000000e+01 8.554000000000000000e+03
-3.700672864913940430e+00 -7.683209419250488281e+00 1.041891612112522125e-02 3.400000000000000000e+01 3.293829000000000000e+07 2.430000000000000000e+02 3.100000000000000000e+01 6.500000000000000000e+01 8.528000000000000000e+03
-3.695010662078857422e+00 -7.552566051483154297e+00 1.027230732142925262e-02 4.300000000000000000e+01 3.303791000000000000e+07 2.940000000000000000e+02 3.100000000000000000e+01 5.000000000000000000e+01 8.408000000000000000e+03
-3.741282701492309570e+00 -7.529751777648925781e+00 1.027230732142925262e-02 3.100000000000000000e+01 3.313494000000000000e+07 2.090000000000000000e+02 3.100000000000000000e+01 5.000000000000000000e+01 8.408000000000000000e+03
-3.730206489562988281e+00 -7.393268585205078125e+00 1.011714804917573929e-02 3.400000000000000000e+01 3.323242000000000000e+07 2.240000000000000000e+02 3.100000000000000000e+01 4.000000000000000000e+01 8.281000000000000000e+03
-3.770941495895385742e+00 -7.361341953277587891e+00 1.010493095964193344e-02 4.800000000000000000e+01 3.333061000000000000e+07 3.180000000000000000e+02 3.100000000000000000e+01 5.600000000000000000e+01 8.271000000000000000e+03
-3.821113824844360352e+00 -7.347824096679687500e+00 1.011836994439363480e-02 4.800000000000000000e+01 3.342737000000000000e+07 3.190000000000000000e+02 3.100000000000000000e+01 5.000000000000000000e+01 8.282000000000000000e+03
-3.839051961898803711e+00 -7.272946834564208984e+00 1.004750933498144150e-02 2.700000000000000000e+01 3.352561000000000000e+07 1.730000000000000000e+02 3.100000000000000000e+01 5.300000000000000000e+01 8.224000000000000000e+03
-3.881244897842407227e+00 -7.244847297668457031e+00 1.004140172153711319e-02 3.500000000000000000e+01 3.362344800000000000e+07 2.270000000000000000e+02 3.100000000000000000e+01 4.900000000000000000e+01 8.219000000000000000e+03
-3.916072607040405273e+00 -7.203324317932128906e+00 1.001696567982435226e-02 2.900000000000000000e+01 3.372132800000000000e+07 1.860000000000000000e+02 3.100000000000000000e+01 4.400000000000000000e+01 8.199000000000000000e+03
-3.953918933868408203e+00 -7.167777538299560547e+00 1.000108383595943451e-02 3.900000000000000000e+01 3.381907200000000000e+07 2.520000000000000000e+02 3.100000000000000000e+01 4.600000000000000000e+01 8.186000000000000000e+03
-3.996359825134277344e+00 -7.140763759613037109e+00 9.997419081628322601e-03 2.600000000000000000e+01 3.391618000000000000e+07 1.710000000000000000e+02 3.100000000000000000e+01 5.900000000000000000e+01 8.183000000000000000e+03
-3.748311758041381836e+00 -6.602161884307861328e+00 9.275375865399837494e-03 1.750000000000000000e+02 3.401479200000000000e+07 9.990000000000000000e+02 3.100000000000000000e+01 7.300000000000000000e+01 7.592000000000000000e+03
-3.959424734115600586e+00 -6.875407218933105469e+00 9.693208150565624237e-03 3.100000000000000000e+01 3.411211200000000000e+07 1.860000000000000000e+02 3.100000000000000000e+01 5.300000000000000000e+01 7.934000000000000000e+03
-4.033310890197753906e+00 -6.905383110046386719e+00 9.770176373422145844e-03 3.400000000000000000e+01 3.421004800000000000e+07 2.090000000000000000e+02 3.100000000000000000e+01 4.300000000000000000e+01 7.997000000000000000e+03
-4.048594951629638672e+00 -6.834905147552490234e+00 9.705425240099430084e-03 2.400000000000000000e+01 3.430798000000000000e+07 1.430000000000000000e+02 3.100000000000000000e+01 4.400000000000000000e+01 7.944000000000000000e+03
-4.076039314270019531e+00 -6.785932064056396484e+00 9.671216830611228943e-03 2.200000000000000000e+01 3.440582000000000000e+07 1.300000000000000000e+02 3.100000000000000000e+01 3.800000000000000000e+01 7.916000000000000000e+03
-4.118120193481445312e+00 -6.761648178100585938e+00 9.672437794506549835e-03 2.300000000000000000e+01 3.450350000000000000e+07 1.360000000000000000e+02 3.100000000000000000e+01 4.400000000000000000e+01 7.917000000000000000e+03
-4.130635261535644531e+00 -6.689455509185791016e+00 9.605242870748043060e-03 2.800000000000000000e+01 3.460036800000000000e+07 1.650000000000000000e+02 3.100000000000000000e+01 2.700000000000000000e+01 7.862000000000000000e+03
-4.156215190887451172e+00 -6.639403343200683594e+00 9.569812566041946411e-03 3.600000000000000000e+01 3.469872000000000000e+07 2.130000000000000000e+02 3.100000000000000000e+01 4.000000000000000000e+01 7.833000000000000000e+03
-4.062927246093750000e+00 -6.402688980102539062e+00 9.264379739761352539e-03 4.700000000000000000e+01 3.479782000000000000e+07 2.620000000000000000e+02 3.100000000000000000e+01 5.300000000000000000e+01 7.583000000000000000e+03
-4.166511535644531250e+00 -6.477723121643066406e+00 9.409765712916851044e-03 3.100000000000000000e+01 3.489556800000000000e+07 1.750000000000000000e+02 3.100000000000000000e+01 5.700000000000000000e+01 7.702000000000000000e+03
-4.229662895202636719e+00 -6.488057613372802734e+00 9.462300688028335571e-03 2.700000000000000000e+01 3.499411200000000000e+07 1.530000000000000000e+02 3.100000000000000000e+01 4.900000000000000000e+01 7.745000000000000000e+03
-4.175130367279052734e+00 -6.319310188293457031e+00 9.253384545445442200e-03 3.800000000000000000e+01 3.509184800000000000e+07 2.150000000000000000e+02 3.100000000000000000e+01 5.800000000000000000e+01 7.574000000000000000e+03
-4.212157249450683594e+00 -6.291080474853515625e+00 9.249719791114330292e-03 3.100000000000000000e+01 3.518891200000000000e+07 1.700000000000000000e+02 3.100000000000000000e+01 4.400000000000000000e+01 7.571000000000000000e+03
-4.243942260742187500e+00 -6.255186557769775391e+00 9.235058911144733429e-03 3.600000000000000000e+01 3.528782000000000000e+07 1.980000000000000000e+02 3.100000000000000000e+01 4.200000000000000000e+01 7.559000000000000000e+03
-4.272046089172363281e+00 -6.214195251464843750e+00 9.213067591190338135e-03 3.800000000000000000e+01 3.538514000000000000e+07 2.080000000000000000e+02 3.100000000000000000e+01 5.300000000000000000e+01 7.541000000000000000e+03
-4.287804603576660156e+00 -6.155863761901855469e+00 9.165420196950435638e-03 2.200000000000000000e+01 3.548242000000000000e+07 1.160000000000000000e+02 3.100000000000000000e+01 4.400000000000000000e+01 7.502000000000000000e+03
-4.311657428741455078e+00 -6.109828948974609375e+00 9.136098437011241913e-03 3.400000000000000000e+01 3.558020800000000000e+07 1.820000000000000000e+02 3.100000000000000000e+01 4.200000000000000000e+01 7.478000000000000000e+03
-4.370002746582031250e+00 -6.112544059753417969e+00 9.180081076920032501e-03 5.300000000000000000e+01 3.567819200000000000e+07 2.910000000000000000e+02 3.100000000000000000e+01 4.300000000000000000e+01 7.514000000000000000e+03
-4.371059417724609375e+00 -6.035400867462158203e+00 9.104333817958831787e-03 3.900000000000000000e+01 3.577695200000000000e+07 2.090000000000000000e+02 3.100000000000000000e+01 4.800000000000000000e+01 7.452000000000000000e+03
-4.426346778869628906e+00 -6.033462047576904297e+00 9.142206981778144836e-03 5.100000000000000000e+01 3.587540800000000000e+07 2.780000000000000000e+02 3.100000000000000000e+01 3.200000000000000000e+01 7.483000000000000000e+03
-4.354728698730468750e+00 -5.860107421875000000e+00 8.919851854443550110e-03 1.180000000000000000e+02 3.597328000000000000e+07 6.210000000000000000e+02 3.100000000000000000e+01 5.600000000000000000e+01 7.301000000000000000e+03
-4.385792732238769531e+00 -5.826885223388671875e+00 8.910078555345535278e-03 5.000000000000000000e+01 3.607154000000000000e+07 2.600000000000000000e+02 3.100000000000000000e+01 2.400000000000000000e+01 7.293000000000000000e+03
-4.396606922149658203e+00 -5.767259120941162109e+00 8.859987370669841766e-03 3.100000000000000000e+01 3.616902000000000000e+07 1.560000000000000000e+02 3.100000000000000000e+01 4.600000000000000000e+01 7.252000000000000000e+03
-4.420299530029296875e+00 -5.725134372711181641e+00 8.836775086820125580e-03 3.700000000000000000e+01 3.626644000000000000e+07 1.860000000000000000e+02 3.100000000000000000e+01 5.000000000000000000e+01 7.233000000000000000e+03
-4.445489883422851562e+00 -5.685300350189208984e+00 8.817227557301521301e-03 3.100000000000000000e+01 3.636442000000000000e+07 1.540000000000000000e+02 3.100000000000000000e+01 5.100000000000000000e+01 7.217000000000000000e+03
-4.521263122558593750e+00 -5.709658145904541016e+00 8.897861465811729431e-03 3.100000000000000000e+01 3.646216000000000000e+07 1.570000000000000000e+02 3.100000000000000000e+01 4.200000000000000000e+01 7.283000000000000000e+03
-4.556211948394775391e+00 -5.681808948516845703e+00 8.897861465811729431e-03 2.600000000000000000e+01 3.656055200000000000e+07 1.310000000000000000e+02 3.100000000000000000e+01 4.000000000000000000e+01 7.283000000000000000e+03
-4.518496036529541016e+00 -5.564471721649169922e+00 8.757362142205238342e-03 3.300000000000000000e+01 3.665814000000000000e+07 1.630000000000000000e+02 3.100000000000000000e+01 4.000000000000000000e+01 7.168000000000000000e+03
-4.442677974700927734e+00 -5.403014659881591797e+00 8.546003140509128571e-03 3.100000000000000000e+01 3.675792000000000000e+07 1.450000000000000000e+02 3.100000000000000000e+01 4.700000000000000000e+01 6.995000000000000000e+03
-4.542931079864501953e+00 -5.456345558166503906e+00 8.674284443259239197e-03 4.100000000000000000e+01 3.685524000000000000e+07 2.040000000000000000e+02 3.100000000000000000e+01 5.800000000000000000e+01 7.100000000000000000e+03
-4.560211181640625000e+00 -5.409254074096679688e+00 8.643741719424724579e-03 2.800000000000000000e+01 3.695312000000000000e+07 1.330000000000000000e+02 3.100000000000000000e+01 4.800000000000000000e+01 7.075000000000000000e+03
-4.601106643676757812e+00 -5.390298366546630859e+00 8.658402599394321442e-03 4.900000000000000000e+01 3.705116000000000000e+07 2.400000000000000000e+02 3.100000000000000000e+01 3.200000000000000000e+01 7.087000000000000000e+03
-4.626901149749755859e+00 -5.353642463684082031e+00 8.644962683320045471e-03 3.600000000000000000e+01 3.714776800000000000e+07 1.730000000000000000e+02 3.100000000000000000e+01 5.000000000000000000e+01 7.076000000000000000e+03
-4.497668743133544922e+00 -5.140020847320556641e+00 8.344417437911033630e-03 2.900000000000000000e+01 3.724510000000000000e+07 1.290000000000000000e+02 3.100000000000000000e+01 4.300000000000000000e+01 6.830000000000000000e+03
-4.604055404663085938e+00 -5.196908473968505859e+00 8.482472971081733704e-03 3.200000000000000000e+01 3.734304000000000000e+07 1.480000000000000000e+02 3.100000000000000000e+01 4.300000000000000000e+01 6.943000000000000000e+03
-4.681259632110595703e+00 -5.219181537628173828e+00 8.565550670027732849e-03 6.900000000000000000e+01 3.744086000000000000e+07 3.330000000000000000e+02 3.100000000000000000e+01 3.700000000000000000e+01 7.011000000000000000e+03
-4.721935272216796875e+00 -5.199983596801757812e+00 8.581432513892650604e-03 4.300000000000000000e+01 3.753788800000000000e+07 2.050000000000000000e+02 3.100000000000000000e+01 5.700000000000000000e+01 7.024000000000000000e+03
-4.736156463623046875e+00 -5.151772022247314453e+00 8.549667894840240479e-03 3.600000000000000000e+01 3.763500000000000000e+07 1.690000000000000000e+02 3.100000000000000000e+01 4.700000000000000000e+01 6.998000000000000000e+03
-4.648452281951904297e+00 -4.994512557983398438e+00 8.335865102708339691e-03 3.200000000000000000e+01 3.773232000000000000e+07 1.420000000000000000e+02 3.100000000000000000e+01 4.700000000000000000e+01 6.823000000000000000e+03
-4.667352199554443359e+00 -4.953523159027099609e+00 8.315095677971839905e-03 6.100000000000000000e+01 3.783007200000000000e+07 2.760000000000000000e+02 3.100000000000000000e+01 5.700000000000000000e+01 6.806000000000000000e+03
-4.683164119720458984e+00 -4.909596443176269531e+00 8.289439603686332703e-03 6.600000000000000000e+01 3.792656000000000000e+07 2.980000000000000000e+02 3.100000000000000000e+01 4.200000000000000000e+01 6.785000000000000000e+03
-8.205990791320800781e+00 -7.905253410339355469e+00 1.213146746158599854e-01 1.100000000000000000e+02 3.802420000000000000e+07 1.414000000000000000e+03 3.000000000000000000e+01 1.270000000000000000e+02 1.139500000000000000e+04
-4.809756755828857422e+00 -4.980757713317871094e+00 8.459259755909442902e-03 3.600000000000000000e+01 3.802420000000000000e+07 1.660000000000000000e+02 3.100000000000000000e+01 3.400000000000000000e+01 6.924000000000000000e+03
-4.839528560638427734e+00 -4.950436592102050781e+00 8.458038792014122009e-03 3.800000000000000000e+01 3.812183200000000000e+07 1.760000000000000000e+02 3.100000000000000000e+01 3.600000000000000000e+01 6.923000000000000000e+03
-4.835345268249511719e+00 -4.885821342468261719e+00 8.398174308240413666e-03 3.400000000000000000e+01 3.822016800000000000e+07 1.540000000000000000e+02 3.100000000000000000e+01 3.500000000000000000e+01 6.874000000000000000e+03
-3.227936506271362305e+00 -2.589390754699707031e+00 1.228182613849639893e-01 1.770000000000000000e+02 3.831754000000000000e+07 3.010000000000000000e+02 2.800000000000000000e+01 4.000000000000000000e+01 4.140000000000000000e+03
-4.839753150939941406e+00 -4.830628395080566406e+00 8.354191668331623077e-03 2.600000000000000000e+01 3.831754000000000000e+07 1.150000000000000000e+02 3.100000000000000000e+01 3.500000000000000000e+01 6.838000000000000000e+03
-3.221825122833251953e+00 -2.552156925201416016e+00 1.219875961542129517e-01 2.900000000000000000e+02 3.841456800000000000e+07 4.880000000000000000e+02 2.800000000000000000e+01 4.400000000000000000e+01 4.112000000000000000e+03
-4.836545467376708984e+00 -4.768545150756835938e+00 8.297991938889026642e-03 4.100000000000000000e+01 3.841456800000000000e+07 1.830000000000000000e+02 3.100000000000000000e+01 3.500000000000000000e+01 6.792000000000000000e+03
-3.224040269851684570e+00 -2.521871089935302734e+00 1.214832738041877747e-01 3.200000000000000000e+02 3.851168000000000000e+07 5.320000000000000000e+02 2.800000000000000000e+01 5.000000000000000000e+01 4.095000000000000000e+03
-4.875743389129638672e+00 -4.748547077178955078e+00 8.315095677971839905e-03 3.400000000000000000e+01 3.851168000000000000e+07 1.510000000000000000e+02 3.100000000000000000e+01 4.800000000000000000e+01 6.806000000000000000e+03
-3.241826534271240234e+00 -2.503874063491821289e+00 1.215722709894180298e-01 2.960000000000000000e+02 3.860834000000000000e+07 4.940000000000000000e+02 2.800000000000000000e+01 7.100000000000000000e+01 4.098000000000000000e+03
-4.881726741790771484e+00 -4.696355342864990234e+00 8.276000618934631348e-03 2.800000000000000000e+01 3.860834000000000000e+07 1.220000000000000000e+02 3.100000000000000000e+01 4.600000000000000000e+01 6.774000000000000000e+03
-4.821289062500000000e+00 -4.581583976745605469e+00 8.125727996230125427e-03 3.400000000000000000e+01 3.870643200000000000e+07 1.440000000000000000e+02 3.100000000000000000e+01 4.200000000000000000e+01 6.651000000000000000e+03
-4.839102745056152344e+00 -4.542333126068115234e+00 8.108623325824737549e-03 2.600000000000000000e+01 3.880371200000000000e+07 1.090000000000000000e+02 3.100000000000000000e+01 4.000000000000000000e+01 6.637000000000000000e+03
-3.250763177871704102e+00 -2.604032278060913086e+00 8.433832973241806030e-02 1.890000000000000000e+02 3.890155200000000000e+07 3.250000000000000000e+02 2.900000000000000000e+01 5.900000000000000000e+01 4.166000000000000000e+03
-4.877149581909179688e+00 -4.522074222564697266e+00 8.125727996230125427e-03 3.600000000000000000e+01 3.890155200000000000e+07 1.530000000000000000e+02 3.100000000000000000e+01 4.700000000000000000e+01 6.651000000000000000e+03
-3.253429889678955078e+00 -2.575402259826660156e+00 2.341668307781219482e-01 2.450000000000000000e+02 3.899932000000000000e+07 4.200000000000000000e+02 2.500000000000000000e+01 6.900000000000000000e+01 4.156000000000000000e+03
-3.207870244979858398e+00 -2.537516593933105469e+00 8.281999081373214722e-02 2.630000000000000000e+02 3.899932000000000000e+07 4.390000000000000000e+02 2.900000000000000000e+01 8.000000000000000000e+01 4.091000000000000000e+03
-4.891530036926269531e+00 -4.479906082153320312e+00 8.103736676275730133e-03 4.800000000000000000e+01 3.899932000000000000e+07 2.050000000000000000e+02 3.100000000000000000e+01 3.500000000000000000e+01 6.633000000000000000e+03
-3.248718976974487305e+00 -2.539404630661010742e+00 2.327018827199935913e-01 1.860000000000000000e+02 3.909700000000000000e+07 3.160000000000000000e+02 2.500000000000000000e+01 5.800000000000000000e+01 4.130000000000000000e+03
-3.213924646377563477e+00 -2.510400295257568359e+00 8.257705718278884888e-02 2.480000000000000000e+02 3.909700000000000000e+07 4.110000000000000000e+02 2.900000000000000000e+01 7.400000000000000000e+01 4.079000000000000000e+03
-4.956005096435546875e+00 -4.483350753784179688e+00 8.164823055267333984e-03 4.800000000000000000e+01 3.909700000000000000e+07 2.090000000000000000e+02 3.100000000000000000e+01 3.600000000000000000e+01 6.683000000000000000e+03
-3.239559650421142578e+00 -2.498570680618286133e+00 8.284023404121398926e-02 1.730000000000000000e+02 3.919474000000000000e+07 2.890000000000000000e+02 2.900000000000000000e+01 7.100000000000000000e+01 4.092000000000000000e+03
-4.940917491912841797e+00 -4.414878368377685547e+00 8.095184341073036194e-03 2.600000000000000000e+01 3.919474000000000000e+07 1.090000000000000000e+02 3.100000000000000000e+01 3.000000000000000000e+01 6.626000000000000000e+03
-5.093873023986816406e+00 -4.495645046234130859e+00 8.300434798002243042e-03 2.600000000000000000e+01 3.929192000000000000e+07 1.140000000000000000e+02 3.100000000000000000e+01 4.300000000000000000e+01 6.794000000000000000e+03
-3.187278032302856445e+00 -2.581812858581542969e+00 4.367115348577499390e-02 9.200000000000000000e+01 3.938856000000000000e+07 1.520000000000000000e+02 3.000000000000000000e+01 5.000000000000000000e+01 4.102000000000000000e+03
-5.035428047180175781e+00 -4.389396190643310547e+00 8.161158300936222076e-03 2.800000000000000000e+01 3.938856000000000000e+07 1.190000000000000000e+02 3.100000000000000000e+01 3.400000000000000000e+01 6.680000000000000000e+03
-3.236576557159423828e+00 -2.591798782348632812e+00 1.948151886463165283e-01 1.010000000000000000e+02 3.948692000000000000e+07 1.730000000000000000e+02 2.600000000000000000e+01 6.900000000000000000e+01 4.151000000000000000e+03
-3.228047132492065430e+00 -2.582195520401000977e+00 4.401183873414993286e-02 2.020000000000000000e+02 3.948692000000000000e+07 3.420000000000000000e+02 3.000000000000000000e+01 7.600000000000000000e+01 4.134000000000000000e+03
-5.006945133209228516e+00 -4.310787677764892578e+00 8.071972057223320007e-03 3.500000000000000000e+01 3.948692000000000000e+07 1.470000000000000000e+02 3.100000000000000000e+01 4.800000000000000000e+01 6.607000000000000000e+03
-3.243800163269042969e+00 -2.565075397491455078e+00 1.942989528179168701e-01 2.500000000000000000e+02 3.958326000000000000e+07 4.240000000000000000e+02 2.600000000000000000e+01 4.700000000000000000e+01 4.140000000000000000e+03
-3.221074581146240234e+00 -2.544364929199218750e+00 4.370309039950370789e-02 2.390000000000000000e+02 3.958326000000000000e+07 3.970000000000000000e+02 3.000000000000000000e+01 5.700000000000000000e+01 4.105000000000000000e+03
-4.995210647583007812e+00 -4.247594356536865234e+00 8.010884746909141541e-03 4.000000000000000000e+01 3.958326000000000000e+07 1.660000000000000000e+02 3.100000000000000000e+01 5.000000000000000000e+01 6.557000000000000000e+03
-3.241369724273681641e+00 -2.530983924865722656e+00 1.932194977998733521e-01 1.540000000000000000e+02 3.968140000000000000e+07 2.590000000000000000e+02 2.600000000000000000e+01 4.100000000000000000e+01 4.117000000000000000e+03
-3.222434043884277344e+00 -2.513483285903930664e+00 4.351146146655082703e-02 2.140000000000000000e+02 3.968140000000000000e+07 3.550000000000000000e+02 3.000000000000000000e+01 7.300000000000000000e+01 4.087000000000000000e+03
-4.978296279907226562e+00 -4.180850505828857422e+00 7.942467927932739258e-03 4.900000000000000000e+01 3.968140000000000000e+07 2.010000000000000000e+02 3.100000000000000000e+01 4.700000000000000000e+01 6.501000000000000000e+03
-3.237003326416015625e+00 -2.493052959442138672e+00 4.350081086158752441e-02 1.370000000000000000e+02 3.978043200000000000e+07 2.260000000000000000e+02 3.000000000000000000e+01 5.000000000000000000e+01 4.086000000000000000e+03
-5.127778053283691406e+00 -4.253007411956787109e+00 8.139166980981826782e-03 5.000000000000000000e+01 3.978043200000000000e+07 2.160000000000000000e+02 3.100000000000000000e+01 4.300000000000000000e+01 6.662000000000000000e+03
-8.874809265136718750e+00 -6.748791217803955078e+00 1.187063306570053101e-01 4.500000000000000000e+01 3.987824800000000000e+07 5.470000000000000000e+02 3.000000000000000000e+01 1.150000000000000000e+02 1.115000000000000000e+04
-3.169472694396972656e+00 -2.596117973327636719e+00 5.005428567528724670e-03 3.200000000000000000e+01 3.987824800000000000e+07 5.300000000000000000e+01 3.100000000000000000e+01 6.800000000000000000e+01 4.097000000000000000e+03
-3.174457788467407227e+00 -2.567816972732543945e+00 4.988324362784624100e-03 1.660000000000000000e+02 3.997680800000000000e+07 2.740000000000000000e+02 3.100000000000000000e+01 6.000000000000000000e+01 4.083000000000000000e+03
-3.219024181365966797e+00 -2.573193311691284180e+00 1.547150462865829468e-01 2.780000000000000000e+02 4.007439200000000000e+07 4.720000000000000000e+02 2.700000000000000000e+01 6.000000000000000000e+01 4.124000000000000000e+03
-3.210468292236328125e+00 -2.564517736434936523e+00 5.020089447498321533e-03 1.850000000000000000e+02 4.007439200000000000e+07 3.100000000000000000e+02 3.100000000000000000e+01 6.500000000000000000e+01 4.109000000000000000e+03
-3.223771095275878906e+00 -2.544725179672241211e+00 1.541898399591445923e-01 3.540000000000000000e+02 4.017104800000000000e+07 5.950000000000000000e+02 2.700000000000000000e+01 7.100000000000000000e+01 4.110000000000000000e+03
-3.216721773147583008e+00 -2.537338495254516602e+00 5.005428567528724670e-03 1.850000000000000000e+02 4.017104800000000000e+07 3.080000000000000000e+02 3.100000000000000000e+01 6.800000000000000000e+01 4.097000000000000000e+03
-3.216468334197998047e+00 -2.507081031799316406e+00 1.531018763780593872e-01 2.170000000000000000e+02 4.026934000000000000e+07 3.570000000000000000e+02 2.700000000000000000e+01 6.500000000000000000e+01 4.081000000000000000e+03
-3.238541364669799805e+00 -2.522469043731689453e+00 5.015202332288026810e-03 1.750000000000000000e+02 4.026934000000000000e+07 2.910000000000000000e+02 3.100000000000000000e+01 4.900000000000000000e+01 4.105000000000000000e+03
-3.273774862289428711e+00 -2.517791271209716797e+00 5.045745521783828735e-03 1.270000000000000000e+02 4.036662000000000000e+07 2.140000000000000000e+02 3.100000000000000000e+01 5.500000000000000000e+01 4.130000000000000000e+03
-4.994270324707031250e+00 -3.792446374893188477e+00 7.661470212042331696e-03 1.800000000000000000e+01 4.046451200000000000e+07 6.500000000000000000e+01 3.100000000000000000e+01 5.700000000000000000e+01 6.271000000000000000e+03
-4.907832145690917969e+00 -3.679549694061279297e+00 7.494093384593725204e-03 1.190000000000000000e+02 4.056218000000000000e+07 4.420000000000000000e+02 3.100000000000000000e+01 5.500000000000000000e+01 6.134000000000000000e+03
-4.972113132476806641e+00 -3.680303573608398438e+00 7.557623088359832764e-03 6.300000000000000000e+01 4.065919200000000000e+07 2.390000000000000000e+02 3.100000000000000000e+01 6.700000000000000000e+01 6.186000000000000000e+03
-5.002675533294677734e+00 -3.655625581741333008e+00 7.569840177893638611e-03 3.800000000000000000e+01 4.075800000000000000e+07 1.440000000000000000e+02 3.100000000000000000e+01 6.300000000000000000e+01 6.196000000000000000e+03
-5.198567867279052734e+00 -3.750058174133300781e+00 7.831290364265441895e-03 2.800000000000000000e+01 4.085579200000000000e+07 1.090000000000000000e+02 3.100000000000000000e+01 4.700000000000000000e+01 6.410000000000000000e+03
-5.157127857208251953e+00 -3.672266244888305664e+00 7.734774146229028702e-03 3.000000000000000000e+01 4.095280000000000000e+07 1.150000000000000000e+02 3.100000000000000000e+01 4.500000000000000000e+01 6.331000000000000000e+03
-5.164018630981445312e+00 -3.629627704620361328e+00 7.711561396718025208e-03 3.800000000000000000e+01 4.105084000000000000e+07 1.460000000000000000e+02 3.100000000000000000e+01 4.500000000000000000e+01 6.312000000000000000e+03
-5.313547134399414062e+00 -3.686224460601806641e+00 7.900930009782314301e-03 3.100000000000000000e+01 4.114864000000000000e+07 1.230000000000000000e+02 3.100000000000000000e+01 5.700000000000000000e+01 6.467000000000000000e+03
-1.221956348419189453e+01 -7.733565330505371094e+00 1.539669036865234375e-01 3.900000000000000000e+01 4.124586000000000000e+07 8.010000000000000000e+02 3.000000000000000000e+01 8.200000000000000000e+01 1.446200000000000000e+04
-5.223848342895507812e+00 -3.576718091964721680e+00 7.734774146229028702e-03 3.000000000000000000e+01 4.124586000000000000e+07 1.140000000000000000e+02 3.100000000000000000e+01 5.200000000000000000e+01 6.331000000000000000e+03
-5.308668136596679688e+00 -3.587148904800415039e+00 7.827625609934329987e-03 3.200000000000000000e+01 4.134420000000000000e+07 1.260000000000000000e+02 3.100000000000000000e+01 2.900000000000000000e+01 6.407000000000000000e+03
-5.410449504852294922e+00 -3.607767105102539062e+00 7.944911718368530273e-03 3.200000000000000000e+01 4.144230000000000000e+07 1.300000000000000000e+02 3.100000000000000000e+01 4.100000000000000000e+01 6.503000000000000000e+03
-5.429142951965332031e+00 -3.572302579879760742e+00 7.940024137496948242e-03 4.000000000000000000e+01 4.154084000000000000e+07 1.630000000000000000e+02 3.100000000000000000e+01 4.900000000000000000e+01 6.499000000000000000e+03
-5.464380264282226562e+00 -3.547635316848754883e+00 7.959572598338127136e-03 2.400000000000000000e+01 4.163730000000000000e+07 9.600000000000000000e+01 3.100000000000000000e+01 4.500000000000000000e+01 6.515000000000000000e+03
-1.317423534393310547e+01 -7.782300949096679688e+00 1.629098057746887207e-01 6.700000000000000000e+01 4.173447200000000000e+07 1.551000000000000000e+03 3.000000000000000000e+01 9.000000000000000000e+01 1.530200000000000000e+04
-5.435521125793457031e+00 -3.481677293777465820e+00 7.886269129812717438e-03 2.600000000000000000e+01 4.173447200000000000e+07 1.030000000000000000e+02 3.100000000000000000e+01 4.000000000000000000e+01 6.455000000000000000e+03
-1.324593257904052734e+01 -7.715411186218261719e+00 1.632079035043716431e-01 1.360000000000000000e+02 4.183087200000000000e+07 3.178000000000000000e+03 3.000000000000000000e+01 9.000000000000000000e+01 1.533000000000000000e+04
-5.535400390625000000e+00 -3.497940540313720703e+00 7.999889552593231201e-03 3.700000000000000000e+01 4.183087200000000000e+07 1.520000000000000000e+02 3.100000000000000000e+01 5.000000000000000000e+01 6.548000000000000000e+03
-1.321931838989257812e+01 -7.591662406921386719e+00 1.623029708862304688e-01 3.000000000000000000e+01 4.192886000000000000e+07 6.780000000000000000e+02 3.000000000000000000e+01 9.500000000000000000e+01 1.524500000000000000e+04
-5.541483879089355469e+00 -3.454387903213500977e+00 7.977898232638835907e-03 3.800000000000000000e+01 4.192886000000000000e+07 1.560000000000000000e+02 3.100000000000000000e+01 3.900000000000000000e+01 6.530000000000000000e+03
-5.593242168426513672e+00 -3.439177513122558594e+00 8.021880872547626495e-03 2.500000000000000000e+01 4.202776800000000000e+07 1.020000000000000000e+02 3.100000000000000000e+01 4.300000000000000000e+01 6.566000000000000000e+03
-1.362320613861083984e+01 -7.602835178375244141e+00 1.661037057638168335e-01 8.000000000000000000e+01 4.212452800000000000e+07 1.928000000000000000e+03 3.000000000000000000e+01 9.400000000000000000e+01 1.560200000000000000e+04
-5.604833602905273438e+00 -3.399089097976684570e+00 8.008441887795925140e-03 3.800000000000000000e+01 4.212452800000000000e+07 1.580000000000000000e+02 3.100000000000000000e+01 3.900000000000000000e+01 6.555000000000000000e+03
-1.240795230865478516e+01 -6.825119495391845703e+00 1.507730036973953247e-01 9.800000000000000000e+01 4.222282000000000000e+07 1.943000000000000000e+03 3.000000000000000000e+01 1.320000000000000000e+02 1.416200000000000000e+04
-5.659054756164550781e+00 -3.384652853012084961e+00 8.056089282035827637e-03 3.400000000000000000e+01 4.222282000000000000e+07 1.420000000000000000e+02 3.100000000000000000e+01 4.700000000000000000e+01 6.594000000000000000e+03
-5.659904956817626953e+00 -3.338181495666503906e+00 8.027989417314529419e-03 4.800000000000000000e+01 4.232046000000000000e+07 2.010000000000000000e+02 3.100000000000000000e+01 5.500000000000000000e+01 6.571000000000000000e+03
-5.857492923736572266e+00 -3.406448364257812500e+00 8.278444409370422363e-03 3.400000000000000000e+01 4.241762000000000000e+07 1.490000000000000000e+02 3.100000000000000000e+01 5.400000000000000000e+01 6.776000000000000000e+03
-1.476134204864501953e+01 -7.769196033477783203e+00 1.776017099618911743e-01 7.100000000000000000e+01 4.251516000000000000e+07 1.952000000000000000e+03 3.000000000000000000e+01 9.900000000000000000e+01 1.668200000000000000e+04
-5.745553970336914062e+00 -3.294339656829833984e+00 8.091518655419349670e-03 2.900000000000000000e+01 4.251516000000000000e+07 1.220000000000000000e+02 3.100000000000000000e+01 3.100000000000000000e+01 6.623000000000000000e+03
-5.893630981445312500e+00 -3.331358909606933594e+00 8.271113969385623932e-03 3.100000000000000000e+01 4.261254000000000000e+07 1.360000000000000000e+02 3.100000000000000000e+01 4.400000000000000000e+01 6.770000000000000000e+03
-5.958511829376220703e+00 -3.319956541061401367e+00 8.333421312272548676e-03 2.500000000000000000e+01 4.270996000000000000e+07 1.100000000000000000e+02 3.100000000000000000e+01 3.600000000000000000e+01 6.821000000000000000e+03
-6.012078285217285156e+00 -3.301624774932861328e+00 8.379847742617130280e-03 3.500000000000000000e+01 4.280676800000000000e+07 1.580000000000000000e+02 3.100000000000000000e+01 4.200000000000000000e+01 6.859000000000000000e+03
-6.161504745483398438e+00 -3.334640741348266602e+00 8.559442125260829926e-03 3.700000000000000000e+01 4.290455200000000000e+07 1.740000000000000000e+02 3.100000000000000000e+01 5.600000000000000000e+01 7.006000000000000000e+03
-6.112143039703369141e+00 -3.259597301483154297e+00 8.462925441563129425e-03 6.300000000000000000e+01 4.300096000000000000e+07 2.950000000000000000e+02 3.100000000000000000e+01 5.200000000000000000e+01 6.927000000000000000e+03
-6.122290611267089844e+00 -3.216915845870971680e+00 8.449486456811428070e-03 3.200000000000000000e+01 4.309883200000000000e+07 1.470000000000000000e+02 3.100000000000000000e+01 3.500000000000000000e+01 6.916000000000000000e+03
-6.122376441955566406e+00 -3.169176340103149414e+00 8.422608487308025360e-03 2.900000000000000000e+01 4.319647200000000000e+07 1.310000000000000000e+02 3.100000000000000000e+01 4.600000000000000000e+01 6.894000000000000000e+03
-6.135470867156982422e+00 -3.128370761871337891e+00 8.414056152105331421e-03 3.900000000000000000e+01 4.329502000000000000e+07 1.830000000000000000e+02 3.100000000000000000e+01 5.900000000000000000e+01 6.887000000000000000e+03
-5.975821018218994141e+00 -3.000911474227905273e+00 8.169709704816341400e-03 8.100000000000000000e+01 4.339167200000000000e+07 3.590000000000000000e+02 3.100000000000000000e+01 7.600000000000000000e+01 6.687000000000000000e+03
-1.293422317504882812e+01 -5.824575901031494141e+00 1.510285288095474243e-01 6.600000000000000000e+01 4.348998000000000000e+07 1.310000000000000000e+03 3.000000000000000000e+01 1.060000000000000000e+02 1.418600000000000000e+04
-5.697418689727783203e+00 -2.817463874816894531e+00 7.765317335724830627e-03 1.710000000000000000e+02 4.348998000000000000e+07 6.880000000000000000e+02 3.100000000000000000e+01 7.400000000000000000e+01 6.356000000000000000e+03
-6.563337326049804688e+00 -3.195704698562622070e+00 8.918630890548229218e-03 2.900000000000000000e+01 4.358791200000000000e+07 1.470000000000000000e+02 3.100000000000000000e+01 4.900000000000000000e+01 7.300000000000000000e+03
-1.453383064270019531e+01 -6.331557750701904297e+00 1.687865704298019409e-01 3.300000000000000000e+01 4.368600000000000000e+07 8.040000000000000000e+02 3.000000000000000000e+01 1.190000000000000000e+02 1.585400000000000000e+04
-6.437639713287353516e+00 -3.085781574249267578e+00 8.721931837499141693e-03 6.000000000000000000e+01 4.368600000000000000e+07 2.980000000000000000e+02 3.100000000000000000e+01 5.400000000000000000e+01 7.139000000000000000e+03
-1.372677707672119141e+01 -5.880025386810302734e+00 1.589919626712799072e-01 3.800000000000000000e+01 4.378260800000000000e+07 8.200000000000000000e+02 3.000000000000000000e+01 1.440000000000000000e+02 1.493400000000000000e+04
-6.349734306335449219e+00 -2.995872259140014648e+00 8.577767759561538696e-03 4.500000000000000000e+01 4.378260800000000000e+07 2.180000000000000000e+02 3.100000000000000000e+01 8.700000000000000000e+01 7.021000000000000000e+03
-6.268227577209472656e+00 -2.910528659820556641e+00 8.443377912044525146e-03 4.900000000000000000e+01 4.388040000000000000e+07 2.310000000000000000e+02 3.100000000000000000e+01 6.300000000000000000e+01 6.911000000000000000e+03
-1.400301170349121094e+01 -5.796032428741455078e+00 1.613554507493972778e-01 6.000000000000000000e+01 4.397772800000000000e+07 1.348000000000000000e+03 3.000000000000000000e+01 1.510000000000000000e+02 1.515600000000000000e+04
-6.280510902404785156e+00 -2.869519233703613281e+00 8.436047472059726715e-03 3.100000000000000000e+01 4.397772800000000000e+07 1.450000000000000000e+02 3.100000000000000000e+01 6.500000000000000000e+01 6.905000000000000000e+03
-6.194021224975585938e+00 -2.784190893173217773e+00 8.296770043671131134e-03 1.010000000000000000e+02 4.407684000000000000e+07 4.630000000000000000e+02 3.100000000000000000e+01 6.500000000000000000e+01 6.791000000000000000e+03
-6.402137756347656250e+00 -2.830647706985473633e+00 8.552111685276031494e-03 7.000000000000000000e+01 4.417323200000000000e+07 3.410000000000000000e+02 3.100000000000000000e+01 5.800000000000000000e+01 7.000000000000000000e+03
-1.467884063720703125e+01 -5.761627674102783203e+00 1.678922772407531738e-01 6.500000000000000000e+01 4.427026000000000000e+07 1.589000000000000000e+03 3.000000000000000000e+01 1.270000000000000000e+02 1.577000000000000000e+04
-6.655068874359130859e+00 -2.893792629241943359e+00 8.866096846759319305e-03 6.600000000000000000e+01 4.427026000000000000e+07 3.450000000000000000e+02 3.100000000000000000e+01 6.700000000000000000e+01 7.257000000000000000e+03
-6.760050296783447266e+00 -2.890250205993652344e+00 8.982160128653049469e-03 9.400000000000000000e+01 4.436803200000000000e+07 5.000000000000000000e+02 3.100000000000000000e+01 4.600000000000000000e+01 7.352000000000000000e+03
-7.049612045288085938e+00 -2.963021993637084961e+00 9.342570789158344269e-03 5.800000000000000000e+01 4.446531200000000000e+07 3.360000000000000000e+02 3.100000000000000000e+01 6.000000000000000000e+01 7.647000000000000000e+03
-6.598146438598632812e+00 -2.725750446319580078e+00 8.721931837499141693e-03 8.000000000000000000e+01 4.456295200000000000e+07 4.010000000000000000e+02 3.100000000000000000e+01 4.400000000000000000e+01 7.139000000000000000e+03
-6.867699146270751953e+00 -2.787898063659667969e+00 9.055464528501033783e-03 2.900000000000000000e+01 4.465948800000000000e+07 1.510000000000000000e+02 3.100000000000000000e+01 5.100000000000000000e+01 7.412000000000000000e+03
-7.334241867065429688e+00 -2.924999475479125977e+00 9.646781720221042633e-03 4.700000000000000000e+01 4.475702000000000000e+07 2.850000000000000000e+02 3.100000000000000000e+01 3.200000000000000000e+01 7.896000000000000000e+03
-1.497155284881591797e+01 -5.249197483062744141e+00 1.689143180847167969e-01 5.400000000000000000e+01 4.485548000000000000e+07 1.330000000000000000e+03 3.000000000000000000e+01 1.340000000000000000e+02 1.586600000000000000e+04
-7.204936027526855469e+00 -2.822314262390136719e+00 9.453748352825641632e-03 6.400000000000000000e+01 4.485548000000000000e+07 3.740000000000000000e+02 3.100000000000000000e+01 5.500000000000000000e+01 7.738000000000000000e+03
-7.109184741973876953e+00 -2.734611988067626953e+00 9.305919520556926727e-03 3.800000000000000000e+01 4.495176800000000000e+07 2.120000000000000000e+02 3.100000000000000000e+01 5.200000000000000000e+01 7.617000000000000000e+03
-1.382568550109863281e+01 -4.657726764678955078e+00 1.553296297788619995e-01 7.700000000000000000e+01 4.504874000000000000e+07 1.617000000000000000e+03 3.000000000000000000e+01 1.180000000000000000e+02 1.459000000000000000e+04
-7.301707267761230469e+00 -2.757355928421020508e+00 9.535604156553745270e-03 4.900000000000000000e+01 4.504874000000000000e+07 2.900000000000000000e+02 3.100000000000000000e+01 3.800000000000000000e+01 7.805000000000000000e+03
-1.402777290344238281e+01 -4.630162239074707031e+00 1.572779119014739990e-01 6.000000000000000000e+01 4.514744800000000000e+07 1.291000000000000000e+03 3.000000000000000000e+01 9.800000000000000000e+01 1.477300000000000000e+04
-7.430070877075195312e+00 -2.753858089447021484e+00 9.680990129709243774e-03 3.000000000000000000e+01 4.514744800000000000e+07 1.850000000000000000e+02 3.100000000000000000e+01 6.700000000000000000e+01 7.924000000000000000e+03
-7.516372203826904297e+00 -2.733507394790649414e+00 9.771398268640041351e-03 3.700000000000000000e+01 4.524368800000000000e+07 2.330000000000000000e+02 3.100000000000000000e+01 6.800000000000000000e+01 7.998000000000000000e+03
-7.530177593231201172e+00 -2.686328411102294922e+00 9.767733514308929443e-03 8.500000000000000000e+01 4.534122000000000000e+07 5.400000000000000000e+02 3.100000000000000000e+01 5.900000000000000000e+01 7.995000000000000000e+03
-7.504043102264404297e+00 -2.625213861465454102e+00 9.712755680084228516e-03 5.000000000000000000e+01 4.543850000000000000e+07 3.130000000000000000e+02 3.100000000000000000e+01 6.200000000000000000e+01 7.950000000000000000e+03
-7.677031517028808594e+00 -2.632973670959472656e+00 9.915562346577644348e-03 6.400000000000000000e+01 4.553724800000000000e+07 4.180000000000000000e+02 3.100000000000000000e+01 6.300000000000000000e+01 8.116000000000000000e+03
-7.869349002838134766e+00 -2.645079851150512695e+00 1.014280412346124649e-02 3.200000000000000000e+01 4.563360000000000000e+07 2.110000000000000000e+02 3.100000000000000000e+01 4.300000000000000000e+01 8.302000000000000000e+03
-7.835090637207031250e+00 -2.580167055130004883e+00 1.007805299013853073e-02 4.100000000000000000e+01 4.573056800000000000e+07 2.690000000000000000e+02 3.100000000000000000e+01 5.100000000000000000e+01 8.249000000000000000e+03
-7.846015930175781250e+00 -2.530508518218994141e+00 1.007194444537162781e-02 5.000000000000000000e+01 4.582880800000000000e+07 3.300000000000000000e+02 3.100000000000000000e+01 4.800000000000000000e+01 8.244000000000000000e+03
-7.947218418121337891e+00 -2.509418249130249023e+00 1.018190011382102966e-02 5.700000000000000000e+01 4.592624000000000000e+07 3.920000000000000000e+02 3.100000000000000000e+01 6.400000000000000000e+01 8.334000000000000000e+03
-8.037943840026855469e+00 -2.483932256698608398e+00 1.027841586619615555e-02 3.300000000000000000e+01 4.602412000000000000e+07 2.230000000000000000e+02 3.100000000000000000e+01 5.700000000000000000e+01 8.413000000000000000e+03
-8.137269020080566406e+00 -2.460031270980834961e+00 1.038592867553234100e-02 3.900000000000000000e+01 4.612248000000000000e+07 2.720000000000000000e+02 3.100000000000000000e+01 4.900000000000000000e+01 8.501000000000000000e+03
-8.183856010437011719e+00 -2.419411182403564453e+00 1.042624562978744507e-02 5.700000000000000000e+01 4.621938000000000000e+07 4.040000000000000000e+02 3.100000000000000000e+01 5.500000000000000000e+01 8.534000000000000000e+03
-8.205272674560546875e+00 -2.371093750000000000e+00 1.043479796499013901e-02 4.400000000000000000e+01 4.631763200000000000e+07 3.100000000000000000e+02 3.100000000000000000e+01 5.600000000000000000e+01 8.541000000000000000e+03
-8.241801261901855469e+00 -2.326951980590820312e+00 1.046289689838886261e-02 4.500000000000000000e+01 4.641484800000000000e+07 3.200000000000000000e+02 3.100000000000000000e+01 4.600000000000000000e+01 8.564000000000000000e+03
-8.384140014648437500e+00 -2.311689376831054688e+00 1.062538754194974899e-02 4.100000000000000000e+01 4.651203200000000000e+07 3.050000000000000000e+02 3.100000000000000000e+01 8.200000000000000000e+01 8.697000000000000000e+03
-7.713527679443359375e+00 -2.075944662094116211e+00 9.759181179106235504e-03 6.700000000000000000e+01 4.660919200000000000e+07 4.230000000000000000e+02 3.100000000000000000e+01 8.800000000000000000e+01 7.988000000000000000e+03
-8.427351951599121094e+00 -2.212692022323608398e+00 1.064493507146835327e-02 7.400000000000000000e+01 4.670660800000000000e+07 5.580000000000000000e+02 3.100000000000000000e+01 5.900000000000000000e+01 8.713000000000000000e+03
-8.444644927978515625e+00 -2.161933183670043945e+00 1.064982172101736069e-02 4.400000000000000000e+01 4.680379200000000000e+07 3.230000000000000000e+02 3.100000000000000000e+01 5.400000000000000000e+01 8.717000000000000000e+03
-1.485277938842773438e+01 -3.140379667282104492e+00 1.616322547197341919e-01 8.100000000000000000e+01 4.690270000000000000e+07 1.834000000000000000e+03 3.000000000000000000e+01 1.640000000000000000e+02 1.518200000000000000e+04
-8.630457878112792969e+00 -2.153164625167846680e+00 1.086729019880294800e-02 4.300000000000000000e+01 4.690270000000000000e+07 3.280000000000000000e+02 3.100000000000000000e+01 5.700000000000000000e+01 8.895000000000000000e+03
-8.587146759033203125e+00 -2.086474657058715820e+00 1.079643052071332932e-02 4.900000000000000000e+01 4.699894000000000000e+07 3.720000000000000000e+02 3.100000000000000000e+01 4.900000000000000000e+01 8.837000000000000000e+03
-8.666934967041015625e+00 -2.049625158309936523e+00 1.088072918355464935e-02 3.800000000000000000e+01 4.709780000000000000e+07 2.910000000000000000e+02 3.100000000000000000e+01 3.600000000000000000e+01 8.906000000000000000e+03
-8.690068244934082031e+00 -1.998873114585876465e+00 1.089416909962892532e-02 4.200000000000000000e+01 4.719512000000000000e+07 3.230000000000000000e+02 3.100000000000000000e+01 4.500000000000000000e+01 8.917000000000000000e+03
-8.311805725097656250e+00 -1.858242034912109375e+00 1.040547620505094528e-02 1.930000000000000000e+02 4.729192800000000000e+07 1.389000000000000000e+03 3.100000000000000000e+01 6.500000000000000000e+01 8.517000000000000000e+03
-8.398299217224121094e+00 -1.823545336723327637e+00 1.049955002963542938e-02 7.900000000000000000e+01 4.738942000000000000e+07 5.790000000000000000e+02 3.100000000000000000e+01 7.600000000000000000e+01 8.594000000000000000e+03
-9.037533760070800781e+00 -1.904352545738220215e+00 1.128389965742826462e-02 4.000000000000000000e+01 4.748720000000000000e+07 3.290000000000000000e+02 3.100000000000000000e+01 4.600000000000000000e+01 9.236000000000000000e+03
-9.071583747863769531e+00 -1.853467702865600586e+00 1.131200045347213745e-02 3.800000000000000000e+01 4.758472800000000000e+07 3.130000000000000000e+02 3.100000000000000000e+01 5.000000000000000000e+01 9.259000000000000000e+03
-9.100441932678222656e+00 -1.801265597343444824e+00 1.133399177342653275e-02 5.100000000000000000e+01 4.768242000000000000e+07 4.260000000000000000e+02 3.100000000000000000e+01 5.500000000000000000e+01 9.277000000000000000e+03
-9.052394866943359375e+00 -1.734103798866271973e+00 1.126068737357854843e-02 5.800000000000000000e+01 4.778014000000000000e+07 4.880000000000000000e+02 3.100000000000000000e+01 6.300000000000000000e+01 9.217000000000000000e+03
-9.113994598388671875e+00 -1.687996506690979004e+00 1.132421661168336868e-02 3.300000000000000000e+01 4.787794000000000000e+07 2.720000000000000000e+02 3.100000000000000000e+01 4.500000000000000000e+01 9.269000000000000000e+03
-9.221633911132812500e+00 -1.649473786354064941e+00 1.144516840577125549e-02 2.900000000000000000e+01 4.797560800000000000e+07 2.420000000000000000e+02 3.100000000000000000e+01 4.700000000000000000e+01 9.368000000000000000e+03
-9.190193176269531250e+00 -1.585718512535095215e+00 1.139385625720024109e-02 4.100000000000000000e+01 4.807262000000000000e+07 3.520000000000000000e+02 3.100000000000000000e+01 6.300000000000000000e+01 9.326000000000000000e+03
-8.874217033386230469e+00 -1.475184559822082520e+00 1.099068485200405121e-02 7.300000000000000000e+01 4.816964800000000000e+07 5.850000000000000000e+02 3.100000000000000000e+01 7.900000000000000000e+01 8.996000000000000000e+03
-9.316592216491699219e+00 -1.490035295486450195e+00 1.152702514082193375e-02 4.000000000000000000e+01 4.826804000000000000e+07 3.430000000000000000e+02 3.100000000000000000e+01 5.300000000000000000e+01 9.435000000000000000e+03
-9.312710762023925781e+00 -1.430867552757263184e+00 1.151114236563444138e-02 5.000000000000000000e+01 4.836403200000000000e+07 4.310000000000000000e+02 3.100000000000000000e+01 5.700000000000000000e+01 9.422000000000000000e+03
-9.327250480651855469e+00 -1.374573707580566406e+00 1.151847280561923981e-02 4.800000000000000000e+01 4.846192000000000000e+07 4.140000000000000000e+02 3.100000000000000000e+01 5.000000000000000000e+01 9.428000000000000000e+03
-9.357294082641601562e+00 -1.320390820503234863e+00 1.154535077512264252e-02 4.300000000000000000e+01 4.856002000000000000e+07 3.790000000000000000e+02 3.100000000000000000e+01 6.800000000000000000e+01 9.450000000000000000e+03
-9.439546585083007812e+00 -1.272974133491516113e+00 1.163698080927133560e-02 4.100000000000000000e+01 4.865876800000000000e+07 3.590000000000000000e+02 3.100000000000000000e+01 4.600000000000000000e+01 9.525000000000000000e+03
-6.585844039916992188e+00 -1.286106854677200317e-01 1.955005526542663574e-01 9.600000000000000000e+01 4.875592800000000000e+07 4.130000000000000000e+02 2.800000000000000000e+01 9.500000000000000000e+01 6.590000000000000000e+03
-9.453129768371582031e+00 -1.215795516967773438e+00 1.164431031793355942e-02 3.300000000000000000e+01 4.875592800000000000e+07 2.950000000000000000e+02 3.100000000000000000e+01 6.500000000000000000e+01 9.531000000000000000e+03
-6.622490406036376953e+00 -8.868010342121124268e-02 1.965685486793518066e-01 2.470000000000000000e+02 4.885192800000000000e+07 1.078000000000000000e+03 2.800000000000000000e+01 6.200000000000000000e+01 6.626000000000000000e+03
-9.498130798339843750e+00 -1.162385344505310059e+00 1.169073674827814102e-02 6.000000000000000000e+01 4.885192800000000000e+07 5.360000000000000000e+02 3.100000000000000000e+01 5.000000000000000000e+01 9.569000000000000000e+03
-1.478610134124755859e+01 -1.072606220841407776e-01 4.388527870178222656e-01 1.640000000000000000e+02 4.894875200000000000e+07 3.560000000000000000e+03 2.800000000000000000e+01 3.800000000000000000e+01 1.479300000000000000e+04
-9.449458122253417969e+00 -1.097622632980346680e+00 1.162231992930173874e-02 6.300000000000000000e+01 4.894875200000000000e+07 5.570000000000000000e+02 3.100000000000000000e+01 4.900000000000000000e+01 9.513000000000000000e+03
-1.472150897979736328e+01 -1.646014861762523651e-02 4.369244575500488281e-01 2.170000000000000000e+02 4.904638000000000000e+07 4.654000000000000000e+03 2.800000000000000000e+01 5.000000000000000000e+01 1.472800000000000000e+04
-9.326794624328613281e+00 -1.025414228439331055e+00 1.146349497139453888e-02 8.400000000000000000e+01 4.904638000000000000e+07 7.270000000000000000e+02 3.100000000000000000e+01 5.300000000000000000e+01 9.383000000000000000e+03
-1.468235111236572266e+01 7.367403805255889893e-02 4.357675015926361084e-01 2.630000000000000000e+02 4.914308800000000000e+07 5.622000000000000000e+03 2.800000000000000000e+01 5.100000000000000000e+01 1.468900000000000000e+04
-9.374686241149902344e+00 -9.725004434585571289e-01 1.151480711996555328e-02 1.240000000000000000e+02 4.914308800000000000e+07 1.096000000000000000e+03 3.100000000000000000e+01 6.600000000000000000e+01 9.425000000000000000e+03
-1.465363597869873047e+01 1.634496897459030151e-01 4.349368214607238770e-01 2.070000000000000000e+02 4.924086000000000000e+07 4.397000000000000000e+03 2.800000000000000000e+01 5.100000000000000000e+01 1.466100000000000000e+04
-9.541711807250976562e+00 -9.306868910789489746e-01 1.171272806823253632e-02 9.200000000000000000e+01 4.924086000000000000e+07 8.390000000000000000e+02 3.100000000000000000e+01 7.900000000000000000e+01 9.587000000000000000e+03
-1.462337493896484375e+01 2.528584897518157959e-01 4.340765178203582764e-01 2.980000000000000000e+02 4.933762000000000000e+07 6.349000000000000000e+03 2.800000000000000000e+01 5.300000000000000000e+01 1.463200000000000000e+04
-6.639460563659667969e+00 -1.250932514667510986e-01 1.344635486602783203e-01 1.930000000000000000e+02 4.933762000000000000e+07 8.450000000000000000e+02 2.900000000000000000e+01 6.400000000000000000e+01 6.642000000000000000e+03
-9.652803421020507812e+00 -8.817652463912963867e-01 1.184223126620054245e-02 5.900000000000000000e+01 4.933762000000000000e+07 5.500000000000000000e+02 3.100000000000000000e+01 5.800000000000000000e+01 9.693000000000000000e+03
-1.449863529205322266e+01 3.397012650966644287e-01 4.304275512695312500e-01 2.530000000000000000e+02 4.943576000000000000e+07 5.275000000000000000e+03 2.800000000000000000e+01 5.100000000000000000e+01 1.450900000000000000e+04
-6.647101402282714844e+00 -8.444083482027053833e-02 1.346052587032318115e-01 3.300000000000000000e+02 4.943576000000000000e+07 1.456000000000000000e+03 2.900000000000000000e+01 8.500000000000000000e+01 6.649000000000000000e+03
-9.633121490478515625e+00 -8.203986883163452148e-01 1.181168761104345322e-02 3.600000000000000000e+01 4.943576000000000000e+07 3.310000000000000000e+02 3.100000000000000000e+01 6.400000000000000000e+01 9.668000000000000000e+03
-1.443832874298095703e+01 4.269432425498962402e-01 4.287069141864776611e-01 3.060000000000000000e+02 4.953360000000000000e+07 6.338000000000000000e+03 2.800000000000000000e+01 5.700000000000000000e+01 1.445100000000000000e+04
-1.478965091705322266e+01 -9.712209552526473999e-02 2.994759678840637207e-01 2.150000000000000000e+02 4.953360000000000000e+07 4.666000000000000000e+03 2.900000000000000000e+01 8.900000000000000000e+01 1.479300000000000000e+04
-9.628005027770996094e+00 -7.604880928993225098e-01 1.179946959018707275e-02 5.500000000000000000e+01 4.953360000000000000e+07 5.010000000000000000e+02 3.100000000000000000e+01 3.900000000000000000e+01 9.658000000000000000e+03
-1.439148521423339844e+01 5.139574408531188965e-01 4.274016022682189941e-01 2.170000000000000000e+02 4.963108000000000000e+07 4.454000000000000000e+03 2.800000000000000000e+01 4.700000000000000000e+01 1.440700000000000000e+04
-1.477097225189208984e+01 -6.364489439874887466e-03 2.990913093090057373e-01 3.090000000000000000e+02 4.963108000000000000e+07 6.710000000000000000e+03 2.900000000000000000e+01 6.400000000000000000e+01 1.477400000000000000e+04
-9.854901313781738281e+00 -7.175924777984619141e-01 1.207191683351993561e-02 6.600000000000000000e+01 4.963108000000000000e+07 6.390000000000000000e+02 3.100000000000000000e+01 6.100000000000000000e+01 9.881000000000000000e+03
-1.438306713104248047e+01 6.020432710647583008e-01 4.272532463073730469e-01 2.280000000000000000e+02 4.972768800000000000e+07 4.678000000000000000e+03 2.800000000000000000e+01 5.200000000000000000e+01 1.440200000000000000e+04
-1.470474720001220703e+01 8.389215916395187378e-02 2.977551817893981934e-01 2.920000000000000000e+02 4.972768800000000000e+07 6.281000000000000000e+03 2.900000000000000000e+01 7.300000000000000000e+01 1.470800000000000000e+04
-9.432066917419433594e+00 -6.286473870277404785e-01 1.154901552945375443e-02 7.300000000000000000e+01 4.972768800000000000e+07 6.430000000000000000e+02 3.100000000000000000e+01 1.200000000000000000e+02 9.453000000000000000e+03
-1.442502975463867188e+01 6.924895644187927246e-01 4.286179244518280029e-01 1.810000000000000000e+02 4.982470000000000000e+07 3.729000000000000000e+03 2.800000000000000000e+01 3.800000000000000000e+01 1.444800000000000000e+04
-1.464797115325927734e+01 1.734542548656463623e-01 2.966215014457702637e-01 2.840000000000000000e+02 4.982470000000000000e+07 6.083000000000000000e+03 2.900000000000000000e+01 7.300000000000000000e+01 1.465200000000000000e+04
-1.496473693847656250e+01 -3.635252416133880615e-01 1.593752205371856689e-01 4.200000000000000000e+01 4.982470000000000000e+07 9.220000000000000000e+02 3.000000000000000000e+01 1.010000000000000000e+02 1.497000000000000000e+04
-9.901893615722656250e+00 -5.989584326744079590e-01 1.211956329643726349e-02 4.800000000000000000e+01 4.982470000000000000e+07 4.660000000000000000e+02 3.100000000000000000e+01 7.400000000000000000e+01 9.920000000000000000e+03
-1.449237155914306641e+01 7.848787903785705566e-01 4.307538866996765137e-01 1.740000000000000000e+02 4.992234000000000000e+07 3.639000000000000000e+03 2.800000000000000000e+01 4.400000000000000000e+01 1.452000000000000000e+04
-1.460064792633056641e+01 2.625025510787963867e-01 2.956902682781219482e-01 2.210000000000000000e+02 4.992234000000000000e+07 4.701000000000000000e+03 2.900000000000000000e+01 7.100000000000000000e+01 1.460600000000000000e+04
-6.593540191650390625e+00 -1.196952909231185913e-01 7.021240144968032837e-02 1.940000000000000000e+02 4.992234000000000000e+07 8.330000000000000000e+02 3.000000000000000000e+01 5.300000000000000000e+01 6.595000000000000000e+03
-1.005316543579101562e+01 -5.462197661399841309e-01 1.230038050562143326e-02 4.000000000000000000e+01 4.992234000000000000e+07 4.000000000000000000e+02 3.100000000000000000e+01 5.900000000000000000e+01 1.006800000000000000e+04
-1.455612754821777344e+01 8.779398202896118164e-01 4.328008592128753662e-01 1.570000000000000000e+02 5.001996800000000000e+07 3.315000000000000000e+03 2.800000000000000000e+01 3.200000000000000000e+01 1.458900000000000000e+04
-1.453979206085205078e+01 3.506632745265960693e-01 2.944958209991455078e-01 2.450000000000000000e+02 5.001996800000000000e+07 5.153000000000000000e+03 2.900000000000000000e+01 5.900000000000000000e+01 1.454700000000000000e+04
-6.607148647308349609e+00 -7.939202338457107544e-02 7.035080343484878540e-02 1.880000000000000000e+02 5.001996800000000000e+07 8.150000000000000000e+02 3.000000000000000000e+01 4.800000000000000000e+01 6.608000000000000000e+03
-9.405082702636718750e+00 -4.531467556953430176e-01 1.150381192564964294e-02 7.500000000000000000e+01 5.001996800000000000e+07 6.580000000000000000e+02 3.100000000000000000e+01 8.700000000000000000e+01 9.416000000000000000e+03
-1.470904731750488281e+01 9.777796268463134766e-01 4.375177919864654541e-01 1.860000000000000000e+02 5.011734000000000000e+07 3.996000000000000000e+03 2.800000000000000000e+01 3.600000000000000000e+01 1.474800000000000000e+04
-1.449839210510253906e+01 4.386918544769287109e-01 2.937062978744506836e-01 2.980000000000000000e+02 5.011734000000000000e+07 6.242000000000000000e+03 2.900000000000000000e+01 5.300000000000000000e+01 1.450800000000000000e+04
-1.481390476226806641e+01 -8.710051327943801880e-02 1.577250510454177856e-01 4.300000000000000000e+01 5.011734000000000000e+07 9.270000000000000000e+02 3.000000000000000000e+01 8.800000000000000000e+01 1.481500000000000000e+04
-1.010107421875000000e+01 -4.245746135711669922e-01 1.235169265419244766e-02 3.700000000000000000e+01 5.011734000000000000e+07 3.720000000000000000e+02 3.100000000000000000e+01 6.500000000000000000e+01 1.011000000000000000e+04
-1.475261592864990234e+01 1.071635007858276367e+00 4.390010833740234375e-01 1.590000000000000000e+02 5.021590000000000000e+07 3.451000000000000000e+03 2.800000000000000000e+01 4.800000000000000000e+01 1.479800000000000000e+04
-1.442648792266845703e+01 5.251346230506896973e-01 2.923094332218170166e-01 2.790000000000000000e+02 5.021590000000000000e+07 5.781000000000000000e+03 2.900000000000000000e+01 8.100000000000000000e+01 1.443900000000000000e+04
-1.169333744049072266e+01 2.997531322762370110e-03 1.244979202747344971e-01 4.400000000000000000e+01 5.021590000000000000e+07 5.930000000000000000e+02 3.000000000000000000e+01 7.100000000000000000e+01 1.169400000000000000e+04
-1.010748577117919922e+01 -3.627310395240783691e-01 1.235657930374145508e-02 3.800000000000000000e+01 5.021590000000000000e+07 3.820000000000000000e+02 3.100000000000000000e+01 7.200000000000000000e+01 1.011400000000000000e+04
-1.481551647186279297e+01 1.167632579803466797e+00 4.410777390003204346e-01 1.540000000000000000e+02 5.031300800000000000e+07 3.376000000000000000e+03 2.800000000000000000e+01 3.300000000000000000e+01 1.486800000000000000e+04
-1.440701103210449219e+01 6.129639744758605957e-01 2.919855117797851562e-01 2.690000000000000000e+02 5.031300800000000000e+07 5.564000000000000000e+03 2.900000000000000000e+01 6.000000000000000000e+01 1.442300000000000000e+04
-1.158210754394531250e+01 7.403694838285446167e-02 1.233161762356758118e-01 1.400000000000000000e+01 5.031300800000000000e+07 1.680000000000000000e+02 3.000000000000000000e+01 5.700000000000000000e+01 1.158300000000000000e+04
-1.005554580688476562e+01 -2.991003394126892090e-01 1.229060627520084381e-02 4.300000000000000000e+01 5.031300800000000000e+07 4.290000000000000000e+02 3.100000000000000000e+01 6.500000000000000000e+01 1.006000000000000000e+04
-1.493954181671142578e+01 1.269690155982971191e+00 4.449936747550964355e-01 1.620000000000000000e+02 5.040920000000000000e+07 3.591000000000000000e+03 2.800000000000000000e+01 4.800000000000000000e+01 1.500000000000000000e+04
-1.444092559814453125e+01 7.032000422477722168e-01 2.927547991275787354e-01 2.100000000000000000e+02 5.040920000000000000e+07 4.339000000000000000e+03 2.900000000000000000e+01 5.600000000000000000e+01 1.446100000000000000e+04
-1.465501976013183594e+01 1.836104989051818848e-01 1.560429334640502930e-01 1.270000000000000000e+02 5.040920000000000000e+07 2.700000000000000000e+03 3.000000000000000000e+01 3.500000000000000000e+01 1.465700000000000000e+04
-6.574163913726806641e+00 -1.551799029111862183e-01 8.034097962081432343e-03 1.400000000000000000e+02 5.040920000000000000e+07 5.990000000000000000e+02 3.100000000000000000e+01 4.700000000000000000e+01 6.576000000000000000e+03
-1.497825431823730469e+01 1.365599155426025391e+00 4.463880062103271484e-01 1.170000000000000000e+02 5.050684000000000000e+07 2.619000000000000000e+03 2.800000000000000000e+01 3.600000000000000000e+01 1.504700000000000000e+04
-1.454215812683105469e+01 7.975985407829284668e-01 2.949007153511047363e-01 2.050000000000000000e+02 5.050684000000000000e+07 4.298000000000000000e+03 2.900000000000000000e+01 4.800000000000000000e+01 1.456700000000000000e+04
-1.462462329864501953e+01 2.729873657226562500e-01 1.557341814041137695e-01 1.530000000000000000e+02 5.050684000000000000e+07 3.245000000000000000e+03 3.000000000000000000e+01 4.200000000000000000e+01 1.462800000000000000e+04
-6.578991889953613281e+00 -1.149085238575935364e-01 8.038984611630439758e-03 1.720000000000000000e+02 5.050684000000000000e+07 7.420000000000000000e+02 3.100000000000000000e+01 6.900000000000000000e+01 6.580000000000000000e+03
-1.463279342651367188e+01 8.926568627357482910e-01 2.968441843986511230e-01 2.390000000000000000e+02 5.060456800000000000e+07 5.065000000000000000e+03 2.900000000000000000e+01 5.200000000000000000e+01 1.466300000000000000e+04
-1.458468818664550781e+01 3.617749810218811035e-01 1.553296297788619995e-01 1.240000000000000000e+02 5.060456800000000000e+07 2.612000000000000000e+03 3.000000000000000000e+01 3.600000000000000000e+01 1.459000000000000000e+04
-6.589572429656982422e+00 -7.465169578790664673e-02 8.051201701164245605e-03 1.710000000000000000e+02 5.060456800000000000e+07 7.400000000000000000e+02 3.100000000000000000e+01 6.400000000000000000e+01 6.590000000000000000e+03
-1.471282958984375000e+01 9.881871938705444336e-01 2.985852062702178955e-01 2.000000000000000000e+02 5.070056000000000000e+07 4.318000000000000000e+03 2.900000000000000000e+01 5.500000000000000000e+01 1.474900000000000000e+04
-1.445326232910156250e+01 4.472682476043701172e-01 1.539562493562698364e-01 1.070000000000000000e+02 5.070056000000000000e+07 2.210000000000000000e+03 3.000000000000000000e+01 3.500000000000000000e+01 1.446100000000000000e+04
-6.608906269073486328e+00 -3.431609272956848145e-02 8.074414916336536407e-03 4.200000000000000000e+01 5.070056000000000000e+07 1.800000000000000000e+02 3.100000000000000000e+01 8.100000000000000000e+01 6.609000000000000000e+03
-1.482414913177490234e+01 1.087072968482971191e+00 3.009740412235260010e-01 1.620000000000000000e+02 5.079814000000000000e+07 3.526000000000000000e+03 2.900000000000000000e+01 5.100000000000000000e+01 1.486700000000000000e+04
-1.446523475646972656e+01 5.364993214607238770e-01 1.541159600019454956e-01 1.670000000000000000e+02 5.079814000000000000e+07 3.452000000000000000e+03 3.000000000000000000e+01 3.000000000000000000e+01 1.447600000000000000e+04
-1.061598777770996094e+01 1.001691538840532303e-02 1.296988781541585922e-02 5.000000000000000000e+01 5.079814000000000000e+07 5.570000000000000000e+02 3.100000000000000000e+01 6.100000000000000000e+01 1.061600000000000000e+04
-1.488995552062988281e+01 1.183796048164367676e+00 3.024518787860870361e-01 2.030000000000000000e+02 5.089588000000000000e+07 4.478000000000000000e+03 2.900000000000000000e+01 4.100000000000000000e+01 1.494000000000000000e+04
-1.442270851135253906e+01 6.235616803169250488e-01 1.537007391452789307e-01 1.430000000000000000e+02 5.089588000000000000e+07 2.952000000000000000e+03 3.000000000000000000e+01 4.400000000000000000e+01 1.443700000000000000e+04
-1.025573539733886719e+01 7.260660827159881592e-02 1.253006514161825180e-02 5.400000000000000000e+01 5.089588000000000000e+07 5.610000000000000000e+02 3.100000000000000000e+01 7.100000000000000000e+01 1.025600000000000000e+04
-1.497704505920410156e+01 1.283245086669921875e+00 3.043751120567321777e-01 2.160000000000000000e+02 5.099376800000000000e+07 4.828000000000000000e+03 2.900000000000000000e+01 4.800000000000000000e+01 1.503500000000000000e+04
-1.449950790405273438e+01 7.160410284996032715e-01 1.545630991458892822e-01 1.450000000000000000e+02 5.099376800000000000e+07 3.031000000000000000e+03 3.000000000000000000e+01 2.600000000000000000e+01 1.451800000000000000e+04
-9.091198921203613281e+00 1.201509684324264526e-01 1.110797096043825150e-02 1.120000000000000000e+02 5.099376800000000000e+07 9.180000000000000000e+02 3.100000000000000000e+01 1.100000000000000000e+02 9.092000000000000000e+03
-1.494477272033691406e+01 2.840188145637512207e-01 5.611609816551208496e-01 8.600000000000000000e+01 5.109026000000000000e+07 1.910000000000000000e+03 2.700000000000000000e+01 1.890000000000000000e+02 1.495800000000000000e+04
-1.459168720245361328e+01 8.103733658790588379e-01 1.555957943201065063e-01 1.590000000000000000e+02 5.109026000000000000e+07 3.366000000000000000e+03 3.000000000000000000e+01 4.900000000000000000e+01 1.461500000000000000e+04
-1.085096073150634766e+01 2.100068181753158569e-01 1.325943879783153534e-02 9.900000000000000000e+01 5.109026000000000000e+07 1.158000000000000000e+03 3.100000000000000000e+01 7.800000000000000000e+01 1.085300000000000000e+04
-1.469323158264160156e+01 9.064793586730957031e-01 1.567349433898925781e-01 1.520000000000000000e+02 5.118754000000000000e+07 3.264000000000000000e+03 3.000000000000000000e+01 4.700000000000000000e+01 1.472200000000000000e+04
-1.061954212188720703e+01 2.707216739654541016e-01 1.297844015061855316e-02 9.000000000000000000e+01 5.118754000000000000e+07 1.009000000000000000e+03 3.100000000000000000e+01 7.300000000000000000e+01 1.062300000000000000e+04
-1.480910587310791016e+01 1.004877090454101562e+00 1.580337882041931152e-01 1.650000000000000000e+02 5.128583200000000000e+07 3.609000000000000000e+03 3.000000000000000000e+01 2.500000000000000000e+01 1.484400000000000000e+04
-1.107545185089111328e+01 3.503578603267669678e-01 1.353799272328615189e-02 4.000000000000000000e+01 5.128583200000000000e+07 4.820000000000000000e+02 3.100000000000000000e+01 8.200000000000000000e+01 1.108100000000000000e+04
-1.487346363067626953e+01 1.100966095924377441e+00 1.587896794080734253e-01 1.060000000000000000e+02 5.138276000000000000e+07 2.329000000000000000e+03 3.000000000000000000e+01 3.800000000000000000e+01 1.491500000000000000e+04
-1.065938949584960938e+01 4.026804268360137939e-01 1.303219702094793320e-02 6.400000000000000000e+01 5.138276000000000000e+07 7.190000000000000000e+02 3.100000000000000000e+01 9.100000000000000000e+01 1.066700000000000000e+04
-1.497307872772216797e+01 1.200760126113891602e+00 1.599288284778594971e-01 1.010000000000000000e+02 5.148012800000000000e+07 2.252000000000000000e+03 3.000000000000000000e+01 2.600000000000000000e+01 1.502200000000000000e+04
-1.107331562042236328e+01 4.863759577274322510e-01 1.354165840893983841e-02 5.400000000000000000e+01 5.148012800000000000e+07 6.560000000000000000e+02 3.100000000000000000e+01 7.300000000000000000e+01 1.108400000000000000e+04
-1.041494464874267578e+01 5.215048193931579590e-01 1.274020317941904068e-02 1.420000000000000000e+02 5.157843200000000000e+07 1.537000000000000000e+03 3.100000000000000000e+01 8.100000000000000000e+01 1.042800000000000000e+04
-1.062620925903320312e+01 5.974693894386291504e-01 1.300287526100873947e-02 7.800000000000000000e+01 5.167528000000000000e+07 8.750000000000000000e+02 3.100000000000000000e+01 8.700000000000000000e+01 1.064300000000000000e+04
-1.063631629943847656e+01 6.635310053825378418e-01 1.301997900009155273e-02 1.670000000000000000e+02 5.177328000000000000e+07 1.874000000000000000e+03 3.100000000000000000e+01 1.150000000000000000e+02 1.065700000000000000e+04
-1.055722045898437500e+01 7.236528396606445312e-01 1.292834989726543427e-02 1.530000000000000000e+02 5.187039200000000000e+07 1.703000000000000000e+03 3.100000000000000000e+01 1.020000000000000000e+02 1.058200000000000000e+04
-1.099036121368408203e+01 8.211250305175781250e-01 1.346468925476074219e-02 7.900000000000000000e+01 5.196623200000000000e+07 9.510000000000000000e+02 3.100000000000000000e+01 7.600000000000000000e+01 1.102100000000000000e+04
-1.094325160980224609e+01 8.851589560508728027e-01 1.341337524354457855e-02 9.900000000000000000e+01 5.206422000000000000e+07 1.176000000000000000e+03 3.100000000000000000e+01 1.690000000000000000e+02 1.097900000000000000e+04
-1.116575145721435547e+01 9.721516370773315430e-01 1.369315199553966522e-02 7.700000000000000000e+01 5.216240800000000000e+07 9.590000000000000000e+02 3.100000000000000000e+01 8.000000000000000000e+01 1.120800000000000000e+04
-1.093355751037597656e+01 1.019568562507629395e+00 1.341581996530294418e-02 5.500000000000000000e+01 5.225896800000000000e+07 6.530000000000000000e+02 3.100000000000000000e+01 1.010000000000000000e+02 1.098100000000000000e+04
-1.137190055847167969e+01 1.130869746208190918e+00 1.396193262189626694e-02 5.800000000000000000e+01 5.235711200000000000e+07 7.450000000000000000e+02 3.100000000000000000e+01 1.080000000000000000e+02 1.142800000000000000e+04
-1.048564147949218750e+01 1.107752203941345215e+00 1.288192346692085266e-02 8.800000000000000000e+01 5.245340800000000000e+07 9.680000000000000000e+02 3.100000000000000000e+01 1.090000000000000000e+02 1.054400000000000000e+04
-1.108884143829345703e+01 1.240322232246398926e+00 1.363206654787063599e-02 7.400000000000000000e+01 5.255072800000000000e+07 9.070000000000000000e+02 3.100000000000000000e+01 1.290000000000000000e+02 1.115800000000000000e+04
-1.116444206237792969e+01 1.318188190460205078e+00 1.373469084501266479e-02 1.250000000000000000e+02 5.264872000000000000e+07 1.569000000000000000e+03 3.100000000000000000e+01 9.500000000000000000e+01 1.124200000000000000e+04
-1.104698371887207031e+01 1.373098969459533691e+00 1.360030099749565125e-02 1.130000000000000000e+02 5.274552800000000000e+07 1.389000000000000000e+03 3.100000000000000000e+01 1.010000000000000000e+02 1.113200000000000000e+04
-1.131004524230957031e+01 1.476320862770080566e+00 1.393505465239286423e-02 9.500000000000000000e+01 5.284338000000000000e+07 1.225000000000000000e+03 3.100000000000000000e+01 9.500000000000000000e+01 1.140600000000000000e+04
-1.126708793640136719e+01 1.541082739830017090e+00 1.389351673424243927e-02 1.500000000000000000e+02 5.294095200000000000e+07 1.926000000000000000e+03 3.100000000000000000e+01 1.260000000000000000e+02 1.137200000000000000e+04
-1.081789302825927734e+01 1.547320246696472168e+00 1.335106790065765381e-02 1.230000000000000000e+02 5.303863200000000000e+07 1.458000000000000000e+03 3.100000000000000000e+01 1.080000000000000000e+02 1.092800000000000000e+04
-1.124139308929443359e+01 1.678345084190368652e+00 1.388618536293506622e-02 6.200000000000000000e+01 5.313456800000000000e+07 7.890000000000000000e+02 3.100000000000000000e+01 1.100000000000000000e+02 1.136600000000000000e+04
-1.138305282592773438e+01 1.770963788032531738e+00 1.407433208078145981e-02 1.180000000000000000e+02 5.323174000000000000e+07 1.552000000000000000e+03 3.100000000000000000e+01 1.230000000000000000e+02 1.152000000000000000e+04
-1.146673870086669922e+01 1.856115341186523438e+00 1.419161818921566010e-02 9.200000000000000000e+01 5.332815200000000000e+07 1.226000000000000000e+03 3.100000000000000000e+01 1.300000000000000000e+02 1.161600000000000000e+04
-1.074116039276123047e+01 1.806368231773376465e+00 1.330708526074886322e-02 1.930000000000000000e+02 5.342652800000000000e+07 2.270000000000000000e+03 3.100000000000000000e+01 7.600000000000000000e+01 1.089200000000000000e+04
-1.136822986602783203e+01 1.983626484870910645e+00 1.409876719117164612e-02 1.360000000000000000e+02 5.352239200000000000e+07 1.799000000000000000e+03 3.100000000000000000e+01 1.090000000000000000e+02 1.154000000000000000e+04
-1.146212100982666016e+01 2.072560071945190430e+00 1.423071417957544327e-02 1.560000000000000000e+02 5.362048000000000000e+07 2.105000000000000000e+03 3.100000000000000000e+01 9.500000000000000000e+01 1.164800000000000000e+04
-1.185317325592041016e+01 2.218461751937866211e+00 1.473284512758255005e-02 8.300000000000000000e+01 5.371820800000000000e+07 1.188000000000000000e+03 3.100000000000000000e+01 1.490000000000000000e+02 1.205900000000000000e+04
-1.166556167602539062e+01 2.257520675659179688e+00 1.451659947633743286e-02 9.500000000000000000e+01 5.381610000000000000e+07 1.322000000000000000e+03 3.100000000000000000e+01 1.600000000000000000e+02 1.188200000000000000e+04
-1.119845199584960938e+01 2.238497257232666016e+00 1.395215839147567749e-02 1.420000000000000000e+02 5.391392000000000000e+07 1.837000000000000000e+03 3.100000000000000000e+01 1.290000000000000000e+02 1.142000000000000000e+04
-1.184264945983886719e+01 2.442931175231933594e+00 1.477316208183765411e-02 9.300000000000000000e+01 5.401258000000000000e+07 1.341000000000000000e+03 3.100000000000000000e+01 1.490000000000000000e+02 1.209200000000000000e+04
-1.249647235870361328e+01 2.657845735549926758e+00 1.560882572084665298e-02 7.600000000000000000e+01 5.410986000000000000e+07 1.222000000000000000e+03 3.100000000000000000e+01 1.300000000000000000e+02 1.277600000000000000e+04
-1.294880485534667969e+01 2.837207794189453125e+00 1.619525626301765442e-02 7.800000000000000000e+01 5.420703200000000000e+07 1.349000000000000000e+03 3.100000000000000000e+01 1.420000000000000000e+02 1.325600000000000000e+04
-1.113819313049316406e+01 2.512206792831420898e+00 1.394971553236246109e-02 1.830000000000000000e+02 5.430476000000000000e+07 2.372000000000000000e+03 3.100000000000000000e+01 1.210000000000000000e+02 1.141800000000000000e+04
-1.086832237243652344e+01 2.521515607833862305e+00 1.363084465265274048e-02 7.700000000000000000e+01 5.440132000000000000e+07 9.520000000000000000e+02 3.100000000000000000e+01 1.780000000000000000e+02 1.115700000000000000e+04
-1.219111061096191406e+01 2.907353878021240234e+00 1.531194522976875305e-02 7.400000000000000000e+01 5.449986000000000000e+07 1.141000000000000000e+03 3.100000000000000000e+01 1.570000000000000000e+02 1.253300000000000000e+04
-1.181755352020263672e+01 2.895016193389892578e+00 1.486479211598634720e-02 1.870000000000000000e+02 5.459616800000000000e+07 2.755000000000000000e+03 3.100000000000000000e+01 1.080000000000000000e+02 1.216700000000000000e+04
-1.200031566619873047e+01 3.017959117889404297e+00 1.511768996715545654e-02 9.200000000000000000e+01 5.469278000000000000e+07 1.400000000000000000e+03 3.100000000000000000e+01 1.840000000000000000e+02 1.237400000000000000e+04
-1.173465919494628906e+01 3.027825355529785156e+00 1.480614859610795975e-02 1.640000000000000000e+02 5.479159200000000000e+07 2.387000000000000000e+03 3.100000000000000000e+01 1.680000000000000000e+02 1.211900000000000000e+04
-1.246701335906982422e+01 3.298510313034057617e+00 1.575543358922004700e-02 8.900000000000000000e+01 5.488850000000000000e+07 1.457000000000000000e+03 3.100000000000000000e+01 1.600000000000000000e+02 1.289600000000000000e+04
-1.302852249145507812e+01 3.532752275466918945e+00 1.649213582277297974e-02 1.090000000000000000e+02 5.498536000000000000e+07 1.965000000000000000e+03 3.100000000000000000e+01 1.370000000000000000e+02 1.349900000000000000e+04
-1.286207294464111328e+01 3.572484016418457031e+00 1.630887761712074280e-02 1.190000000000000000e+02 5.508411200000000000e+07 2.096000000000000000e+03 3.100000000000000000e+01 1.580000000000000000e+02 1.334900000000000000e+04
-1.318714332580566406e+01 3.750080823898315430e+00 1.674992218613624573e-02 1.240000000000000000e+02 5.518119200000000000e+07 2.313000000000000000e+03 3.100000000000000000e+01 1.120000000000000000e+02 1.371000000000000000e+04
-1.318980884552001953e+01 3.838469505310058594e+00 1.678290776908397675e-02 1.340000000000000000e+02 5.527867200000000000e+07 2.504000000000000000e+03 3.100000000000000000e+01 1.500000000000000000e+02 1.373700000000000000e+04
-1.284301567077636719e+01 3.823178291320800781e+00 1.637118496000766754e-02 9.400000000000000000e+01 5.537711200000000000e+07 1.668000000000000000e+03 3.100000000000000000e+01 1.280000000000000000e+02 1.340000000000000000e+04
-1.315223503112792969e+01 4.003242969512939453e+00 1.679634861648082733e-02 1.290000000000000000e+02 5.547315200000000000e+07 2.417000000000000000e+03 3.100000000000000000e+01 1.320000000000000000e+02 1.374800000000000000e+04
-1.381492328643798828e+01 4.297745227813720703e+00 1.767599210143089294e-02 5.900000000000000000e+01 5.556991200000000000e+07 1.207000000000000000e+03 3.100000000000000000e+01 1.530000000000000000e+02 1.446800000000000000e+04
-1.317359542846679688e+01 4.187057495117187500e+00 1.688797771930694580e-02 1.130000000000000000e+02 5.566770000000000000e+07 2.133000000000000000e+03 3.100000000000000000e+01 1.560000000000000000e+02 1.382300000000000000e+04
-1.298976612091064453e+01 4.216557979583740234e+00 1.668516919016838074e-02 1.360000000000000000e+02 5.576503200000000000e+07 2.510000000000000000e+03 3.100000000000000000e+01 1.630000000000000000e+02 1.365700000000000000e+04
-1.273393535614013672e+01 4.220055103302001953e+00 1.638951152563095093e-02 1.660000000000000000e+02 5.586164000000000000e+07 2.946000000000000000e+03 3.100000000000000000e+01 1.490000000000000000e+02 1.341500000000000000e+04
-1.370813274383544922e+01 4.636447429656982422e+00 1.767965778708457947e-02 8.400000000000000000e+01 5.595720800000000000e+07 1.732000000000000000e+03 3.100000000000000000e+01 1.460000000000000000e+02 1.447100000000000000e+04
-1.403674983978271484e+01 4.843776226043701172e+00 1.814147271215915680e-02 7.900000000000000000e+01 5.605520000000000000e+07 1.729000000000000000e+03 3.100000000000000000e+01 1.820000000000000000e+02 1.484900000000000000e+04
-1.376151084899902344e+01 4.843493461608886719e+00 1.782382279634475708e-02 1.580000000000000000e+02 5.615278000000000000e+07 3.341000000000000000e+03 3.100000000000000000e+01 1.210000000000000000e+02 1.458900000000000000e+04
-1.362893962860107422e+01 4.891023635864257812e+00 1.769065298140048981e-02 9.900000000000000000e+01 5.624968800000000000e+07 2.048000000000000000e+03 3.100000000000000000e+01 1.520000000000000000e+02 1.448000000000000000e+04
-1.402691745758056641e+01 5.131214618682861328e+00 1.824776269495487213e-02 7.800000000000000000e+01 5.634720800000000000e+07 1.711000000000000000e+03 3.100000000000000000e+01 1.480000000000000000e+02 1.493600000000000000e+04
-1.357070446014404297e+01 5.058951377868652344e+00 1.769431866705417633e-02 8.400000000000000000e+01 5.644567200000000000e+07 1.734000000000000000e+03 3.100000000000000000e+01 1.510000000000000000e+02 1.448300000000000000e+04
-1.353192806243896484e+01 5.139284133911132812e+00 1.768454536795616150e-02 1.340000000000000000e+02 5.654272800000000000e+07 2.783000000000000000e+03 3.100000000000000000e+01 1.350000000000000000e+02 1.447500000000000000e+04
-1.350200462341308594e+01 5.222939014434814453e+00 1.768698729574680328e-02 1.010000000000000000e+02 5.663971200000000000e+07 2.095000000000000000e+03 3.100000000000000000e+01 1.190000000000000000e+02 1.447700000000000000e+04
-1.372649955749511719e+01 5.406838893890380859e+00 1.802418567240238190e-02 1.560000000000000000e+02 5.673698000000000000e+07 3.375000000000000000e+03 3.100000000000000000e+01 1.070000000000000000e+02 1.475300000000000000e+04
-1.344060802459716797e+01 5.389725208282470703e+00 1.769187487661838531e-02 8.500000000000000000e+01 5.683404000000000000e+07 1.753000000000000000e+03 3.100000000000000000e+01 1.620000000000000000e+02 1.448100000000000000e+04
-1.384243583679199219e+01 5.649697780609130859e+00 1.826608926057815552e-02 1.260000000000000000e+02 5.693188000000000000e+07 2.787000000000000000e+03 3.100000000000000000e+01 1.500000000000000000e+02 1.495100000000000000e+04
-1.401437664031982422e+01 5.820443153381347656e+00 1.853975653648376465e-02 1.010000000000000000e+02 5.702888800000000000e+07 2.303000000000000000e+03 3.100000000000000000e+01 1.120000000000000000e+02 1.517500000000000000e+04
-1.419763183593750000e+01 5.998957157135009766e+00 1.883052848279476166e-02 1.060000000000000000e+02 5.712719200000000000e+07 2.490000000000000000e+03 3.100000000000000000e+01 1.380000000000000000e+02 1.541300000000000000e+04
-1.329510116577148438e+01 5.714002132415771484e+00 1.767965778708457947e-02 1.300000000000000000e+02 5.722466000000000000e+07 2.696000000000000000e+03 3.100000000000000000e+01 1.440000000000000000e+02 1.447100000000000000e+04
-1.347420501708984375e+01 5.889186382293701172e+00 1.796554401516914368e-02 1.370000000000000000e+02 5.732127200000000000e+07 2.949000000000000000e+03 3.100000000000000000e+01 1.870000000000000000e+02 1.470500000000000000e+04
-8.016866683959960938e+00 4.280664443969726562e+00 1.840219348669052124e-01 1.240000000000000000e+02 5.741803200000000000e+07 1.016000000000000000e+03 2.900000000000000000e+01 1.220000000000000000e+02 9.090000000000000000e+03
-1.431783103942871094e+01 6.362829208374023438e+00 1.914206892251968384e-02 1.180000000000000000e+02 5.741803200000000000e+07 2.872000000000000000e+03 3.100000000000000000e+01 1.160000000000000000e+02 1.566800000000000000e+04
-7.994845390319824219e+00 4.332156181335449219e+00 1.841231584548950195e-01 7.500000000000000000e+01 5.751535200000000000e+07 6.110000000000000000e+02 2.900000000000000000e+01 1.290000000000000000e+02 9.095000000000000000e+03
-1.366611385345458984e+01 6.173897266387939453e+00 1.832106523215770721e-02 1.490000000000000000e+02 5.751535200000000000e+07 3.339000000000000000e+03 3.100000000000000000e+01 1.750000000000000000e+02 1.499600000000000000e+04
-1.327900600433349609e+01 6.097396850585937500e+00 1.785192266106605530e-02 1.520000000000000000e+02 5.761391200000000000e+07 3.233000000000000000e+03 3.100000000000000000e+01 1.810000000000000000e+02 1.461200000000000000e+04
-1.429615592956542969e+01 6.670964241027832031e+00 1.927401684224605560e-02 8.400000000000000000e+01 5.771124000000000000e+07 2.064000000000000000e+03 3.100000000000000000e+01 1.250000000000000000e+02 1.577600000000000000e+04
-1.364864826202392578e+01 6.471096515655517578e+00 1.845423504710197449e-02 1.220000000000000000e+02 5.780900800000000000e+07 2.754000000000000000e+03 3.100000000000000000e+01 1.490000000000000000e+02 1.510500000000000000e+04
-1.367085075378417969e+01 6.584663391113281250e+00 1.853853464126586914e-02 1.360000000000000000e+02 5.790726000000000000e+07 3.101000000000000000e+03 3.100000000000000000e+01 1.510000000000000000e+02 1.517400000000000000e+04
-8.020401954650878906e+00 4.289638042449951172e+00 9.683881700038909912e-02 1.140000000000000000e+02 5.800504800000000000e+07 9.320000000000000000e+02 3.000000000000000000e+01 3.700000000000000000e+01 9.096000000000000000e+03
-1.417992591857910156e+01 6.937374114990234375e+00 1.928623393177986145e-02 1.200000000000000000e+02 5.800504800000000000e+07 2.959000000000000000e+03 3.100000000000000000e+01 1.470000000000000000e+02 1.578600000000000000e+04
-7.978990077972412109e+00 4.330660820007324219e+00 9.665782749652862549e-02 5.500000000000000000e+01 5.810247200000000000e+07 4.450000000000000000e+02 3.000000000000000000e+01 1.160000000000000000e+02 9.079000000000000000e+03
-1.409589672088623047e+01 7.003781318664550781e+00 1.923003420233726501e-02 1.760000000000000000e+02 5.810247200000000000e+07 4.335000000000000000e+03 3.100000000000000000e+01 1.190000000000000000e+02 1.574000000000000000e+04
-1.379642391204833984e+01 6.960860252380371094e+00 1.887939684092998505e-02 1.200000000000000000e+02 5.819960000000000000e+07 2.830000000000000000e+03 3.100000000000000000e+01 1.700000000000000000e+02 1.545300000000000000e+04
-1.405961894989013672e+01 7.202219963073730469e+00 1.929967291653156281e-02 1.300000000000000000e+02 5.829651200000000000e+07 3.214000000000000000e+03 3.100000000000000000e+01 1.390000000000000000e+02 1.579700000000000000e+04
-1.413848400115966797e+01 7.352483749389648438e+00 1.946949213743209839e-02 9.200000000000000000e+01 5.839378000000000000e+07 2.303000000000000000e+03 3.100000000000000000e+01 1.510000000000000000e+02 1.593600000000000000e+04
-1.415147113800048828e+01 7.469906806945800781e+00 1.955012790858745575e-02 1.060000000000000000e+02 5.849126000000000000e+07 2.687000000000000000e+03 3.100000000000000000e+01 1.230000000000000000e+02 1.600200000000000000e+04
-8.019663810729980469e+00 4.296333789825439453e+00 1.111530140042304993e-02 2.540000000000000000e+02 5.858796800000000000e+07 2.091000000000000000e+03 3.100000000000000000e+01 4.100000000000000000e+01 9.098000000000000000e+03
-8.001057624816894531e+00 4.349759101867675781e+00 1.112629752606153488e-02 1.660000000000000000e+02 5.868534000000000000e+07 1.363000000000000000e+03 3.100000000000000000e+01 7.500000000000000000e+01 9.107000000000000000e+03
-1.369810771942138672e+01 7.556206226348876953e+00 1.911274716258049011e-02 6.500000000000000000e+01 5.878327200000000000e+07 1.577000000000000000e+03 3.100000000000000000e+01 1.790000000000000000e+02 1.564400000000000000e+04
-1.356035232543945312e+01 7.920359611511230469e+00 1.918605156242847443e-02 1.780000000000000000e+02 5.917380800000000000e+07 4.330000000000000000e+03 3.100000000000000000e+01 1.620000000000000000e+02 1.570400000000000000e+04
-2.393938064575195312e+00 3.929125070571899414e+00 1.365537196397781372e-01 2.100000000000000000e+01 6.531804000000000000e+07 4.300000000000000000e+01 2.800000000000000000e+01 6.200000000000000000e+01 4.603000000000000000e+03
-2.419028520584106445e+00 3.922050237655639648e+00 9.330660849809646606e-02 1.810000000000000000e+02 6.580464800000000000e+07 3.830000000000000000e+02 2.900000000000000000e+01 7.800000000000000000e+01 4.609000000000000000e+03
-2.383486270904541016e+00 3.918027877807617188e+00 9.286123514175415039e-02 3.630000000000000000e+02 6.590274000000000000e+07 7.570000000000000000e+02 2.900000000000000000e+01 1.230000000000000000e+02 4.587000000000000000e+03
-2.343455314636230469e+00 3.906001567840576172e+00 9.223365783691406250e-02 1.280000000000000000e+02 6.599975200000000000e+07 2.640000000000000000e+02 2.900000000000000000e+01 7.600000000000000000e+01 4.556000000000000000e+03
-2.401391506195068359e+00 3.953577280044555664e+00 4.924982041120529175e-02 2.600000000000000000e+01 6.648796000000000000e+07 5.300000000000000000e+01 3.000000000000000000e+01 1.900000000000000000e+01 4.626000000000000000e+03
-2.298981666564941406e+00 3.837849855422973633e+00 4.763158038258552551e-02 1.300000000000000000e+01 6.658512800000000000e+07 2.400000000000000000e+01 3.000000000000000000e+01 2.200000000000000000e+01 4.474000000000000000e+03
-2.403652906417846680e+00 3.909136056900024414e+00 5.606519989669322968e-03 1.670000000000000000e+02 6.697390000000000000e+07 3.470000000000000000e+02 3.100000000000000000e+01 4.800000000000000000e+01 4.589000000000000000e+03
-2.378066062927246094e+00 3.921246051788330078e+00 5.602855235338211060e-03 2.000000000000000000e+02 6.707123200000000000e+07 4.170000000000000000e+02 3.100000000000000000e+01 5.600000000000000000e+01 4.586000000000000000e+03
-3.758104801177978516e+00 6.832171440124511719e+00 8.301990479230880737e-02 1.730000000000000000e+02 6.716825600000000000e+07 1.047000000000000000e+03 3.000000000000000000e+01 9.300000000000000000e+01 7.798000000000000000e+03
-3.708964586257934570e+00 6.841916084289550781e+00 8.286021649837493896e-02 2.930000000000000000e+02 6.726660000000000000e+07 1.771000000000000000e+03 3.000000000000000000e+01 6.900000000000000000e+01 7.783000000000000000e+03
-3.760838985443115234e+00 6.848282337188720703e+00 9.545378386974334717e-03 1.400000000000000000e+01 6.775439200000000000e+07 7.800000000000000000e+01 3.100000000000000000e+01 3.200000000000000000e+01 7.813000000000000000e+03
-3.700661182403564453e+00 6.837810516357421875e+00 9.498952887952327728e-03 1.380000000000000000e+02 6.785392000000000000e+07 8.310000000000000000e+02 3.100000000000000000e+01 6.100000000000000000e+01 7.775000000000000000e+03
-8.660387992858886719e-02 7.036503553390502930e-01 7.548232562839984894e-03 5.500000000000000000e+01 7.321788000000000000e+07 3.000000000000000000e+00 3.000000000000000000e+01 1.500000000000000000e+01 7.090000000000000000e+02
-5.542610213160514832e-02 6.896345019340515137e-01 1.400915067642927170e-02 5.400000000000000000e+01 7.331297600000000000e+07 3.000000000000000000e+00 2.900000000000000000e+01 1.200000000000000000e+01 6.920000000000000000e+02
-2.297575958073139191e-02 7.223165035247802734e-01 2.144869603216648102e-02 6.500000000000000000e+01 7.350734400000000000e+07 3.000000000000000000e+00 2.800000000000000000e+01 1.200000000000000000e+01 7.230000000000000000e+02
-3.216173872351646423e-02 7.377328872680664062e-01 6.161865219473838806e-02 6.700000000000000000e+01 7.448536800000000000e+07 4.000000000000000000e+00 2.200000000000000000e+01 1.700000000000000000e+01 7.410000000000000000e+02
-3.550626710057258606e-02 7.651473879814147949e-01 2.013773918151855469e-01 7.400000000000000000e+01 7.507592800000000000e+07 4.000000000000000000e+00 3.000000000000000000e+00 1.200000000000000000e+02 7.920000000000000000e+02
-5.845068953931331635e-03 7.330028414726257324e-01 1.150509938597679138e-01 1.820000000000000000e+02 7.507592800000000000e+07 9.000000000000000000e+00 1.400000000000000000e+01 1.210000000000000000e+02 7.420000000000000000e+02
