-3.268156666308641434e-03 -7.271857261657714844e-01 7.450677454471588135e-02 7.700000000000000000e+01 2.422671000000000000e+07 4.000000000000000000e+00 2.000000000000000000e+01 1.800000000000000000e+01 7.310000000000000000e+02
-2.187210135161876678e-02 -7.440643310546875000e-01 4.905058071017265320e-02 8.800000000000000000e+01 2.461364000000000000e+07 5.000000000000000000e+00 2.400000000000000000e+01 4.000000000000000000e+00 7.460000000000000000e+02
-4.477985575795173645e-02 -7.533836364746093750e-01 1.051279306411743164e-01 1.000000000000000000e+02 2.510395000000000000e+07 5.000000000000000000e+00 1.600000000000000000e+01 9.300000000000000000e+01 7.620000000000000000e+02
-4.340643435716629028e-02 -6.634740829467773438e-01 1.688611656427383423e-01 9.700000000000000000e+01 2.520196000000000000e+07 4.000000000000000000e+00 4.000000000000000000e+00 6.000000000000000000e+01 6.860000000000000000e+02
-2.029889263212680817e-02 -7.119638323783874512e-01 1.456864476203918457e-01 7.700000000000000000e+01 2.520196000000000000e+07 4.000000000000000000e+00 9.000000000000000000e+00 2.400000000000000000e+01 7.270000000000000000e+02
-4.686782509088516235e-02 -7.069116830825805664e-01 4.668352752923965454e-02 9.600000000000000000e+01 2.520196000000000000e+07 3.000000000000000000e+00 2.400000000000000000e+01 5.000000000000000000e+00 7.100000000000000000e+02
-4.555752035230398178e-03 -7.339810729026794434e-01 5.428764224052429199e-02 1.940000000000000000e+02 2.598827000000000000e+07 1.000000000000000000e+01 2.300000000000000000e+01 1.100000000000000000e+01 7.360000000000000000e+02
-7.627263665199279785e-02 -6.927046775817871094e-01 3.932830691337585449e-02 8.100000000000000000e+01 2.648076000000000000e+07 4.000000000000000000e+00 2.500000000000000000e+01 6.000000000000000000e+00 6.980000000000000000e+02
-8.109835535287857056e-02 -6.971822977066040039e-01 3.961002826690673828e-02 6.600000000000000000e+01 2.657989000000000000e+07 3.000000000000000000e+00 2.500000000000000000e+01 1.600000000000000000e+01 7.030000000000000000e+02
-6.131986901164054871e-02 -6.688606739044189453e-01 5.604719370603561401e-02 5.500000000000000000e+01 2.677575000000000000e+07 2.000000000000000000e+00 2.200000000000000000e+01 1.200000000000000000e+01 6.740000000000000000e+02
-9.339368343353271484e-02 -7.174370288848876953e-01 2.716142125427722931e-02 1.250000000000000000e+02 2.794814000000000000e+07 6.000000000000000000e+00 2.700000000000000000e+01 6.000000000000000000e+00 7.240000000000000000e+02
-1.217204183340072632e-01 -7.268367409706115723e-01 7.846329361200332642e-03 1.680000000000000000e+02 2.794814000000000000e+07 9.000000000000000000e+00 3.000000000000000000e+01 2.400000000000000000e+01 7.370000000000000000e+02
-1.584001541137695312e+00 -7.924229145050048828e+00 9.872801601886749268e-03 3.500000000000000000e+01 2.902212000000000000e+07 2.200000000000000000e+02 3.100000000000000000e+01 3.400000000000000000e+01 8.081000000000000000e+03
-1.630169510841369629e+00 -7.902607917785644531e+00 9.858140721917152405e-03 1.610000000000000000e+02 2.912088000000000000e+07 1.039000000000000000e+03 3.100000000000000000e+01 4.900000000000000000e+01 8.069000000000000000e+03
-1.654496431350708008e+00 -7.778995037078857422e+00 9.716420434415340424e-03 2.690000000000000000e+02 2.921892000000000000e+07 1.692000000000000000e+03 3.100000000000000000e+01 6.200000000000000000e+01 7.953000000000000000e+03
-1.695561289787292480e+00 -7.738415241241455078e+00 9.678547270596027374e-03 1.470000000000000000e+02 2.931738000000000000e+07 9.190000000000000000e+02 3.100000000000000000e+01 6.000000000000000000e+01 7.922000000000000000e+03
-1.748291969299316406e+00 -7.751277923583984375e+00 9.707869030535221100e-03 1.740000000000000000e+02 2.941491000000000000e+07 1.088000000000000000e+03 3.100000000000000000e+01 7.900000000000000000e+01 7.946000000000000000e+03
-2.142246961593627930e+00 -7.921995162963867188e+00 8.737425506114959717e-02 2.270000000000000000e+02 2.951350000000000000e+07 1.517000000000000000e+03 3.000000000000000000e+01 8.700000000000000000e+01 8.207000000000000000e+03
-1.790621876716613770e+00 -7.717999458312988281e+00 9.679768234491348267e-03 1.510000000000000000e+02 2.951350000000000000e+07 9.450000000000000000e+02 3.100000000000000000e+01 6.200000000000000000e+01 7.923000000000000000e+03
-2.187611818313598633e+00 -7.897137165069580078e+00 8.724649250507354736e-02 1.820000000000000000e+02 2.961099000000000000e+07 1.211000000000000000e+03 3.000000000000000000e+01 7.900000000000000000e+01 8.195000000000000000e+03
-1.821706533432006836e+00 -7.638776302337646484e+00 9.594247676432132721e-03 1.500000000000000000e+02 2.961099000000000000e+07 9.170000000000000000e+02 3.100000000000000000e+01 4.400000000000000000e+01 7.853000000000000000e+03
-1.864973783493041992e+00 -7.612885951995849609e+00 9.575921110808849335e-03 1.590000000000000000e+02 2.970939000000000000e+07 9.680000000000000000e+02 3.100000000000000000e+01 3.900000000000000000e+01 7.838000000000000000e+03
-2.319200992584228516e+00 -7.989735603332519531e+00 8.857728540897369385e-02 2.520000000000000000e+02 2.980706000000000000e+07 1.733000000000000000e+03 3.000000000000000000e+01 6.700000000000000000e+01 8.320000000000000000e+03
-1.907992124557495117e+00 -7.586752414703369141e+00 9.557595476508140564e-03 1.690000000000000000e+02 2.980706000000000000e+07 1.020000000000000000e+03 3.100000000000000000e+01 3.800000000000000000e+01 7.823000000000000000e+03
-2.339148283004760742e+00 -7.877579689025878906e+00 8.749135583639144897e-02 1.930000000000000000e+02 2.990639000000000000e+07 1.293000000000000000e+03 3.000000000000000000e+01 6.700000000000000000e+01 8.218000000000000000e+03
-1.959254622459411621e+00 -7.593299865722656250e+00 9.580808691680431366e-03 1.800000000000000000e+02 2.990639000000000000e+07 1.093000000000000000e+03 3.100000000000000000e+01 3.600000000000000000e+01 7.842000000000000000e+03
-2.416781902313232422e+00 -7.959716320037841797e+00 8.856663107872009277e-02 1.460000000000000000e+02 3.000391000000000000e+07 1.006000000000000000e+03 3.000000000000000000e+01 6.900000000000000000e+01 8.319000000000000000e+03
-2.013226747512817383e+00 -7.609169960021972656e+00 9.616238996386528015e-03 1.620000000000000000e+02 3.000391000000000000e+07 9.890000000000000000e+02 3.100000000000000000e+01 3.600000000000000000e+01 7.871000000000000000e+03
-2.448979139328002930e+00 -7.891257286071777344e+00 8.797044306993484497e-02 1.590000000000000000e+02 3.010185000000000000e+07 1.076000000000000000e+03 3.000000000000000000e+01 5.300000000000000000e+01 8.263000000000000000e+03
-2.070084333419799805e+00 -7.634315013885498047e+00 9.663886390626430511e-03 3.450000000000000000e+02 3.010185000000000000e+07 2.148000000000000000e+03 3.100000000000000000e+01 8.900000000000000000e+01 7.910000000000000000e+03
-2.490703821182250977e+00 -7.855111598968505859e+00 8.773621916770935059e-02 1.530000000000000000e+02 3.020051000000000000e+07 1.029000000000000000e+03 3.000000000000000000e+01 5.700000000000000000e+01 8.241000000000000000e+03
-2.123311758041381836e+00 -7.644594192504882812e+00 9.693208150565624237e-03 3.560000000000000000e+02 3.020051000000000000e+07 2.231000000000000000e+03 3.100000000000000000e+01 7.200000000000000000e+01 7.934000000000000000e+03
-2.528996706008911133e+00 -7.809239864349365234e+00 8.739554136991500854e-02 1.330000000000000000e+02 3.029947000000000000e+07 8.870000000000000000e+02 3.000000000000000000e+01 4.600000000000000000e+01 8.209000000000000000e+03
-2.185495615005493164e+00 -7.685285568237304688e+00 9.761624038219451904e-03 1.810000000000000000e+02 3.029947000000000000e+07 1.140000000000000000e+03 3.100000000000000000e+01 5.500000000000000000e+01 7.990000000000000000e+03
-2.573412418365478516e+00 -7.783131599426269531e+00 8.727842569351196289e-02 1.410000000000000000e+02 3.039685000000000000e+07 9.380000000000000000e+02 3.000000000000000000e+01 5.400000000000000000e+01 8.198000000000000000e+03
-2.226742506027221680e+00 -7.651567935943603516e+00 9.735967963933944702e-03 1.540000000000000000e+02 3.039685000000000000e+07 9.690000000000000000e+02 3.100000000000000000e+01 4.100000000000000000e+01 7.969000000000000000e+03
-2.640624046325683594e+00 -7.824989795684814453e+00 8.792786300182342529e-02 1.530000000000000000e+02 3.049534000000000000e+07 1.040000000000000000e+03 3.000000000000000000e+01 5.900000000000000000e+01 8.259000000000000000e+03
-2.279926538467407227e+00 -7.658845901489257812e+00 9.762845933437347412e-03 2.160000000000000000e+02 3.049534000000000000e+07 1.370000000000000000e+03 3.100000000000000000e+01 6.100000000000000000e+01 7.991000000000000000e+03
-2.681751012802124023e+00 -7.788784503936767578e+00 8.770427852869033813e-02 1.260000000000000000e+02 3.059318000000000000e+07 8.460000000000000000e+02 3.000000000000000000e+01 4.200000000000000000e+01 8.238000000000000000e+03
-2.338525056838989258e+00 -7.682979106903076172e+00 9.811715222895145416e-03 2.360000000000000000e+02 3.059318000000000000e+07 1.511000000000000000e+03 3.100000000000000000e+01 7.900000000000000000e+01 8.031000000000000000e+03
-2.744401454925537109e+00 -7.814638614654541016e+00 8.818336576223373413e-02 1.330000000000000000e+02 3.069194000000000000e+07 9.030000000000000000e+02 3.000000000000000000e+01 5.000000000000000000e+01 8.283000000000000000e+03
-2.383543491363525391e+00 -7.661801338195800781e+00 9.803162887692451477e-03 3.060000000000000000e+02 3.069194000000000000e+07 1.964000000000000000e+03 3.100000000000000000e+01 1.140000000000000000e+02 8.024000000000000000e+03
-2.798704624176025391e+00 -7.815538883209228516e+00 8.838564157485961914e-02 1.580000000000000000e+02 3.078982000000000000e+07 1.079000000000000000e+03 3.000000000000000000e+01 4.600000000000000000e+01 8.302000000000000000e+03
-2.435660123825073242e+00 -7.663233757019042969e+00 9.823932312428951263e-03 2.370000000000000000e+02 3.078982000000000000e+07 1.522000000000000000e+03 3.100000000000000000e+01 7.100000000000000000e+01 8.041000000000000000e+03
-2.852436304092407227e+00 -7.814187526702880859e+00 8.856663107872009277e-02 1.160000000000000000e+02 3.088719000000000000e+07 7.930000000000000000e+02 3.000000000000000000e+01 4.200000000000000000e+01 8.319000000000000000e+03
-2.494675874710083008e+00 -7.685238838195800781e+00 9.871579706668853760e-03 1.660000000000000000e+02 3.088719000000000000e+07 1.074000000000000000e+03 3.100000000000000000e+01 5.600000000000000000e+01 8.080000000000000000e+03
-2.915669918060302734e+00 -7.837775707244873047e+00 8.903507888317108154e-02 1.480000000000000000e+02 3.098565000000000000e+07 1.026000000000000000e+03 3.000000000000000000e+01 3.500000000000000000e+01 8.363000000000000000e+03
-2.531718254089355469e+00 -7.639411926269531250e+00 9.832484647631645203e-03 2.470000000000000000e+02 3.098565000000000000e+07 1.589000000000000000e+03 3.100000000000000000e+01 7.900000000000000000e+01 8.048000000000000000e+03
-2.988867521286010742e+00 -7.886124610900878906e+00 8.979095518589019775e-02 1.240000000000000000e+02 3.108266000000000000e+07 8.720000000000000000e+02 3.000000000000000000e+01 5.500000000000000000e+01 8.434000000000000000e+03
-2.578545093536376953e+00 -7.623733997344970703e+00 9.832484647631645203e-03 2.630000000000000000e+02 3.108266000000000000e+07 1.699000000000000000e+03 3.100000000000000000e+01 7.400000000000000000e+01 8.048000000000000000e+03
-3.039360523223876953e+00 -7.873234748840332031e+00 8.985483646392822266e-02 1.350000000000000000e+02 3.118218000000000000e+07 9.580000000000000000e+02 3.000000000000000000e+01 5.800000000000000000e+01 8.440000000000000000e+03
-2.658547639846801758e+00 -7.704189300537109375e+00 9.957101196050643921e-03 2.260000000000000000e+02 3.118218000000000000e+07 1.497000000000000000e+03 3.100000000000000000e+01 6.700000000000000000e+01 8.150000000000000000e+03
-3.092002630233764648e+00 -7.865604877471923828e+00 8.998259902000427246e-02 1.100000000000000000e+02 3.127983000000000000e+07 7.760000000000000000e+02 3.000000000000000000e+01 3.900000000000000000e+01 8.452000000000000000e+03
-2.730669260025024414e+00 -7.758477687835693359e+00 1.004873123019933701e-02 2.830000000000000000e+02 3.127983000000000000e+07 1.903000000000000000e+03 3.100000000000000000e+01 7.400000000000000000e+01 8.225000000000000000e+03
-3.156554222106933594e+00 -7.887331962585449219e+00 9.045103192329406738e-02 1.270000000000000000e+02 3.137827000000000000e+07 9.070000000000000000e+02 3.000000000000000000e+01 4.200000000000000000e+01 8.496000000000000000e+03
-2.781262874603271484e+00 -7.750047206878662109e+00 1.005972642451524734e-02 1.980000000000000000e+02 3.137827000000000000e+07 1.332000000000000000e+03 3.100000000000000000e+01 7.200000000000000000e+01 8.234000000000000000e+03
-3.222243070602416992e+00 -7.910414695739746094e+00 9.094076603651046753e-02 1.440000000000000000e+02 3.147498000000000000e+07 1.042000000000000000e+03 3.000000000000000000e+01 2.800000000000000000e+01 8.542000000000000000e+03
-2.822580337524414062e+00 -7.715931892395019531e+00 1.003773603588342667e-02 1.700000000000000000e+02 3.147498000000000000e+07 1.137000000000000000e+03 3.100000000000000000e+01 6.500000000000000000e+01 8.216000000000000000e+03
-3.282206535339355469e+00 -7.918205738067626953e+00 9.126015007495880127e-02 1.260000000000000000e+02 3.157260000000000000e+07 9.160000000000000000e+02 3.000000000000000000e+01 3.800000000000000000e+01 8.572000000000000000e+03
-2.889781475067138672e+00 -7.751877307891845703e+00 1.010737475007772446e-02 2.420000000000000000e+02 3.157260000000000000e+07 1.645000000000000000e+03 3.100000000000000000e+01 6.600000000000000000e+01 8.273000000000000000e+03
-3.344329595565795898e+00 -7.930165290832519531e+00 9.163276851177215576e-02 1.480000000000000000e+02 3.167070000000000000e+07 1.092000000000000000e+03 3.000000000000000000e+01 6.200000000000000000e+01 8.607000000000000000e+03
-2.941552400588989258e+00 -7.745218276977539062e+00 1.012203563004732132e-02 1.390000000000000000e+02 3.167070000000000000e+07 9.500000000000000000e+02 3.100000000000000000e+01 6.700000000000000000e+01 8.285000000000000000e+03
-3.396867275238037109e+00 -7.918685436248779297e+00 9.173923730850219727e-02 1.300000000000000000e+02 3.176700000000000000e+07 9.550000000000000000e+02 3.000000000000000000e+01 4.300000000000000000e+01 8.617000000000000000e+03
-2.991185188293457031e+00 -7.732618808746337891e+00 1.012936513870954514e-02 1.570000000000000000e+02 3.176700000000000000e+07 1.075000000000000000e+03 3.100000000000000000e+01 6.700000000000000000e+01 8.291000000000000000e+03
-3.487374067306518555e+00 -7.993927955627441406e+00 9.285709261894226074e-02 1.140000000000000000e+02 3.186520000000000000e+07 8.570000000000000000e+02 3.000000000000000000e+01 4.700000000000000000e+01 8.722000000000000000e+03
-3.061664104461669922e+00 -7.772736072540283203e+00 1.020633429288864136e-02 2.030000000000000000e+02 3.186520000000000000e+07 1.413000000000000000e+03 3.100000000000000000e+01 6.600000000000000000e+01 8.354000000000000000e+03
-3.538791179656982422e+00 -7.977864265441894531e+00 9.292097389698028564e-02 1.260000000000000000e+02 3.196216000000000000e+07 9.500000000000000000e+02 3.000000000000000000e+01 3.700000000000000000e+01 8.728000000000000000e+03
-3.092550516128540039e+00 -7.712036609649658203e+00 1.015135645866394043e-02 1.460000000000000000e+02 3.196216000000000000e+07 1.004000000000000000e+03 3.100000000000000000e+01 7.200000000000000000e+01 8.309000000000000000e+03
-3.150771141052246094e+00 -7.719766139984130859e+00 1.018678676337003708e-02 2.190000000000000000e+02 3.206025000000000000e+07 1.511000000000000000e+03 3.100000000000000000e+01 7.000000000000000000e+01 8.338000000000000000e+03
-3.214572191238403320e+00 -7.739999294281005859e+00 1.023932080715894699e-02 1.560000000000000000e+02 3.215737000000000000e+07 1.090000000000000000e+03 3.100000000000000000e+01 9.700000000000000000e+01 8.381000000000000000e+03
-3.267063140869140625e+00 -7.732103824615478516e+00 1.025520358234643936e-02 2.040000000000000000e+02 3.225413000000000000e+07 1.427000000000000000e+03 3.100000000000000000e+01 5.600000000000000000e+01 8.394000000000000000e+03
-3.298650503158569336e+00 -7.675162315368652344e+00 1.020633429288864136e-02 1.920000000000000000e+02 3.235196000000000000e+07 1.328000000000000000e+03 3.100000000000000000e+01 9.100000000000000000e+01 8.354000000000000000e+03
-3.414166212081909180e+00 -7.811465740203857422e+00 1.041525043547153473e-02 1.800000000000000000e+02 3.244883000000000000e+07 1.297000000000000000e+03 3.100000000000000000e+01 6.500000000000000000e+01 8.525000000000000000e+03
-3.442538976669311523e+00 -7.746505737304687500e+00 1.035660691559314728e-02 1.200000000000000000e+02 3.254549000000000000e+07 8.580000000000000000e+02 3.100000000000000000e+01 7.100000000000000000e+01 8.477000000000000000e+03
-3.488359212875366211e+00 -7.721591949462890625e+00 1.035172026604413986e-02 1.730000000000000000e+02 3.264470000000000000e+07 1.237000000000000000e+03 3.100000000000000000e+01 8.400000000000000000e+01 8.473000000000000000e+03
-3.540262460708618164e+00 -7.710038661956787109e+00 1.036515925079584122e-02 2.200000000000000000e+02 3.274249000000000000e+07 1.579000000000000000e+03 3.100000000000000000e+01 7.900000000000000000e+01 8.484000000000000000e+03
-3.587080955505371094e+00 -7.687264919281005859e+00 1.036393828690052032e-02 1.540000000000000000e+02 3.284113000000000000e+07 1.103000000000000000e+03 3.100000000000000000e+01 9.100000000000000000e+01 8.483000000000000000e+03
-3.386133432388305664e+00 -7.141934394836425781e+00 9.656555950641632080e-03 1.250000000000000000e+02 3.293873000000000000e+07 7.750000000000000000e+02 3.100000000000000000e+01 1.000000000000000000e+02 7.904000000000000000e+03
-3.694163560867309570e+00 -7.669695377349853516e+00 1.040058955550193787e-02 1.390000000000000000e+02 3.303599000000000000e+07 9.970000000000000000e+02 3.100000000000000000e+01 5.300000000000000000e+01 8.513000000000000000e+03
-3.715665817260742188e+00 -7.594785213470458984e+00 1.032972987741231918e-02 1.650000000000000000e+02 3.313578000000000000e+07 1.174000000000000000e+03 3.100000000000000000e+01 9.400000000000000000e+01 8.455000000000000000e+03
-3.644280195236206055e+00 -7.334523200988769531e+00 1.000597048550844193e-02 1.290000000000000000e+02 3.323304000000000000e+07 8.600000000000000000e+02 3.100000000000000000e+01 9.100000000000000000e+01 8.190000000000000000e+03
-3.757233858108520508e+00 -7.446836948394775391e+00 1.019045244902372360e-02 1.260000000000000000e+02 3.333063000000000000e+07 8.720000000000000000e+02 3.100000000000000000e+01 7.200000000000000000e+01 8.341000000000000000e+03
-3.959237337112426758e+00 -7.728918552398681641e+00 1.060950476676225662e-02 7.600000000000000000e+01 3.342912000000000000e+07 5.680000000000000000e+02 3.100000000000000000e+01 7.200000000000000000e+01 8.684000000000000000e+03
-3.931843996047973633e+00 -7.560752868652343750e+00 1.041158474981784821e-02 7.800000000000000000e+01 3.352610000000000000e+07 5.610000000000000000e+02 3.100000000000000000e+01 8.300000000000000000e+01 8.522000000000000000e+03
-4.011305332183837891e+00 -7.599274635314941406e+00 1.049832813441753387e-02 1.050000000000000000e+02 3.362459200000000000e+07 7.710000000000000000e+02 3.100000000000000000e+01 6.900000000000000000e+01 8.593000000000000000e+03
-3.986079216003417969e+00 -7.440534114837646484e+00 1.031262427568435669e-02 1.770000000000000000e+02 3.372243200000000000e+07 1.257000000000000000e+03 3.100000000000000000e+01 7.200000000000000000e+01 8.441000000000000000e+03
-3.821024656295776367e+00 -7.028490066528320312e+00 9.773841127753257751e-03 1.760000000000000000e+02 3.382067200000000000e+07 1.123000000000000000e+03 3.100000000000000000e+01 6.700000000000000000e+01 8.000000000000000000e+03
-4.148088455200195312e+00 -7.519773960113525391e+00 1.049221865832805634e-02 5.100000000000000000e+01 3.391856800000000000e+07 3.660000000000000000e+02 3.100000000000000000e+01 4.900000000000000000e+01 8.588000000000000000e+03
-4.077918052673339844e+00 -7.286493301391601562e+00 1.020144764333963394e-02 8.700000000000000000e+01 3.401576800000000000e+07 6.030000000000000000e+02 3.100000000000000000e+01 6.600000000000000000e+01 8.350000000000000000e+03
-4.072684764862060547e+00 -7.173502922058105469e+00 1.007805299013853073e-02 1.040000000000000000e+02 3.411448000000000000e+07 7.030000000000000000e+02 3.100000000000000000e+01 8.100000000000000000e+01 8.249000000000000000e+03
-4.185991287231445312e+00 -7.268832206726074219e+00 1.024787314236164093e-02 8.200000000000000000e+01 3.421196000000000000e+07 5.730000000000000000e+02 3.100000000000000000e+01 6.400000000000000000e+01 8.388000000000000000e+03
-4.254722118377685547e+00 -7.284459114074707031e+00 1.030651666224002838e-02 1.080000000000000000e+02 3.430995200000000000e+07 7.650000000000000000e+02 3.100000000000000000e+01 5.800000000000000000e+01 8.436000000000000000e+03
-4.294751644134521484e+00 -7.250471115112304688e+00 1.029552053660154343e-02 7.700000000000000000e+01 3.440804000000000000e+07 5.430000000000000000e+02 3.100000000000000000e+01 7.000000000000000000e+01 8.427000000000000000e+03
-4.413821220397949219e+00 -7.348283290863037109e+00 1.047267206013202667e-02 7.500000000000000000e+01 3.450612800000000000e+07 5.470000000000000000e+02 3.100000000000000000e+01 6.500000000000000000e+01 8.572000000000000000e+03
-4.423455715179443359e+00 -7.262985706329345703e+00 1.038959436118602753e-02 8.900000000000000000e+01 3.460396000000000000e+07 6.330000000000000000e+02 3.100000000000000000e+01 5.300000000000000000e+01 8.504000000000000000e+03
-4.454277038574218750e+00 -7.213584899902343750e+00 1.035782881081104279e-02 6.000000000000000000e+01 3.470099200000000000e+07 4.270000000000000000e+02 3.100000000000000000e+01 6.900000000000000000e+01 8.478000000000000000e+03
-4.494209766387939453e+00 -7.179337024688720703e+00 1.034805458039045334e-02 7.000000000000000000e+01 3.479948000000000000e+07 4.920000000000000000e+02 3.100000000000000000e+01 4.900000000000000000e+01 8.470000000000000000e+03
-4.539783954620361328e+00 -7.154159069061279297e+00 1.035172026604413986e-02 8.700000000000000000e+01 3.489864800000000000e+07 6.200000000000000000e+02 3.100000000000000000e+01 6.900000000000000000e+01 8.473000000000000000e+03
-4.590087413787841797e+00 -7.136261463165283203e+00 1.036638114601373672e-02 1.370000000000000000e+02 3.499655200000000000e+07 9.820000000000000000e+02 3.100000000000000000e+01 6.900000000000000000e+01 8.485000000000000000e+03
-4.449201107025146484e+00 -6.824816703796386719e+00 9.953436441719532013e-03 1.750000000000000000e+02 3.509524000000000000e+07 1.150000000000000000e+03 3.100000000000000000e+01 7.800000000000000000e+01 8.147000000000000000e+03
-4.406653404235839844e+00 -6.669734001159667969e+00 9.766511619091033936e-03 1.330000000000000000e+02 3.519318000000000000e+07 8.450000000000000000e+02 3.100000000000000000e+01 9.800000000000000000e+01 7.994000000000000000e+03
-4.444713115692138672e+00 -6.638415336608886719e+00 9.760403074324131012e-03 8.600000000000000000e+01 3.529051200000000000e+07 5.420000000000000000e+02 3.100000000000000000e+01 1.230000000000000000e+02 7.989000000000000000e+03
-4.729028224945068359e+00 -6.970159530639648438e+00 1.029063388705253601e-02 6.500000000000000000e+01 3.538966000000000000e+07 4.570000000000000000e+02 3.100000000000000000e+01 6.200000000000000000e+01 8.423000000000000000e+03
-4.740549087524414062e+00 -6.895688056945800781e+00 1.022343803197145462e-02 1.560000000000000000e+02 3.548726000000000000e+07 1.083000000000000000e+03 3.100000000000000000e+01 4.400000000000000000e+01 8.368000000000000000e+03
-4.778769969940185547e+00 -6.860726833343505859e+00 1.021488569676876068e-02 1.020000000000000000e+02 3.558463200000000000e+07 7.030000000000000000e+02 3.100000000000000000e+01 5.200000000000000000e+01 8.361000000000000000e+03
-4.840957164764404297e+00 -6.859872817993164062e+00 1.025764737278223038e-02 7.900000000000000000e+01 3.568251200000000000e+07 5.530000000000000000e+02 3.100000000000000000e+01 7.100000000000000000e+01 8.396000000000000000e+03
-4.767804145812988281e+00 -6.668969154357910156e+00 1.001574378460645676e-02 8.700000000000000000e+01 3.578070000000000000e+07 5.800000000000000000e+02 3.100000000000000000e+01 7.800000000000000000e+01 8.198000000000000000e+03
-4.890166759490966797e+00 -6.752166271209716797e+00 1.018556579947471619e-02 7.900000000000000000e+01 3.587967200000000000e+07 5.450000000000000000e+02 3.100000000000000000e+01 7.100000000000000000e+01 8.337000000000000000e+03
-4.906069755554199219e+00 -6.687362670898437500e+00 1.013303082436323166e-02 2.010000000000000000e+02 3.597827200000000000e+07 1.372000000000000000e+03 3.100000000000000000e+01 7.300000000000000000e+01 8.294000000000000000e+03
-4.942238330841064453e+00 -6.650712490081787109e+00 1.012325659394264221e-02 1.250000000000000000e+02 3.607646000000000000e+07 8.520000000000000000e+02 3.100000000000000000e+01 9.800000000000000000e+01 8.286000000000000000e+03
-4.997386455535888672e+00 -6.639437675476074219e+00 1.015257835388183594e-02 6.800000000000000000e+01 3.617487200000000000e+07 4.600000000000000000e+02 3.100000000000000000e+01 5.200000000000000000e+01 8.310000000000000000e+03
-5.095626354217529297e+00 -6.684199810028076172e+00 1.026864256709814072e-02 5.900000000000000000e+01 3.627254000000000000e+07 4.130000000000000000e+02 3.100000000000000000e+01 6.100000000000000000e+01 8.405000000000000000e+03
-5.037540435791015625e+00 -6.524579524993896484e+00 1.007072161883115768e-02 1.000000000000000000e+02 3.637007200000000000e+07 6.750000000000000000e+02 3.100000000000000000e+01 8.000000000000000000e+01 8.243000000000000000e+03
-5.092879295349121094e+00 -6.513241291046142578e+00 1.010126620531082153e-02 8.300000000000000000e+01 3.646820800000000000e+07 5.630000000000000000e+02 3.100000000000000000e+01 6.900000000000000000e+01 8.268000000000000000e+03
-5.042732238769531250e+00 -6.368193149566650391e+00 9.924114681780338287e-03 9.400000000000000000e+01 3.656620000000000000e+07 6.170000000000000000e+02 3.100000000000000000e+01 6.300000000000000000e+01 8.123000000000000000e+03
-5.177427768707275391e+00 -6.456494331359863281e+00 1.011103857308626175e-02 7.000000000000000000e+01 3.666476000000000000e+07 4.750000000000000000e+02 3.100000000000000000e+01 7.200000000000000000e+01 8.276000000000000000e+03
-5.211904048919677734e+00 -6.418394565582275391e+00 1.010126620531082153e-02 1.380000000000000000e+02 3.676254000000000000e+07 9.380000000000000000e+02 3.100000000000000000e+01 8.600000000000000000e+01 8.268000000000000000e+03
-5.210540294647216797e+00 -6.336859703063964844e+00 1.002307515591382980e-02 1.450000000000000000e+02 3.686248000000000000e+07 9.720000000000000000e+02 3.100000000000000000e+01 7.300000000000000000e+01 8.204000000000000000e+03
-5.291554927825927734e+00 -6.355490207672119141e+00 1.010370906442403793e-02 7.300000000000000000e+01 3.696006000000000000e+07 4.950000000000000000e+02 3.100000000000000000e+01 7.700000000000000000e+01 8.270000000000000000e+03
-5.301446914672851562e+00 -6.288496971130371094e+00 1.004873123019933701e-02 1.800000000000000000e+02 3.705824800000000000e+07 1.206000000000000000e+03 3.100000000000000000e+01 8.600000000000000000e+01 8.225000000000000000e+03
-5.363305091857910156e+00 -6.283230781555175781e+00 1.009271387010812759e-02 1.480000000000000000e+02 3.715634000000000000e+07 1.005000000000000000e+03 3.100000000000000000e+01 9.100000000000000000e+01 8.261000000000000000e+03
-5.414834499359130859e+00 -6.265335559844970703e+00 1.011714804917573929e-02 1.180000000000000000e+02 3.725310000000000000e+07 8.040000000000000000e+02 3.100000000000000000e+01 8.000000000000000000e+01 8.281000000000000000e+03
-5.402470588684082031e+00 -6.174045562744140625e+00 1.002307515591382980e-02 1.030000000000000000e+02 3.735056800000000000e+07 6.890000000000000000e+02 3.100000000000000000e+01 6.600000000000000000e+01 8.204000000000000000e+03
-5.493301868438720703e+00 -6.200661182403564453e+00 1.012081280350685120e-02 8.500000000000000000e+01 3.744856800000000000e+07 5.780000000000000000e+02 3.100000000000000000e+01 8.700000000000000000e+01 8.284000000000000000e+03
-5.604024410247802734e+00 -6.247980594635009766e+00 1.025398168712854385e-02 7.500000000000000000e+01 3.754651200000000000e+07 5.250000000000000000e+02 3.100000000000000000e+01 6.200000000000000000e+01 8.393000000000000000e+03
-5.552173614501953125e+00 -6.114275455474853516e+00 1.009027007967233658e-02 1.240000000000000000e+02 3.764367200000000000e+07 8.390000000000000000e+02 3.100000000000000000e+01 1.150000000000000000e+02 8.259000000000000000e+03
-5.613949298858642578e+00 -6.106594562530517578e+00 1.013425178825855255e-02 9.200000000000000000e+01 3.774099200000000000e+07 6.300000000000000000e+02 3.100000000000000000e+01 5.800000000000000000e+01 8.295000000000000000e+03
-5.453738689422607422e+00 -5.859749794006347656e+00 9.779950603842735291e-03 9.200000000000000000e+01 3.783842000000000000e+07 5.850000000000000000e+02 3.100000000000000000e+01 8.000000000000000000e+01 8.005000000000000000e+03
-5.637031078338623047e+00 -5.982656955718994141e+00 1.004262268543243408e-02 7.900000000000000000e+01 3.793626000000000000e+07 5.280000000000000000e+02 3.100000000000000000e+01 9.900000000000000000e+01 8.220000000000000000e+03
-5.536279201507568359e+00 -5.803960323333740234e+00 9.799497202038764954e-03 1.550000000000000000e+02 3.803287200000000000e+07 9.910000000000000000e+02 3.100000000000000000e+01 1.100000000000000000e+02 8.021000000000000000e+03
-5.582207679748535156e+00 -5.780671596527099609e+00 9.817823767662048340e-03 9.300000000000000000e+01 3.813059200000000000e+07 5.950000000000000000e+02 3.100000000000000000e+01 1.040000000000000000e+02 8.036000000000000000e+03
-2.922643423080444336e+00 -2.404025316238403320e+00 1.123164072632789612e-01 3.300000000000000000e+02 3.822839200000000000e+07 4.700000000000000000e+02 2.800000000000000000e+01 4.900000000000000000e+01 3.786000000000000000e+03
-5.737110137939453125e+00 -5.868588447570800781e+00 1.002674084156751633e-02 8.800000000000000000e+01 3.822839200000000000e+07 5.880000000000000000e+02 3.100000000000000000e+01 7.400000000000000000e+01 8.207000000000000000e+03
-2.925701618194580078e+00 -2.376593589782714844e+00 1.118714138865470886e-01 3.800000000000000000e+02 3.832672800000000000e+07 5.350000000000000000e+02 2.800000000000000000e+01 5.300000000000000000e+01 3.771000000000000000e+03
-5.954494476318359375e+00 -6.016653537750244141e+00 1.034194603562355042e-02 1.160000000000000000e+02 3.832672800000000000e+07 8.260000000000000000e+02 3.100000000000000000e+01 8.900000000000000000e+01 8.465000000000000000e+03
-2.941788434982299805e+00 -2.359848022460937500e+00 1.119307428598403931e-01 1.850000000000000000e+02 3.842424800000000000e+07 2.610000000000000000e+02 2.800000000000000000e+01 5.700000000000000000e+01 3.773000000000000000e+03
-5.390400409698486328e+00 -5.380237579345703125e+00 9.304697625339031219e-03 2.920000000000000000e+02 3.842424800000000000e+07 1.683000000000000000e+03 3.100000000000000000e+01 8.400000000000000000e+01 7.616000000000000000e+03
-2.935841321945190430e+00 -2.325615882873535156e+00 1.111594215035438538e-01 2.500000000000000000e+01 3.852143200000000000e+07 3.300000000000000000e+01 2.800000000000000000e+01 5.600000000000000000e+01 3.747000000000000000e+03
-5.671120166778564453e+00 -5.591386318206787109e+00 9.729859419167041779e-03 1.930000000000000000e+02 3.852143200000000000e+07 1.211000000000000000e+03 3.100000000000000000e+01 1.130000000000000000e+02 7.964000000000000000e+03
-6.058501720428466797e+00 -5.900450229644775391e+00 1.033217273652553558e-02 7.600000000000000000e+01 3.861854000000000000e+07 5.390000000000000000e+02 3.100000000000000000e+01 7.100000000000000000e+01 8.457000000000000000e+03
-2.910954713821411133e+00 -2.421122789382934570e+00 7.666568458080291748e-02 1.340000000000000000e+02 3.871546000000000000e+07 1.910000000000000000e+02 2.900000000000000000e+01 7.500000000000000000e+01 3.787000000000000000e+03
-6.092430114746093750e+00 -5.861084461212158203e+00 1.032850705087184906e-02 1.150000000000000000e+02 3.871546000000000000e+07 8.170000000000000000e+02 3.100000000000000000e+01 7.500000000000000000e+01 8.454000000000000000e+03
-2.931163549423217773e+00 -2.407658100128173828e+00 7.680739462375640869e-02 3.200000000000000000e+02 3.881351200000000000e+07 4.600000000000000000e+02 2.900000000000000000e+01 6.300000000000000000e+01 3.794000000000000000e+03
-6.061587810516357422e+00 -5.760217189788818359e+00 1.021610852330923080e-02 1.020000000000000000e+02 3.881351200000000000e+07 7.070000000000000000e+02 3.100000000000000000e+01 1.090000000000000000e+02 8.362000000000000000e+03
-2.945881605148315430e+00 -2.389627456665039062e+00 7.680739462375640869e-02 2.940000000000000000e+02 3.891092800000000000e+07 4.210000000000000000e+02 2.900000000000000000e+01 7.400000000000000000e+01 3.794000000000000000e+03
-6.074944496154785156e+00 -5.702383995056152344e+00 1.017945632338523865e-02 1.050000000000000000e+02 3.891092800000000000e+07 7.240000000000000000e+02 3.100000000000000000e+01 8.700000000000000000e+01 8.332000000000000000e+03
-2.946443080902099609e+00 -2.360255718231201172e+00 7.644299417734146118e-02 2.180000000000000000e+02 3.900880800000000000e+07 3.060000000000000000e+02 2.900000000000000000e+01 5.100000000000000000e+01 3.776000000000000000e+03
-6.139151096343994141e+00 -5.692197799682617188e+00 1.022832561284303665e-02 9.900000000000000000e+01 3.900880800000000000e+07 6.890000000000000000e+02 3.100000000000000000e+01 8.100000000000000000e+01 8.372000000000000000e+03
-2.933425426483154297e+00 -2.320422887802124023e+00 7.573443651199340820e-02 5.200000000000000000e+01 3.910675200000000000e+07 7.200000000000000000e+01 2.900000000000000000e+01 1.010000000000000000e+02 3.741000000000000000e+03
-6.144464015960693359e+00 -5.627405643463134766e+00 1.017945632338523865e-02 1.070000000000000000e+02 3.910675200000000000e+07 7.350000000000000000e+02 3.100000000000000000e+01 1.210000000000000000e+02 8.332000000000000000e+03
-6.190742969512939453e+00 -5.600331306457519531e+00 1.019900385290384293e-02 7.100000000000000000e+01 3.920454000000000000e+07 4.890000000000000000e+02 3.100000000000000000e+01 9.800000000000000000e+01 8.348000000000000000e+03
-2.926126480102539062e+00 -2.430341720581054688e+00 4.049855470657348633e-02 2.220000000000000000e+02 3.930242000000000000e+07 3.190000000000000000e+02 3.000000000000000000e+01 5.900000000000000000e+01 3.804000000000000000e+03
-5.992334842681884766e+00 -5.354355812072753906e+00 9.817823767662048340e-03 1.080000000000000000e+02 3.930242000000000000e+07 6.920000000000000000e+02 3.100000000000000000e+01 9.000000000000000000e+01 8.036000000000000000e+03
-2.959034919738769531e+00 -2.429740905761718750e+00 1.798907965421676636e-01 1.680000000000000000e+02 3.939959200000000000e+07 2.440000000000000000e+02 2.600000000000000000e+01 6.500000000000000000e+01 3.833000000000000000e+03
-2.927067518234252930e+00 -2.400926828384399414e+00 4.030692204833030701e-02 2.940000000000000000e+02 3.939959200000000000e+07 4.190000000000000000e+02 3.000000000000000000e+01 5.300000000000000000e+01 3.786000000000000000e+03
-6.254502296447753906e+00 -5.519968986511230469e+00 1.019167341291904449e-02 7.400000000000000000e+01 3.939959200000000000e+07 5.100000000000000000e+02 3.100000000000000000e+01 8.600000000000000000e+01 8.342000000000000000e+03
-2.972336053848266602e+00 -2.410280704498291016e+00 1.797969192266464233e-01 2.000000000000000000e+02 3.949640000000000000e+07 2.910000000000000000e+02 2.600000000000000000e+01 5.100000000000000000e+01 3.831000000000000000e+03
-2.947960138320922852e+00 -2.387956619262695312e+00 4.039209336042404175e-02 2.740000000000000000e+02 3.949640000000000000e+07 3.920000000000000000e+02 3.000000000000000000e+01 6.900000000000000000e+01 3.794000000000000000e+03
-6.331221580505371094e+00 -5.518942832946777344e+00 1.026131212711334229e-02 7.800000000000000000e+01 3.949640000000000000e+07 5.470000000000000000e+02 3.100000000000000000e+01 5.900000000000000000e+01 8.399000000000000000e+03
-2.968022823333740234e+00 -2.374195575714111328e+00 4.046661406755447388e-02 2.370000000000000000e+02 3.959491200000000000e+07 3.400000000000000000e+02 3.000000000000000000e+01 7.100000000000000000e+01 3.801000000000000000e+03
-6.490006923675537109e+00 -5.587646961212158203e+00 1.046289689838886261e-02 1.740000000000000000e+02 3.959491200000000000e+07 1.265000000000000000e+03 3.100000000000000000e+01 5.900000000000000000e+01 8.564000000000000000e+03
-2.973118782043457031e+00 -2.348501682281494141e+00 4.033886268734931946e-02 3.600000000000000000e+01 3.969135200000000000e+07 5.100000000000000000e+01 3.000000000000000000e+01 8.400000000000000000e+01 3.789000000000000000e+03
-6.362665653228759766e+00 -5.410387039184570312e+00 1.020389050245285034e-02 1.750000000000000000e+02 3.969135200000000000e+07 1.208000000000000000e+03 3.100000000000000000e+01 9.200000000000000000e+01 8.352000000000000000e+03
-2.926022052764892578e+00 -2.457318782806396484e+00 4.668231122195720673e-03 5.900000000000000000e+01 3.978955200000000000e+07 8.500000000000000000e+01 3.100000000000000000e+01 7.100000000000000000e+01 3.821000000000000000e+03
-2.909674644470214844e+00 -2.415015220642089844e+00 1.419596970081329346e-01 7.200000000000000000e+01 3.988876800000000000e+07 1.010000000000000000e+02 2.700000000000000000e+01 5.400000000000000000e+01 3.784000000000000000e+03
-2.934117555618286133e+00 -2.433573246002197266e+00 4.657235927879810333e-03 1.600000000000000000e+02 3.988876800000000000e+07 2.310000000000000000e+02 3.100000000000000000e+01 4.200000000000000000e+01 3.812000000000000000e+03
-2.961534738540649414e+00 -2.427523612976074219e+00 1.437604576349258423e-01 2.250000000000000000e+02 3.998676000000000000e+07 3.270000000000000000e+02 2.700000000000000000e+01 3.800000000000000000e+01 3.832000000000000000e+03
-2.940484523773193359e+00 -2.408553600311279297e+00 4.643796477466821671e-03 1.790000000000000000e+02 3.998676000000000000e+07 2.550000000000000000e+02 3.100000000000000000e+01 5.700000000000000000e+01 3.801000000000000000e+03
-2.943751811981201172e+00 -2.382899522781372070e+00 1.421847939491271973e-01 1.730000000000000000e+02 4.008535200000000000e+07 2.460000000000000000e+02 2.700000000000000000e+01 4.800000000000000000e+01 3.790000000000000000e+03
-2.971534967422485352e+00 -2.403672933578491211e+00 4.669453017413616180e-03 2.110000000000000000e+02 4.008535200000000000e+07 3.070000000000000000e+02 3.100000000000000000e+01 8.800000000000000000e+01 3.822000000000000000e+03
-2.987790346145629883e+00 -2.386642932891845703e+00 4.671896342188119888e-03 1.190000000000000000e+02 4.018315200000000000e+07 1.720000000000000000e+02 3.100000000000000000e+01 5.300000000000000000e+01 3.824000000000000000e+03
-2.978824138641357422e+00 -2.349685668945312500e+00 4.635244607925415039e-03 3.000000000000000000e+01 4.027991200000000000e+07 4.200000000000000000e+01 3.100000000000000000e+01 7.300000000000000000e+01 3.794000000000000000e+03
-6.726383209228515625e+00 -5.239116191864013672e+00 1.041647139936685562e-02 1.220000000000000000e+02 4.037835200000000000e+07 8.820000000000000000e+02 3.100000000000000000e+01 7.900000000000000000e+01 8.526000000000000000e+03
-6.712428092956542969e+00 -5.162386894226074219e+00 1.034561172127723694e-02 7.500000000000000000e+01 4.047572000000000000e+07 5.330000000000000000e+02 3.100000000000000000e+01 7.600000000000000000e+01 8.468000000000000000e+03
-6.700971603393554688e+00 -5.088445663452148438e+00 1.027963869273662567e-02 7.000000000000000000e+01 4.057376800000000000e+07 4.900000000000000000e+02 3.100000000000000000e+01 9.000000000000000000e+01 8.414000000000000000e+03
-6.778472900390625000e+00 -5.082025527954101562e+00 1.035049837082624435e-02 4.500000000000000000e+01 4.067166000000000000e+07 3.190000000000000000e+02 3.100000000000000000e+01 7.100000000000000000e+01 8.472000000000000000e+03
-6.971889972686767578e+00 -5.160516262054443359e+00 1.059728860855102539e-02 4.900000000000000000e+01 4.076883200000000000e+07 3.640000000000000000e+02 3.100000000000000000e+01 6.500000000000000000e+01 8.674000000000000000e+03
-7.005037784576416016e+00 -5.118820190429687500e+00 1.059973146766424179e-02 6.300000000000000000e+01 4.086779200000000000e+07 4.700000000000000000e+02 3.100000000000000000e+01 6.100000000000000000e+01 8.676000000000000000e+03
-7.031447887420654297e+00 -5.072231292724609375e+00 1.059240102767944336e-02 5.400000000000000000e+01 4.096567200000000000e+07 4.010000000000000000e+02 3.100000000000000000e+01 7.000000000000000000e+01 8.670000000000000000e+03
-7.211507320404052734e+00 -5.135140419006347656e+00 1.081597805023193359e-02 4.700000000000000000e+01 4.106288800000000000e+07 3.630000000000000000e+02 3.100000000000000000e+01 7.400000000000000000e+01 8.853000000000000000e+03
-7.261696815490722656e+00 -5.104020118713378906e+00 1.084407791495323181e-02 5.700000000000000000e+01 4.116099200000000000e+07 4.440000000000000000e+02 3.100000000000000000e+01 7.400000000000000000e+01 8.876000000000000000e+03
-7.310132503509521484e+00 -5.071337223052978516e+00 1.086973398923873901e-02 7.200000000000000000e+01 4.125898000000000000e+07 5.640000000000000000e+02 3.100000000000000000e+01 8.600000000000000000e+01 8.897000000000000000e+03
-7.280052661895751953e+00 -4.984580993652343750e+00 1.077932491898536682e-02 6.500000000000000000e+01 4.135630000000000000e+07 5.010000000000000000e+02 3.100000000000000000e+01 6.700000000000000000e+01 8.823000000000000000e+03
-6.974928379058837891e+00 -4.713066577911376953e+00 1.028452441096305847e-02 1.160000000000000000e+02 4.145470000000000000e+07 8.170000000000000000e+02 3.100000000000000000e+01 8.400000000000000000e+01 8.418000000000000000e+03
-6.936325073242187500e+00 -4.625243186950683594e+00 1.018556579947471619e-02 1.280000000000000000e+02 4.155304000000000000e+07 8.850000000000000000e+02 3.100000000000000000e+01 8.200000000000000000e+01 8.337000000000000000e+03
-7.382265090942382812e+00 -4.857430458068847656e+00 1.079643052071332932e-02 4.100000000000000000e+01 4.165170000000000000e+07 3.150000000000000000e+02 3.100000000000000000e+01 7.100000000000000000e+01 8.837000000000000000e+03
-1.322316932678222656e+01 -7.921055793762207031e+00 1.641128361225128174e-01 3.600000000000000000e+01 4.174820800000000000e+07 8.360000000000000000e+02 3.000000000000000000e+01 9.300000000000000000e+01 1.541500000000000000e+04
-7.377542018890380859e+00 -4.789716243743896484e+00 1.074633933603763580e-02 4.500000000000000000e+01 4.174820800000000000e+07 3.430000000000000000e+02 3.100000000000000000e+01 7.300000000000000000e+01 8.796000000000000000e+03
-1.345748710632324219e+01 -7.949624061584472656e+00 1.664124280214309692e-01 5.200000000000000000e+01 4.184563200000000000e+07 1.252000000000000000e+03 3.000000000000000000e+01 8.800000000000000000e+01 1.563100000000000000e+04
-7.438790798187255859e+00 -4.764854431152343750e+00 1.079276483505964279e-02 6.400000000000000000e+01 4.184563200000000000e+07 4.950000000000000000e+02 3.100000000000000000e+01 7.000000000000000000e+01 8.834000000000000000e+03
-1.351983642578125000e+01 -7.874953269958496094e+00 1.665827780961990356e-01 4.300000000000000000e+01 4.194214000000000000e+07 1.035000000000000000e+03 3.000000000000000000e+01 8.200000000000000000e+01 1.564700000000000000e+04
-7.567639827728271484e+00 -4.782156944274902344e+00 1.093692891299724579e-02 5.300000000000000000e+01 4.194214000000000000e+07 4.200000000000000000e+02 3.100000000000000000e+01 6.100000000000000000e+01 8.952000000000000000e+03
-1.357137107849121094e+01 -7.793840885162353516e+00 1.666253656148910522e-01 4.800000000000000000e+01 4.204011200000000000e+07 1.159000000000000000e+03 3.000000000000000000e+01 7.900000000000000000e+01 1.565100000000000000e+04
-7.613811969757080078e+00 -4.746212482452392578e+00 1.096136309206485748e-02 3.700000000000000000e+01 4.204011200000000000e+07 2.930000000000000000e+02 3.100000000000000000e+01 6.700000000000000000e+01 8.972000000000000000e+03
-1.360936546325683594e+01 -7.705002784729003906e+00 1.665082573890686035e-01 3.600000000000000000e+01 4.213934000000000000e+07 8.670000000000000000e+02 3.000000000000000000e+01 6.500000000000000000e+01 1.564000000000000000e+04
-7.653013229370117188e+00 -4.705691337585449219e+00 1.097602397203445435e-02 6.300000000000000000e+01 4.213934000000000000e+07 5.040000000000000000e+02 3.100000000000000000e+01 6.300000000000000000e+01 8.984000000000000000e+03
-1.365202045440673828e+01 -7.618916034698486328e+00 1.664550304412841797e-01 3.900000000000000000e+01 4.223610000000000000e+07 9.330000000000000000e+02 3.000000000000000000e+01 9.500000000000000000e+01 1.563500000000000000e+04
-7.713379859924316406e+00 -4.677831172943115234e+00 1.102122850716114044e-02 6.000000000000000000e+01 4.223610000000000000e+07 4.770000000000000000e+02 3.100000000000000000e+01 4.400000000000000000e+01 9.021000000000000000e+03
-1.369237995147705078e+01 -7.531631946563720703e+00 1.663805097341537476e-01 3.600000000000000000e+01 4.233439200000000000e+07 8.620000000000000000e+02 3.000000000000000000e+01 8.300000000000000000e+01 1.562800000000000000e+04
-7.612347126007080078e+00 -4.552907466888427734e+00 1.083674747496843338e-02 4.600000000000000000e+01 4.233439200000000000e+07 3.570000000000000000e+02 3.100000000000000000e+01 6.700000000000000000e+01 8.870000000000000000e+03
-1.352999210357666016e+01 -7.334533214569091797e+00 1.638573259115219116e-01 2.300000000000000000e+01 4.243238000000000000e+07 5.280000000000000000e+02 3.000000000000000000e+01 8.200000000000000000e+01 1.539100000000000000e+04
-7.583291053771972656e+00 -4.472584247589111328e+00 1.075611356645822525e-02 2.600000000000000000e+01 4.243238000000000000e+07 1.900000000000000000e+02 3.100000000000000000e+01 5.000000000000000000e+01 8.804000000000000000e+03
-1.422741508483886719e+01 -7.600023269653320312e+00 1.717355847358703613e-01 3.700000000000000000e+01 4.252940800000000000e+07 9.450000000000000000e+02 3.000000000000000000e+01 8.000000000000000000e+01 1.613100000000000000e+04
-7.786938667297363281e+00 -4.528524875640869141e+00 1.100534573197364807e-02 4.800000000000000000e+01 4.252940800000000000e+07 3.780000000000000000e+02 3.100000000000000000e+01 5.100000000000000000e+01 9.008000000000000000e+03
-1.429059314727783203e+01 -7.521431446075439453e+00 1.719378829002380371e-01 2.900000000000000000e+01 4.262712800000000000e+07 7.340000000000000000e+02 3.000000000000000000e+01 1.000000000000000000e+02 1.615000000000000000e+04
-7.778142929077148438e+00 -4.459768772125244141e+00 1.095403358340263367e-02 3.500000000000000000e+01 4.262712800000000000e+07 2.700000000000000000e+02 3.100000000000000000e+01 5.300000000000000000e+01 8.966000000000000000e+03
-1.437553310394287109e+01 -7.453856468200683594e+00 1.724063009023666382e-01 3.700000000000000000e+01 4.272456000000000000e+07 9.500000000000000000e+02 3.000000000000000000e+01 9.100000000000000000e+01 1.619400000000000000e+04
-7.801878929138183594e+00 -4.409991264343261719e+00 1.094914693385362625e-02 2.800000000000000000e+01 4.272456000000000000e+07 2.200000000000000000e+02 3.100000000000000000e+01 6.300000000000000000e+01 8.962000000000000000e+03
-1.392587184906005859e+01 -7.112624645233154297e+00 1.664869636297225952e-01 2.700000000000000000e+01 4.282194000000000000e+07 6.440000000000000000e+02 3.000000000000000000e+01 7.900000000000000000e+01 1.563800000000000000e+04
-7.829664707183837891e+00 -4.362523078918457031e+00 1.095036789774894714e-02 3.500000000000000000e+01 4.282194000000000000e+07 2.700000000000000000e+02 3.100000000000000000e+01 5.000000000000000000e+01 8.963000000000000000e+03
-1.471961498260498047e+01 -7.404502868652343750e+00 1.754298657178878784e-01 3.600000000000000000e+01 4.291888800000000000e+07 9.580000000000000000e+02 3.000000000000000000e+01 8.300000000000000000e+01 1.647800000000000000e+04
-7.879074573516845703e+00 -4.326914310455322266e+00 1.098213251680135727e-02 5.200000000000000000e+01 4.291888800000000000e+07 4.160000000000000000e+02 3.100000000000000000e+01 6.200000000000000000e+01 8.989000000000000000e+03
-1.478000354766845703e+01 -7.321591377258300781e+00 1.756108552217483521e-01 3.200000000000000000e+01 4.301674000000000000e+07 8.550000000000000000e+02 3.000000000000000000e+01 6.600000000000000000e+01 1.649500000000000000e+04
-7.883489608764648438e+00 -4.266588687896728516e+00 1.095158979296684265e-02 3.400000000000000000e+01 4.301674000000000000e+07 2.690000000000000000e+02 3.100000000000000000e+01 6.000000000000000000e+01 8.964000000000000000e+03
-1.492440986633300781e+01 -7.279423236846923828e+00 1.767925918102264404e-01 3.900000000000000000e+01 4.311335200000000000e+07 1.055000000000000000e+03 3.000000000000000000e+01 8.600000000000000000e+01 1.660600000000000000e+04
-7.961580276489257812e+00 -4.245899677276611328e+00 1.102367229759693146e-02 3.600000000000000000e+01 4.311335200000000000e+07 2.890000000000000000e+02 3.100000000000000000e+01 6.000000000000000000e+01 9.023000000000000000e+03
-7.867975711822509766e+00 -4.134173870086669922e+00 1.085873879492282867e-02 2.400000000000000000e+01 4.321122000000000000e+07 1.790000000000000000e+02 3.100000000000000000e+01 4.500000000000000000e+01 8.888000000000000000e+03
-8.037950515747070312e+00 -4.160750389099121094e+00 1.105788070708513260e-02 3.500000000000000000e+01 4.330911200000000000e+07 2.750000000000000000e+02 3.100000000000000000e+01 4.300000000000000000e+01 9.051000000000000000e+03
-1.473310279846191406e+01 -6.853339195251464844e+00 1.730024963617324829e-01 3.900000000000000000e+01 4.340762000000000000e+07 1.009000000000000000e+03 3.000000000000000000e+01 9.000000000000000000e+01 1.625000000000000000e+04
-8.078474044799804688e+00 -4.119074344635009766e+00 1.107865013182163239e-02 2.700000000000000000e+01 4.340762000000000000e+07 2.170000000000000000e+02 3.100000000000000000e+01 7.600000000000000000e+01 9.068000000000000000e+03
-7.948100566864013672e+00 -3.991342306137084961e+00 1.086606830358505249e-02 5.600000000000000000e+01 4.350452800000000000e+07 4.310000000000000000e+02 3.100000000000000000e+01 5.300000000000000000e+01 8.894000000000000000e+03
-8.096142768859863281e+00 -4.003671169281005859e+00 1.103466749191284180e-02 3.400000000000000000e+01 4.360276800000000000e+07 2.660000000000000000e+02 3.100000000000000000e+01 4.100000000000000000e+01 9.032000000000000000e+03
-8.076501846313476562e+00 -3.932468175888061523e+00 1.097480300813913345e-02 4.900000000000000000e+01 4.370092000000000000e+07 3.910000000000000000e+02 3.100000000000000000e+01 6.000000000000000000e+01 8.983000000000000000e+03
-8.261893272399902344e+00 -3.960208892822265625e+00 1.119349244982004166e-02 3.900000000000000000e+01 4.379911200000000000e+07 3.150000000000000000e+02 3.100000000000000000e+01 5.500000000000000000e+01 9.162000000000000000e+03
-8.331256866455078125e+00 -3.930775642395019531e+00 1.125457976013422012e-02 5.400000000000000000e+01 4.389587200000000000e+07 4.460000000000000000e+02 3.100000000000000000e+01 5.400000000000000000e+01 9.212000000000000000e+03
-8.143888473510742188e+00 -3.781455039978027344e+00 1.096991542726755142e-02 5.300000000000000000e+01 4.399376000000000000e+07 4.160000000000000000e+02 3.100000000000000000e+01 5.200000000000000000e+01 8.979000000000000000e+03
-8.154204368591308594e+00 -3.725595951080322266e+00 1.095281075686216354e-02 1.100000000000000000e+02 4.409138000000000000e+07 8.790000000000000000e+02 3.100000000000000000e+01 7.300000000000000000e+01 8.965000000000000000e+03
-8.180559158325195312e+00 -3.677132606506347656e+00 1.095769926905632019e-02 7.200000000000000000e+01 4.419046000000000000e+07 5.680000000000000000e+02 3.100000000000000000e+01 5.100000000000000000e+01 8.969000000000000000e+03
-8.334669113159179688e+00 -3.685098886489868164e+00 1.113362796604633331e-02 5.000000000000000000e+01 4.428704800000000000e+07 4.030000000000000000e+02 3.100000000000000000e+01 5.600000000000000000e+01 9.113000000000000000e+03
-8.343367576599121094e+00 -3.627907514572143555e+00 1.111530140042304993e-02 3.600000000000000000e+01 4.438428000000000000e+07 2.860000000000000000e+02 3.100000000000000000e+01 5.300000000000000000e+01 9.098000000000000000e+03
-8.450062751770019531e+00 -3.612812757492065430e+00 1.122770085930824280e-02 3.200000000000000000e+01 4.448212000000000000e+07 2.580000000000000000e+02 3.100000000000000000e+01 5.000000000000000000e+01 9.190000000000000000e+03
-8.519087791442871094e+00 -3.580657243728637695e+00 1.129000913351774216e-02 3.200000000000000000e+01 4.457954000000000000e+07 2.610000000000000000e+02 3.100000000000000000e+01 4.800000000000000000e+01 9.241000000000000000e+03
-8.555685043334960938e+00 -3.534426689147949219e+00 1.130955573171377182e-02 4.100000000000000000e+01 4.467716800000000000e+07 3.390000000000000000e+02 3.100000000000000000e+01 5.500000000000000000e+01 9.257000000000000000e+03
-8.557753562927246094e+00 -3.473964691162109375e+00 1.128389965742826462e-02 4.500000000000000000e+01 4.477403200000000000e+07 3.790000000000000000e+02 3.100000000000000000e+01 6.600000000000000000e+01 9.236000000000000000e+03
-8.447939872741699219e+00 -3.369157791137695312e+00 1.111163664609193802e-02 4.300000000000000000e+01 4.487172000000000000e+07 3.430000000000000000e+02 3.100000000000000000e+01 5.500000000000000000e+01 9.095000000000000000e+03
-8.532700538635253906e+00 -3.342425584793090820e+00 1.119593624025583267e-02 3.600000000000000000e+01 4.497020800000000000e+07 2.970000000000000000e+02 3.100000000000000000e+01 7.400000000000000000e+01 9.164000000000000000e+03
-8.779848098754882812e+00 -3.377247333526611328e+00 1.149281673133373260e-02 2.700000000000000000e+01 4.506672000000000000e+07 2.340000000000000000e+02 3.100000000000000000e+01 6.300000000000000000e+01 9.407000000000000000e+03
-8.877117156982421875e+00 -3.352280616760253906e+00 1.159299816936254501e-02 3.200000000000000000e+01 4.516378000000000000e+07 2.750000000000000000e+02 3.100000000000000000e+01 5.400000000000000000e+01 9.489000000000000000e+03
-8.924712181091308594e+00 -3.307827234268188477e+00 1.162842847406864166e-02 3.000000000000000000e+01 4.526264000000000000e+07 2.590000000000000000e+02 3.100000000000000000e+01 5.300000000000000000e+01 9.518000000000000000e+03
-8.767221450805664062e+00 -3.188408613204956055e+00 1.139752101153135300e-02 3.500000000000000000e+01 4.535915200000000000e+07 2.930000000000000000e+02 3.100000000000000000e+01 4.500000000000000000e+01 9.329000000000000000e+03
-8.862911224365234375e+00 -3.161770105361938477e+00 1.149648148566484451e-02 3.400000000000000000e+01 4.545672000000000000e+07 2.890000000000000000e+02 3.100000000000000000e+01 4.600000000000000000e+01 9.410000000000000000e+03
-8.242177009582519531e+00 -2.883442401885986328e+00 1.066814828664064407e-02 1.280000000000000000e+02 4.555415200000000000e+07 9.720000000000000000e+02 3.100000000000000000e+01 6.400000000000000000e+01 8.732000000000000000e+03
-8.909556388854980469e+00 -3.055690050125122070e+00 1.150747761130332947e-02 3.200000000000000000e+01 4.565300800000000000e+07 2.790000000000000000e+02 3.100000000000000000e+01 6.500000000000000000e+01 9.419000000000000000e+03
-8.922450065612792969e+00 -2.999052762985229492e+00 1.150014623999595642e-02 3.300000000000000000e+01 4.574952000000000000e+07 2.790000000000000000e+02 3.100000000000000000e+01 5.700000000000000000e+01 9.413000000000000000e+03
-8.940684318542480469e+00 -2.944249153137207031e+00 1.150014623999595642e-02 4.400000000000000000e+01 4.584654000000000000e+07 3.770000000000000000e+02 3.100000000000000000e+01 5.500000000000000000e+01 9.413000000000000000e+03
-9.073740005493164062e+00 -2.926476001739501953e+00 1.164797600358724594e-02 3.700000000000000000e+01 4.594499200000000000e+07 3.310000000000000000e+02 3.100000000000000000e+01 6.800000000000000000e+01 9.534000000000000000e+03
-8.981863975524902344e+00 -2.836118459701538086e+00 1.150747761130332947e-02 4.100000000000000000e+01 4.604246000000000000e+07 3.590000000000000000e+02 3.100000000000000000e+01 6.500000000000000000e+01 9.419000000000000000e+03
-8.950369834899902344e+00 -2.765895366668701172e+00 1.144516840577125549e-02 2.700000000000000000e+01 4.614060000000000000e+07 2.240000000000000000e+02 3.100000000000000000e+01 5.500000000000000000e+01 9.368000000000000000e+03
-9.223706245422363281e+00 -2.788479328155517578e+00 1.177259255200624466e-02 2.700000000000000000e+01 4.623906000000000000e+07 2.370000000000000000e+02 3.100000000000000000e+01 5.400000000000000000e+01 9.636000000000000000e+03
-9.022955894470214844e+00 -2.667475938796997070e+00 1.149525959044694901e-02 3.900000000000000000e+01 4.633616800000000000e+07 3.320000000000000000e+02 3.100000000000000000e+01 5.200000000000000000e+01 9.409000000000000000e+03
-9.053564071655273438e+00 -2.616226196289062500e+00 1.151358615607023239e-02 4.700000000000000000e+01 4.643458000000000000e+07 4.120000000000000000e+02 3.100000000000000000e+01 7.200000000000000000e+01 9.424000000000000000e+03
-9.134887695312500000e+00 -2.579101800918579102e+00 1.159666385501623154e-02 4.200000000000000000e+01 4.653188800000000000e+07 3.650000000000000000e+02 3.100000000000000000e+01 5.000000000000000000e+01 9.492000000000000000e+03
-9.084987640380859375e+00 -2.504928112030029297e+00 1.151358615607023239e-02 3.000000000000000000e+01 4.662916000000000000e+07 2.600000000000000000e+02 3.100000000000000000e+01 8.100000000000000000e+01 9.424000000000000000e+03
-9.140743255615234375e+00 -2.460051536560058594e+00 1.156489830464124680e-02 2.900000000000000000e+01 4.672654000000000000e+07 2.470000000000000000e+02 3.100000000000000000e+01 4.900000000000000000e+01 9.466000000000000000e+03
-8.943844795227050781e+00 -2.348303079605102539e+00 1.129733957350254059e-02 4.300000000000000000e+01 4.682407200000000000e+07 3.630000000000000000e+02 3.100000000000000000e+01 6.600000000000000000e+01 9.247000000000000000e+03
-9.092742919921875000e+00 -2.327854394912719727e+00 1.146715972572565079e-02 7.000000000000000000e+01 4.692139200000000000e+07 6.120000000000000000e+02 3.100000000000000000e+01 6.600000000000000000e+01 9.386000000000000000e+03
-8.965197563171386719e+00 -2.236677169799804688e+00 1.128878723829984665e-02 4.600000000000000000e+01 4.702062000000000000e+07 3.870000000000000000e+02 3.100000000000000000e+01 7.600000000000000000e+01 9.240000000000000000e+03
-8.896155357360839844e+00 -2.161556482315063477e+00 1.118494011461734772e-02 4.300000000000000000e+01 4.711700800000000000e+07 3.550000000000000000e+02 3.100000000000000000e+01 7.500000000000000000e+01 9.155000000000000000e+03
-9.300459861755371094e+00 -2.199446201324462891e+00 1.167607586830854416e-02 3.700000000000000000e+01 4.721608000000000000e+07 3.320000000000000000e+02 3.100000000000000000e+01 7.900000000000000000e+01 9.557000000000000000e+03
-9.315729141235351562e+00 -2.142786502838134766e+00 1.167851872742176056e-02 3.500000000000000000e+01 4.731340800000000000e+07 3.070000000000000000e+02 3.100000000000000000e+01 4.800000000000000000e+01 9.559000000000000000e+03
-9.279907226562500000e+00 -2.074676990509033203e+00 1.161743327975273132e-02 5.600000000000000000e+01 4.741056800000000000e+07 5.020000000000000000e+02 3.100000000000000000e+01 6.100000000000000000e+01 9.509000000000000000e+03
-9.308097839355468750e+00 -2.021092414855957031e+00 1.163698080927133560e-02 4.000000000000000000e+01 4.750814000000000000e+07 3.580000000000000000e+02 3.100000000000000000e+01 6.300000000000000000e+01 9.525000000000000000e+03
-9.363377571105957031e+00 -1.973013162612915039e+00 1.169073674827814102e-02 3.900000000000000000e+01 4.760608800000000000e+07 3.520000000000000000e+02 3.100000000000000000e+01 6.300000000000000000e+01 9.569000000000000000e+03
-8.825663566589355469e+00 -1.803222417831420898e+00 1.100534573197364807e-02 5.600000000000000000e+01 4.770366000000000000e+07 4.500000000000000000e+02 3.100000000000000000e+01 6.500000000000000000e+01 9.008000000000000000e+03
-9.406504631042480469e+00 -1.861845016479492188e+00 1.171517185866832733e-02 3.800000000000000000e+01 4.780180000000000000e+07 3.440000000000000000e+02 3.100000000000000000e+01 7.100000000000000000e+01 9.589000000000000000e+03
-9.423644065856933594e+00 -1.805221438407897949e+00 1.172250136733055115e-02 6.500000000000000000e+01 4.789964800000000000e+07 5.850000000000000000e+02 3.100000000000000000e+01 5.500000000000000000e+01 9.595000000000000000e+03
-9.444375991821289062e+00 -1.749186277389526367e+00 1.173471845686435699e-02 3.000000000000000000e+01 4.799759200000000000e+07 2.710000000000000000e+02 3.100000000000000000e+01 7.100000000000000000e+01 9.605000000000000000e+03
-9.821119308471679688e+00 -1.756703734397888184e+00 1.218920201063156128e-02 2.000000000000000000e+01 4.809546000000000000e+07 1.850000000000000000e+02 3.100000000000000000e+01 4.700000000000000000e+01 9.977000000000000000e+03
-9.268042564392089844e+00 -1.599151134490966797e+00 1.149037294089794159e-02 2.400000000000000000e+01 4.819274000000000000e+07 1.990000000000000000e+02 3.100000000000000000e+01 5.300000000000000000e+01 9.405000000000000000e+03
-9.821221351623535156e+00 -1.632607579231262207e+00 1.216354593634605408e-02 2.500000000000000000e+01 4.828996000000000000e+07 2.420000000000000000e+02 3.100000000000000000e+01 6.300000000000000000e+01 9.956000000000000000e+03
-1.018653678894042969e+01 -1.629168510437011719e+00 1.260336954146623611e-02 3.800000000000000000e+01 4.838852000000000000e+07 3.980000000000000000e+02 3.100000000000000000e+01 6.600000000000000000e+01 1.031600000000000000e+04
-9.807899475097656250e+00 -1.506951689720153809e+00 1.212322898209095001e-02 4.400000000000000000e+01 4.848472000000000000e+07 4.270000000000000000e+02 3.100000000000000000e+01 7.600000000000000000e+01 9.923000000000000000e+03
-9.532038688659667969e+00 -1.404753565788269043e+00 1.177137065678834915e-02 2.000000000000000000e+01 4.858280800000000000e+07 1.800000000000000000e+02 3.100000000000000000e+01 6.400000000000000000e+01 9.635000000000000000e+03
-9.518694877624511719e+00 -1.343165874481201172e+00 1.174449361860752106e-02 4.400000000000000000e+01 4.868115200000000000e+07 4.000000000000000000e+02 3.100000000000000000e+01 7.700000000000000000e+01 9.613000000000000000e+03
-9.518828392028808594e+00 -1.283665657043457031e+00 1.173471845686435699e-02 8.500000000000000000e+01 4.878000800000000000e+07 7.800000000000000000e+02 3.100000000000000000e+01 5.900000000000000000e+01 9.605000000000000000e+03
-9.919290542602539062e+00 -1.275749683380126953e+00 1.221852377057075500e-02 2.600000000000000000e+01 4.887752800000000000e+07 2.460000000000000000e+02 3.100000000000000000e+01 5.200000000000000000e+01 1.000100000000000000e+04
-9.926931381225585938e+00 -1.214862108230590820e+00 1.221852377057075500e-02 2.000000000000000000e+01 4.897374000000000000e+07 1.940000000000000000e+02 3.100000000000000000e+01 6.700000000000000000e+01 1.000100000000000000e+04
-9.914333343505859375e+00 -1.151621103286743164e+00 1.219408959150314331e-02 2.000000000000000000e+01 4.907070000000000000e+07 1.940000000000000000e+02 3.100000000000000000e+01 6.000000000000000000e+01 9.981000000000000000e+03
-1.015579891204833984e+01 -1.116557359695434570e+00 1.248241867870092392e-02 5.100000000000000000e+01 4.916854000000000000e+07 5.260000000000000000e+02 3.100000000000000000e+01 7.200000000000000000e+01 1.021700000000000000e+04
-1.010775184631347656e+01 -1.048546433448791504e+00 1.241522282361984253e-02 4.700000000000000000e+01 4.926540000000000000e+07 4.790000000000000000e+02 3.100000000000000000e+01 6.900000000000000000e+01 1.016200000000000000e+04
-7.162400722503662109e+00 7.989089936017990112e-02 2.125883102416992188e-01 3.300000000000000000e+01 4.936350000000000000e+07 1.630000000000000000e+02 2.800000000000000000e+01 2.400000000000000000e+01 7.166000000000000000e+03
-1.050912094116210938e+01 -1.025046706199645996e+00 1.290025003254413605e-02 3.100000000000000000e+01 4.936350000000000000e+07 3.390000000000000000e+02 3.100000000000000000e+01 7.200000000000000000e+01 1.055900000000000000e+04
-7.167772293090820312e+00 1.239407509565353394e-01 2.127663195133209229e-01 2.540000000000000000e+02 4.946030000000000000e+07 1.299000000000000000e+03 2.800000000000000000e+01 5.500000000000000000e+01 7.172000000000000000e+03
-1.018060493469238281e+01 -9.299789071083068848e-01 1.248974818736314774e-02 3.800000000000000000e+01 4.946030000000000000e+07 3.890000000000000000e+02 3.100000000000000000e+01 8.700000000000000000e+01 1.022300000000000000e+04
-7.143893241882324219e+00 1.673805415630340576e-01 2.120839804410934448e-01 1.700000000000000000e+01 4.955875200000000000e+07 8.000000000000000000e+01 2.800000000000000000e+01 4.400000000000000000e+01 7.149000000000000000e+03
-1.056275653839111328e+01 -8.995704054832458496e-01 1.295156218111515045e-02 2.600000000000000000e+01 4.955875200000000000e+07 2.850000000000000000e+02 3.100000000000000000e+01 7.600000000000000000e+01 1.060100000000000000e+04
-1.057106685638427734e+01 -8.349778056144714355e-01 1.295522693544626236e-02 2.800000000000000000e+01 4.965684000000000000e+07 2.980000000000000000e+02 3.100000000000000000e+01 5.700000000000000000e+01 1.060400000000000000e+04
-1.057798671722412109e+01 -7.702445387840270996e-01 1.295767165720462799e-02 4.300000000000000000e+01 4.975452800000000000e+07 4.760000000000000000e+02 3.100000000000000000e+01 7.800000000000000000e+01 1.060600000000000000e+04
-1.085191535949707031e+01 -7.232803702354431152e-01 1.328753773123025894e-02 2.000000000000000000e+01 4.985144000000000000e+07 2.290000000000000000e+02 3.100000000000000000e+01 7.100000000000000000e+01 1.087600000000000000e+04
-7.158030986785888672e+00 8.476197719573974609e-02 1.449501663446426392e-01 7.900000000000000000e+01 4.994844800000000000e+07 3.980000000000000000e+02 2.900000000000000000e+01 3.400000000000000000e+01 7.160000000000000000e+03
-1.088709259033203125e+01 -6.585524082183837891e-01 1.332541182637214661e-02 2.000000000000000000e+01 4.994844800000000000e+07 2.320000000000000000e+02 3.100000000000000000e+01 5.900000000000000000e+01 1.090700000000000000e+04
-7.149379253387451172e+00 1.285374611616134644e-01 1.447882205247879028e-01 3.620000000000000000e+02 5.004644000000000000e+07 1.843000000000000000e+03 2.900000000000000000e+01 7.300000000000000000e+01 7.152000000000000000e+03
-1.050250244140625000e+01 -5.706335902214050293e-01 1.285015884786844254e-02 1.400000000000000000e+01 5.004644000000000000e+07 1.490000000000000000e+02 3.100000000000000000e+01 6.200000000000000000e+01 1.051800000000000000e+04
-7.112473487854003906e+00 1.715350002050399780e-01 1.440594047307968140e-01 6.800000000000000000e+01 5.014412800000000000e+07 3.410000000000000000e+02 2.900000000000000000e+01 6.900000000000000000e+01 7.116000000000000000e+03
-1.100422668457031250e+01 -5.301951766014099121e-01 1.345980167388916016e-02 5.000000000000000000e+01 5.014412800000000000e+07 6.000000000000000000e+02 3.100000000000000000e+01 6.800000000000000000e+01 1.101700000000000000e+04
-1.094832515716552734e+01 -4.601867794990539551e-01 1.338771916925907135e-02 3.900000000000000000e+01 5.024186000000000000e+07 4.610000000000000000e+02 3.100000000000000000e+01 6.700000000000000000e+01 1.095800000000000000e+04
-1.091596508026123047e+01 -3.917452096939086914e-01 1.334495935589075089e-02 3.100000000000000000e+01 5.034067200000000000e+07 3.520000000000000000e+02 3.100000000000000000e+01 5.700000000000000000e+01 1.092300000000000000e+04
-7.209444522857666016e+00 4.608533158898353577e-02 7.675988227128982544e-02 1.000000000000000000e+01 5.043808800000000000e+07 4.900000000000000000e+01 3.000000000000000000e+01 6.200000000000000000e+01 7.210000000000000000e+03
-1.099113082885742188e+01 -3.269291520118713379e-01 1.343414559960365295e-02 4.300000000000000000e+01 5.043808800000000000e+07 5.100000000000000000e+02 3.100000000000000000e+01 9.000000000000000000e+01 1.099600000000000000e+04
-7.195027828216552734e+00 9.014540910720825195e-02 7.661083340644836426e-02 1.870000000000000000e+02 5.053455200000000000e+07 9.610000000000000000e+02 3.000000000000000000e+01 5.000000000000000000e+01 7.196000000000000000e+03
-1.066002273559570312e+01 -2.516245841979980469e-01 1.302730850875377655e-02 4.500000000000000000e+01 5.053455200000000000e+07 5.050000000000000000e+02 3.100000000000000000e+01 6.900000000000000000e+01 1.066300000000000000e+04
-7.154348373413085938e+00 1.335450857877731323e-01 7.618497312068939209e-02 2.250000000000000000e+02 5.063228000000000000e+07 1.144000000000000000e+03 3.000000000000000000e+01 7.500000000000000000e+01 7.156000000000000000e+03
-1.134326171875000000e+01 -1.981211453676223755e-01 1.386052928864955902e-02 2.100000000000000000e+01 5.063228000000000000e+07 2.600000000000000000e+02 3.100000000000000000e+01 9.500000000000000000e+01 1.134500000000000000e+04
-7.129403114318847656e+00 1.768457293510437012e-01 7.592947036027908325e-02 6.600000000000000000e+01 5.073032000000000000e+07 3.330000000000000000e+02 3.000000000000000000e+01 5.900000000000000000e+01 7.132000000000000000e+03
-1.082229804992675781e+01 -1.226032450795173645e-01 1.322278659790754318e-02 3.000000000000000000e+01 5.073032000000000000e+07 3.440000000000000000e+02 3.100000000000000000e+01 7.400000000000000000e+01 1.082300000000000000e+04
-1.152783679962158203e+01 -5.985715240240097046e-02 1.408410631120204926e-02 2.800000000000000000e+01 5.082666000000000000e+07 3.630000000000000000e+02 3.100000000000000000e+01 8.100000000000000000e+01 1.152800000000000000e+04
-1.133198738098144531e+01 1.069251075387001038e-02 1.384464744478464127e-02 5.600000000000000000e+01 5.092440000000000000e+07 7.120000000000000000e+02 3.100000000000000000e+01 6.800000000000000000e+01 1.133200000000000000e+04
-7.181814670562744141e+00 5.084444954991340637e-02 8.774465881288051605e-03 3.700000000000000000e+01 5.102244800000000000e+07 1.880000000000000000e+02 3.100000000000000000e+01 6.800000000000000000e+01 7.182000000000000000e+03
-7.143371582031250000e+00 9.440810978412628174e-02 8.728041313588619232e-03 1.710000000000000000e+02 5.112064000000000000e+07 8.600000000000000000e+02 3.100000000000000000e+01 5.300000000000000000e+01 7.144000000000000000e+03
-7.202646255493164062e+00 1.393982470035552979e-01 8.801344782114028931e-03 1.990000000000000000e+02 5.121730000000000000e+07 1.030000000000000000e+03 3.100000000000000000e+01 6.000000000000000000e+01 7.204000000000000000e+03
-7.162668228149414062e+00 1.825963258743286133e-01 8.753697387874126434e-03 8.200000000000000000e+01 5.131492000000000000e+07 4.180000000000000000e+02 3.100000000000000000e+01 6.700000000000000000e+01 7.165000000000000000e+03
-1.259469127655029297e+01 3.984170556068420410e-01 1.539502292871475220e-02 3.200000000000000000e+01 5.141352800000000000e+07 4.960000000000000000e+02 3.100000000000000000e+01 8.600000000000000000e+01 1.260100000000000000e+04
-1.260200214385986328e+01 4.760666489601135254e-01 1.540724001824855804e-02 3.100000000000000000e+01 5.151068800000000000e+07 4.830000000000000000e+02 3.100000000000000000e+01 7.100000000000000000e+01 1.261100000000000000e+04
-1.242101573944091797e+01 5.455712676048278809e-01 1.518977154046297073e-02 2.700000000000000000e+01 5.160843200000000000e+07 4.050000000000000000e+02 3.100000000000000000e+01 9.200000000000000000e+01 1.243300000000000000e+04
-1.273903179168701172e+01 6.378781795501708984e-01 1.558316964656114578e-02 3.200000000000000000e+01 5.170714000000000000e+07 5.080000000000000000e+02 3.100000000000000000e+01 8.900000000000000000e+01 1.275500000000000000e+04
-1.293556022644042969e+01 7.273150086402893066e-01 1.582873612642288208e-02 3.100000000000000000e+01 5.180430000000000000e+07 5.050000000000000000e+02 3.100000000000000000e+01 1.030000000000000000e+02 1.295600000000000000e+04
-1.279312229156494141e+01 7.980802059173583984e-01 1.566013880074024200e-02 2.700000000000000000e+01 5.190266000000000000e+07 4.290000000000000000e+02 3.100000000000000000e+01 1.030000000000000000e+02 1.281800000000000000e+04
-1.288276195526123047e+01 8.830589056015014648e-01 1.577620208263397217e-02 5.600000000000000000e+01 5.199998000000000000e+07 9.230000000000000000e+02 3.100000000000000000e+01 7.700000000000000000e+01 1.291300000000000000e+04
-1.295488357543945312e+01 9.679008126258850098e-01 1.587149687111377716e-02 2.400000000000000000e+01 5.209603200000000000e+07 3.930000000000000000e+02 3.100000000000000000e+01 7.900000000000000000e+01 1.299100000000000000e+04
-1.409994029998779297e+01 1.140491724014282227e+00 1.728259585797786713e-02 1.600000000000000000e+01 5.219447200000000000e+07 3.060000000000000000e+02 3.100000000000000000e+01 8.000000000000000000e+01 1.414600000000000000e+04
-1.399604225158691406e+01 1.218572378158569336e+00 1.716408878564834595e-02 2.400000000000000000e+01 5.229303200000000000e+07 4.590000000000000000e+02 3.100000000000000000e+01 8.300000000000000000e+01 1.404900000000000000e+04
-1.400921154022216797e+01 1.306377291679382324e+00 1.718974485993385315e-02 1.500000000000000000e+01 5.238999200000000000e+07 2.820000000000000000e+02 3.100000000000000000e+01 8.800000000000000000e+01 1.407000000000000000e+04
-1.438105678558349609e+01 1.430112838745117188e+00 1.765644550323486328e-02 2.300000000000000000e+01 5.248838000000000000e+07 4.630000000000000000e+02 3.100000000000000000e+01 9.400000000000000000e+01 1.445200000000000000e+04
-1.444560146331787109e+01 1.526100873947143555e+00 1.774685457348823547e-02 1.900000000000000000e+01 5.258494000000000000e+07 3.860000000000000000e+02 3.100000000000000000e+01 8.000000000000000000e+01 1.452600000000000000e+04
-1.436242389678955078e+01 1.606482863426208496e+00 1.765644550323486328e-02 2.700000000000000000e+01 5.268263200000000000e+07 5.450000000000000000e+02 3.100000000000000000e+01 1.050000000000000000e+02 1.445200000000000000e+04
-1.411494541168212891e+01 1.666554689407348633e+00 1.736445166170597076e-02 1.900000000000000000e+01 5.278092000000000000e+07 3.650000000000000000e+02 3.100000000000000000e+01 1.080000000000000000e+02 1.421300000000000000e+04
-1.107762908935546875e+01 2.198515892028808594e+00 2.286811619997024536e-01 1.710000000000000000e+02 5.287815200000000000e+07 2.175000000000000000e+03 2.900000000000000000e+01 5.800000000000000000e+01 1.129600000000000000e+04
-1.456888008117675781e+01 1.810857415199279785e+00 1.793622225522994995e-02 2.400000000000000000e+01 5.287815200000000000e+07 4.990000000000000000e+02 3.100000000000000000e+01 1.000000000000000000e+02 1.468100000000000000e+04
-1.439685726165771484e+01 1.879248023033142090e+00 1.773830130696296692e-02 1.900000000000000000e+01 5.297624000000000000e+07 3.820000000000000000e+02 3.100000000000000000e+01 9.900000000000000000e+01 1.451900000000000000e+04
-1.483882904052734375e+01 2.029616117477416992e+00 1.829785294830799103e-02 2.000000000000000000e+01 5.307406000000000000e+07 4.310000000000000000e+02 3.100000000000000000e+01 9.300000000000000000e+01 1.497700000000000000e+04
-1.114999961853027344e+01 2.149800539016723633e+00 1.208994761109352112e-01 3.100000000000000000e+01 5.336599200000000000e+07 3.820000000000000000e+02 3.000000000000000000e+01 4.000000000000000000e+01 1.135600000000000000e+04
-1.112679195404052734e+01 2.216221809387207031e+00 1.207930073142051697e-01 3.190000000000000000e+02 5.346275200000000000e+07 4.088000000000000000e+03 3.000000000000000000e+01 4.900000000000000000e+01 1.134600000000000000e+04
-1.104833984375000000e+01 2.271164178848266602e+00 1.200903505086898804e-01 3.500000000000000000e+01 5.356134000000000000e+07 4.360000000000000000e+02 3.000000000000000000e+01 8.600000000000000000e+01 1.128000000000000000e+04
-1.314342594146728516e+01 2.210363388061523438e+00 1.628322154283523560e-02 4.900000000000000000e+01 5.356134000000000000e+07 8.520000000000000000e+02 3.100000000000000000e+01 1.210000000000000000e+02 1.332800000000000000e+04
-1.108630943298339844e+01 2.145423650741577148e+00 1.379577815532684326e-02 1.090000000000000000e+02 5.395228000000000000e+07 1.383000000000000000e+03 3.100000000000000000e+01 6.200000000000000000e+01 1.129200000000000000e+04
-1.107783985137939453e+01 2.214387655258178711e+00 1.380188670009374619e-02 2.130000000000000000e+02 5.405056800000000000e+07 2.711000000000000000e+03 3.100000000000000000e+01 6.400000000000000000e+01 1.129700000000000000e+04
-1.107579612731933594e+01 2.284742593765258789e+00 1.381654758006334305e-02 6.200000000000000000e+01 5.414960000000000000e+07 7.830000000000000000e+02 3.100000000000000000e+01 9.300000000000000000e+01 1.130900000000000000e+04
-1.243498897552490234e+01 7.772318363189697266e+00 1.561281085014343262e-01 2.400000000000000000e+02 5.923371200000000000e+07 5.109000000000000000e+03 3.000000000000000000e+01 5.100000000000000000e+01 1.466500000000000000e+04
-4.396455287933349609e+00 3.379999876022338867e+00 1.645883321762084961e-01 4.660000000000000000e+02 5.962504000000000000e+07 1.432000000000000000e+03 2.800000000000000000e+01 9.500000000000000000e+01 5.548000000000000000e+03
-4.324368476867675781e+00 3.366997241973876953e+00 1.626600176095962524e-01 1.260000000000000000e+02 5.972344800000000000e+07 3.770000000000000000e+02 2.800000000000000000e+01 6.700000000000000000e+01 5.483000000000000000e+03
-8.152481079101562500e+00 5.963710308074951172e+00 2.045295536518096924e-01 4.400000000000000000e+01 5.982116800000000000e+07 4.430000000000000000e+02 2.900000000000000000e+01 7.200000000000000000e+01 1.010300000000000000e+04
-1.243712043762207031e+01 7.785541534423828125e+00 1.792644709348678589e-02 3.630000000000000000e+02 5.982116800000000000e+07 7.760000000000000000e+03 3.100000000000000000e+01 6.600000000000000000e+01 1.467300000000000000e+04
-8.086815834045410156e+00 5.992192268371582031e+00 2.038007527589797974e-01 1.420000000000000000e+02 5.991778000000000000e+07 1.433000000000000000e+03 2.900000000000000000e+01 6.800000000000000000e+01 1.006700000000000000e+04
-4.354558467864990234e+00 3.310196161270141602e+00 1.107573136687278748e-01 4.900000000000000000e+01 6.011324800000000000e+07 1.420000000000000000e+02 2.900000000000000000e+01 5.300000000000000000e+01 5.471000000000000000e+03
-4.367438316345214844e+00 3.362469673156738281e+00 1.116075888276100159e-01 2.280000000000000000e+02 6.021139200000000000e+07 6.880000000000000000e+02 2.900000000000000000e+01 6.600000000000000000e+01 5.513000000000000000e+03
-4.313609123229980469e+00 3.363384008407592773e+00 1.107573136687278748e-01 1.210000000000000000e+02 6.030944000000000000e+07 3.580000000000000000e+02 2.900000000000000000e+01 5.200000000000000000e+01 5.471000000000000000e+03
-8.156042098999023438e+00 5.974923610687255859e+00 1.076448112726211548e-01 1.200000000000000000e+01 6.040726000000000000e+07 1.090000000000000000e+02 3.000000000000000000e+01 4.200000000000000000e+01 1.011100000000000000e+04
-8.079879760742187500e+00 5.995658397674560547e+00 1.071231439709663391e-01 1.530000000000000000e+02 6.050520000000000000e+07 1.535000000000000000e+03 3.000000000000000000e+01 4.900000000000000000e+01 1.006200000000000000e+04
-4.364066600799560547e+00 3.322158813476562500e+00 5.839499831199645996e-02 1.950000000000000000e+02 6.070052000000000000e+07 5.800000000000000000e+02 3.000000000000000000e+01 4.200000000000000000e+01 5.485000000000000000e+03
-8.151583671569824219e+00 5.980270862579345703e+00 1.235169265419244766e-02 4.200000000000000000e+02 6.099340800000000000e+07 4.276000000000000000e+03 3.100000000000000000e+01 7.900000000000000000e+01 1.011000000000000000e+04
-8.102696418762207031e+00 6.021228313446044922e+00 1.233336608856916428e-02 3.510000000000000000e+02 6.109088800000000000e+07 3.569000000000000000e+03 3.100000000000000000e+01 9.000000000000000000e+01 1.009500000000000000e+04
-4.409512996673583984e+00 3.318962097167968750e+00 6.742728874087333679e-03 4.000000000000000000e+01 6.118912800000000000e+07 1.190000000000000000e+02 3.100000000000000000e+01 9.700000000000000000e+01 5.519000000000000000e+03
-4.379522800445556641e+00 3.338680982589721680e+00 6.728068459779024124e-03 2.930000000000000000e+02 6.128774000000000000e+07 8.870000000000000000e+02 3.100000000000000000e+01 6.500000000000000000e+01 5.507000000000000000e+03
-4.344706535339355469e+00 3.354490041732788086e+00 6.706077139824628830e-03 3.240000000000000000e+02 6.138567200000000000e+07 9.680000000000000000e+02 3.100000000000000000e+01 7.200000000000000000e+01 5.489000000000000000e+03
-4.294106960296630859e+00 3.357678413391113281e+00 6.659651640802621841e-03 2.180000000000000000e+02 6.148336000000000000e+07 6.430000000000000000e+02 3.100000000000000000e+01 6.800000000000000000e+01 5.451000000000000000e+03
-5.500937104225158691e-01 1.728650450706481934e+00 1.195361316204071045e-01 4.100000000000000000e+01 6.931008000000000000e+07 1.300000000000000000e+01 2.400000000000000000e+01 8.100000000000000000e+01 1.818000000000000000e+03
-5.489723086357116699e-01 1.762479424476623535e+00 1.216401830315589905e-01 1.410000000000000000e+02 6.940771200000000000e+07 4.800000000000000000e+01 2.400000000000000000e+01 4.000000000000000000e+01 1.850000000000000000e+03
-5.213891863822937012e-01 1.674953103065490723e+00 5.206426233053207397e-02 1.300000000000000000e+01 6.940771200000000000e+07 4.000000000000000000e+00 2.800000000000000000e+01 2.700000000000000000e+01 1.755000000000000000e+03
-5.364022254943847656e-01 1.760087609291076660e+00 1.212456673383712769e-01 2.980000000000000000e+02 6.950452000000000000e+07 1.010000000000000000e+02 2.400000000000000000e+01 2.200000000000000000e+01 1.844000000000000000e+03
-5.367299318313598633e-01 1.762265801429748535e+00 5.467488989233970642e-02 1.500000000000000000e+01 6.950452000000000000e+07 5.000000000000000000e+00 2.800000000000000000e+01 1.700000000000000000e+01 1.843000000000000000e+03
-5.221720933914184570e-01 1.751870751380920410e+00 1.204566508531570435e-01 3.250000000000000000e+02 6.960276000000000000e+07 1.080000000000000000e+02 2.400000000000000000e+01 1.200000000000000000e+01 1.832000000000000000e+03
-5.213411450386047363e-01 1.750198602676391602e+00 5.420023202896118164e-02 1.900000000000000000e+01 6.960276000000000000e+07 6.000000000000000000e+00 2.800000000000000000e+01 1.500000000000000000e+01 1.827000000000000000e+03
-5.100172162055969238e-01 1.750251770019531250e+00 1.201278939843177795e-01 2.220000000000000000e+02 6.969927200000000000e+07 7.400000000000000000e+01 2.400000000000000000e+01 1.500000000000000000e+01 1.827000000000000000e+03
-5.105922818183898926e-01 1.753364562988281250e+00 5.420023202896118164e-02 1.500000000000000000e+01 6.969927200000000000e+07 5.000000000000000000e+00 2.800000000000000000e+01 1.200000000000000000e+01 1.827000000000000000e+03
-5.000880956649780273e-01 1.756227135658264160e+00 1.203251481056213379e-01 1.170000000000000000e+02 6.979772800000000000e+07 3.900000000000000000e+01 2.400000000000000000e+01 0.000000000000000000e+00 1.830000000000000000e+03
-5.585920810699462891e-01 1.758475780487060547e+00 1.041242331266403198e-01 1.600000000000000000e+02 6.989488000000000000e+07 5.400000000000000000e+01 2.500000000000000000e+01 5.400000000000000000e+01 1.848000000000000000e+03
-5.644962787628173828e-01 1.779214620590209961e+00 3.779636323451995850e-02 1.200000000000000000e+01 6.989488000000000000e+07 4.000000000000000000e+00 2.900000000000000000e+01 2.900000000000000000e+01 1.867000000000000000e+03
-5.466060638427734375e-01 1.758056640625000000e+00 1.038988605141639709e-01 2.260000000000000000e+02 6.999319200000000000e+07 7.600000000000000000e+01 2.500000000000000000e+01 4.300000000000000000e+01 1.844000000000000000e+03
-5.387434959411621094e-01 1.734903931617736816e+00 3.678414225578308105e-02 1.000000000000000000e+01 6.999319200000000000e+07 3.000000000000000000e+00 2.900000000000000000e+01 2.300000000000000000e+01 1.817000000000000000e+03
-5.360991358757019043e-01 1.762332558631896973e+00 1.039551943540573120e-01 3.060000000000000000e+02 7.009081600000000000e+07 1.030000000000000000e+02 2.500000000000000000e+01 4.300000000000000000e+01 1.845000000000000000e+03
-4.417688846588134766e-01 1.454061150550842285e+00 3.077154420316219330e-02 1.500000000000000000e+01 7.009081600000000000e+07 3.000000000000000000e+00 2.900000000000000000e+01 2.800000000000000000e+01 1.520000000000000000e+03
-5.247061252593994141e-01 1.763674974441528320e+00 1.038425117731094360e-01 2.610000000000000000e+02 7.018952800000000000e+07 8.800000000000000000e+01 2.500000000000000000e+01 1.500000000000000000e+01 1.843000000000000000e+03
-4.670100808143615723e-01 1.571750521659851074e+00 3.320087864995002747e-02 1.200000000000000000e+01 7.018952800000000000e+07 3.000000000000000000e+00 2.900000000000000000e+01 1.500000000000000000e+01 1.640000000000000000e+03
-5.141534209251403809e-01 1.767820000648498535e+00 1.038988605141639709e-01 2.360000000000000000e+02 7.028782400000000000e+07 8.000000000000000000e+01 2.500000000000000000e+01 2.900000000000000000e+01 1.844000000000000000e+03
-5.030236244201660156e-01 1.769981145858764648e+00 1.038425117731094360e-01 1.150000000000000000e+02 7.038544000000000000e+07 3.900000000000000000e+01 2.500000000000000000e+01 1.000000000000000000e+01 1.843000000000000000e+03
-4.900174438953399658e-01 1.765337944030761719e+00 1.033917516469955444e-01 2.400000000000000000e+01 7.048456800000000000e+07 8.000000000000000000e+00 2.500000000000000000e+01 2.900000000000000000e+01 1.835000000000000000e+03
-5.585662126541137695e-01 1.761523723602294922e+00 8.682440966367721558e-02 1.140000000000000000e+02 7.048456800000000000e+07 3.900000000000000000e+01 2.600000000000000000e+01 7.600000000000000000e+01 1.850000000000000000e+03
-5.108534097671508789e-01 1.613986730575561523e+00 1.802419871091842651e-02 1.400000000000000000e+01 7.048456800000000000e+07 4.000000000000000000e+00 3.000000000000000000e+01 1.800000000000000000e+01 1.693000000000000000e+03
-5.459706783294677734e-01 1.759193778038024902e+00 8.654281497001647949e-02 1.270000000000000000e+02 7.058383200000000000e+07 4.300000000000000000e+01 2.600000000000000000e+01 6.000000000000000000e+01 1.844000000000000000e+03
-5.360368490219116211e-01 1.765378117561340332e+00 8.668361604213714600e-02 2.200000000000000000e+02 7.068254400000000000e+07 7.500000000000000000e+01 2.600000000000000000e+01 6.100000000000000000e+01 1.847000000000000000e+03
-4.959391951560974121e-01 1.636402487754821777e+00 1.820518635213375092e-02 3.500000000000000000e+01 7.068254400000000000e+07 1.000000000000000000e+01 3.000000000000000000e+01 1.100000000000000000e+01 1.710000000000000000e+03
-5.243415832519531250e-01 1.765761256217956543e+00 8.654281497001647949e-02 2.700000000000000000e+02 7.077966400000000000e+07 9.100000000000000000e+01 2.600000000000000000e+01 3.300000000000000000e+01 1.844000000000000000e+03
-5.293633937835693359e-01 1.786099195480346680e+00 1.983407139778137207e-02 3.100000000000000000e+01 7.077966400000000000e+07 1.000000000000000000e+01 3.000000000000000000e+01 2.500000000000000000e+01 1.863000000000000000e+03
-5.132187008857727051e-01 1.767985939979553223e+00 8.649588376283645630e-02 2.560000000000000000e+02 7.087913600000000000e+07 8.600000000000000000e+01 2.600000000000000000e+01 4.400000000000000000e+01 1.843000000000000000e+03
-4.708120524883270264e-01 1.625077128410339355e+00 1.801355183124542236e-02 1.000000000000000000e+01 7.087913600000000000e+07 3.000000000000000000e+00 3.000000000000000000e+01 2.400000000000000000e+01 1.692000000000000000e+03
-4.985448122024536133e-01 1.757647871971130371e+00 8.583883941173553467e-02 1.600000000000000000e+02 7.097640000000000000e+07 5.300000000000000000e+01 2.600000000000000000e+01 5.400000000000000000e+01 1.829000000000000000e+03
-4.869506657123565674e-01 1.757785916328430176e+00 8.569803833961486816e-02 4.100000000000000000e+01 7.107552000000000000e+07 1.300000000000000000e+01 2.600000000000000000e+01 2.200000000000000000e+01 1.826000000000000000e+03
-5.569686889648437500e-01 1.761753559112548828e+00 6.936667114496231079e-02 1.640000000000000000e+02 7.107552000000000000e+07 5.600000000000000000e+01 2.700000000000000000e+01 5.900000000000000000e+01 1.849000000000000000e+03
-5.070626735687255859e-01 1.605845451354980469e+00 2.057393779978156090e-03 9.000000000000000000e+00 7.107552000000000000e+07 2.000000000000000000e+00 3.100000000000000000e+01 1.900000000000000000e+01 1.684000000000000000e+03
-5.470343828201293945e-01 1.768001794815063477e+00 6.947921961545944214e-02 3.170000000000000000e+02 7.117416800000000000e+07 1.080000000000000000e+02 2.700000000000000000e+01 5.000000000000000000e+01 1.852000000000000000e+03
-5.244404077529907227e-01 1.729289770126342773e+00 1.336538046598434448e-01 4.700000000000000000e+01 7.127296800000000000e+07 1.500000000000000000e+01 2.300000000000000000e+01 6.000000000000000000e+01 1.812000000000000000e+03
-5.350177884101867676e-01 1.767499208450317383e+00 6.932915002107620239e-02 3.460000000000000000e+02 7.127296800000000000e+07 1.170000000000000000e+02 2.700000000000000000e+01 4.100000000000000000e+01 1.848000000000000000e+03
-4.945528209209442139e-01 1.635877251625061035e+00 2.087936969473958015e-03 1.500000000000000000e+01 7.127296800000000000e+07 4.000000000000000000e+00 3.100000000000000000e+01 2.800000000000000000e+01 1.709000000000000000e+03
-5.192075967788696289e-01 1.750641226768493652e+00 1.350552588701248169e-01 7.900000000000000000e+01 7.137035200000000000e+07 2.600000000000000000e+01 2.300000000000000000e+01 5.200000000000000000e+01 1.831000000000000000e+03
-5.244461894035339355e-01 1.771707057952880859e+00 6.936667114496231079e-02 3.600000000000000000e+02 7.137035200000000000e+07 1.230000000000000000e+02 2.700000000000000000e+01 5.800000000000000000e+01 1.849000000000000000e+03
-4.581402242183685303e-01 1.549696683883666992e+00 1.974316081032156944e-03 1.200000000000000000e+01 7.137035200000000000e+07 3.000000000000000000e+00 3.100000000000000000e+01 3.700000000000000000e+01 1.616000000000000000e+03
-4.990144968032836914e-01 1.721227765083312988e+00 1.325474083423614502e-01 5.900000000000000000e+01 7.146876000000000000e+07 1.900000000000000000e+01 2.300000000000000000e+01 3.900000000000000000e+01 1.797000000000000000e+03
-5.099545121192932129e-01 1.762412667274475098e+00 6.887896358966827393e-02 3.060000000000000000e+02 7.146876000000000000e+07 1.020000000000000000e+02 2.700000000000000000e+01 3.600000000000000000e+01 1.836000000000000000e+03
-4.727751612663269043e-01 1.636058807373046875e+00 2.080606529489159584e-03 1.500000000000000000e+01 7.146876000000000000e+07 4.000000000000000000e+00 3.100000000000000000e+01 1.600000000000000000e+01 1.703000000000000000e+03
-4.919773936271667480e-01 1.736731052398681641e+00 1.335062980651855469e-01 2.200000000000000000e+01 7.156710400000000000e+07 7.000000000000000000e+00 2.300000000000000000e+01 2.900000000000000000e+01 1.810000000000000000e+03
-4.996746778488159180e-01 1.767431735992431641e+00 6.895399093627929688e-02 2.020000000000000000e+02 7.156710400000000000e+07 6.800000000000000000e+01 2.700000000000000000e+01 5.900000000000000000e+01 1.838000000000000000e+03
-4.866928756237030029e-01 1.762758255004882812e+00 6.865386664867401123e-02 8.400000000000000000e+01 7.166428000000000000e+07 2.800000000000000000e+01 2.700000000000000000e+01 3.600000000000000000e+01 1.830000000000000000e+03
-4.704068899154663086e-01 1.745449185371398926e+00 6.786604225635528564e-02 1.900000000000000000e+01 7.176292000000000000e+07 6.000000000000000000e+00 2.700000000000000000e+01 2.400000000000000000e+01 1.809000000000000000e+03
-6.850075721740722656e-02 7.386785745620727539e-01 1.502137258648872375e-02 5.100000000000000000e+01 7.331871200000000000e+07 3.000000000000000000e+00 2.900000000000000000e+01 2.300000000000000000e+01 7.420000000000000000e+02
-5.225389078259468079e-02 7.009366750717163086e-01 3.966637700796127319e-02 5.200000000000000000e+01 7.360801600000000000e+07 3.000000000000000000e+00 2.500000000000000000e+01 1.800000000000000000e+01 7.040000000000000000e+02
-4.584051668643951416e-02 6.703653931617736816e-01 3.791970387101173401e-02 8.000000000000000000e+01 7.370510400000000000e+07 4.000000000000000000e+00 2.500000000000000000e+01 2.500000000000000000e+01 6.730000000000000000e+02
-9.582696482539176941e-03 7.156206965446472168e-01 2.124103158712387085e-02 8.700000000000000000e+01 7.399716800000000000e+07 4.000000000000000000e+00 2.800000000000000000e+01 2.500000000000000000e+01 7.160000000000000000e+02
-3.582923114299774170e-02 7.229644060134887695e-01 1.465697214007377625e-02 8.100000000000000000e+01 7.399716800000000000e+07 4.000000000000000000e+00 2.900000000000000000e+01 2.200000000000000000e+01 7.240000000000000000e+02
-4.884302616119384766e-02 7.253161668777465820e-01 7.739866152405738831e-03 1.010000000000000000e+02 7.429222400000000000e+07 5.000000000000000000e+00 3.000000000000000000e+01 2.300000000000000000e+01 7.270000000000000000e+02
-9.207340888679027557e-03 7.247929573059082031e-01 1.467721629887819290e-02 1.770000000000000000e+02 7.458612000000000000e+07 9.000000000000000000e+00 2.900000000000000000e+01 1.900000000000000000e+01 7.250000000000000000e+02
-3.042561188340187073e-02 6.979092359542846680e-01 5.829240754246711731e-02 7.300000000000000000e+01 7.468447200000000000e+07 4.000000000000000000e+00 2.200000000000000000e+01 2.300000000000000000e+01 7.010000000000000000e+02
-2.673944272100925446e-02 7.140161991119384766e-01 5.962290242314338684e-02 8.100000000000000000e+01 7.478364000000000000e+07 4.000000000000000000e+00 2.200000000000000000e+01 2.500000000000000000e+01 7.170000000000000000e+02
