-2.901669405400753021e-02 -6.934020519256591797e-01 6.450343132019042969e-02 1.020000000000000000e+02 2.536606000000000000e+07 3.000000000000000000e+00 2.100000000000000000e+01 3.100000000000000000e+01 6.970000000000000000e+02
-3.418226912617683411e-02 -7.070479393005371094e-01 3.994809836149215698e-02 1.040000000000000000e+02 2.546257000000000000e+07 3.000000000000000000e+00 2.500000000000000000e+01 1.400000000000000000e+01 7.090000000000000000e+02
-3.900896385312080383e-02 -7.157973051071166992e-01 4.045519605278968811e-02 1.670000000000000000e+02 2.556111000000000000e+07 6.000000000000000000e+00 2.500000000000000000e+01 1.300000000000000000e+01 7.180000000000000000e+02
-3.045101277530193329e-02 -7.188547849655151367e-01 6.003868579864501953e-02 9.500000000000000000e+01 2.595511000000000000e+07 5.000000000000000000e+00 2.200000000000000000e+01 2.200000000000000000e+01 7.220000000000000000e+02
-5.543584004044532776e-02 -7.489085197448730469e-01 7.995377294719219208e-03 1.920000000000000000e+02 2.644705000000000000e+07 1.100000000000000000e+01 3.000000000000000000e+01 1.900000000000000000e+01 7.510000000000000000e+02
-9.103967249393463135e-02 -7.050004601478576660e-01 1.439379435032606125e-02 2.130000000000000000e+02 2.674170000000000000e+07 1.100000000000000000e+01 2.900000000000000000e+01 2.100000000000000000e+01 7.110000000000000000e+02
-1.088280528783798218e-01 -7.358434796333312988e-01 1.506186090409755707e-02 2.060000000000000000e+02 2.703602000000000000e+07 1.100000000000000000e+01 2.900000000000000000e+01 1.500000000000000000e+01 7.440000000000000000e+02
-1.136457398533821106e-01 -7.371381521224975586e-01 1.510235015302896500e-02 1.610000000000000000e+02 2.713333000000000000e+07 9.000000000000000000e+00 2.900000000000000000e+01 1.900000000000000000e+01 7.460000000000000000e+02
-9.721032530069351196e-02 -7.143754363059997559e-01 7.675987668335437775e-03 1.300000000000000000e+02 2.742622000000000000e+07 7.000000000000000000e+00 3.000000000000000000e+01 1.600000000000000000e+01 7.210000000000000000e+02
-1.190084591507911682e-01 -7.384291291236877441e-01 7.963438518345355988e-03 1.990000000000000000e+02 2.781454000000000000e+07 1.100000000000000000e+01 3.000000000000000000e+01 1.900000000000000000e+01 7.480000000000000000e+02
-1.055530160665512085e-01 -7.086776494979858398e-01 2.689880877733230591e-02 1.320000000000000000e+02 2.820543000000000000e+07 7.000000000000000000e+00 2.700000000000000000e+01 2.300000000000000000e+01 7.170000000000000000e+02
-1.112636551260948181e-01 -6.911897659301757812e-01 5.177978798747062683e-02 5.700000000000000000e+01 2.840059000000000000e+07 3.000000000000000000e+00 2.300000000000000000e+01 1.800000000000000000e+01 7.020000000000000000e+02
-1.168188899755477905e-01 -6.983629465103149414e-01 5.236987397074699402e-02 5.000000000000000000e+01 2.849760000000000000e+07 2.000000000000000000e+00 2.300000000000000000e+01 1.300000000000000000e+01 7.100000000000000000e+02
-2.224336624145507812e+00 -7.821869850158691406e+00 9.935109876096248627e-03 1.660000000000000000e+02 3.026344000000000000e+07 1.084000000000000000e+03 3.100000000000000000e+01 1.180000000000000000e+02 8.132000000000000000e+03
-2.985773563385009766e+00 -7.718628883361816406e+00 1.011103857308626175e-02 1.180000000000000000e+02 3.173036000000000000e+07 8.020000000000000000e+02 3.100000000000000000e+01 1.060000000000000000e+02 8.276000000000000000e+03
-3.452612876892089844e+00 -7.899430274963378906e+00 1.053253654390573502e-02 9.200000000000000000e+01 3.241152000000000000e+07 6.790000000000000000e+02 3.100000000000000000e+01 7.500000000000000000e+01 8.621000000000000000e+03
-3.559040307998657227e+00 -7.750933647155761719e+00 1.042013708502054214e-02 1.050000000000000000e+02 3.270483000000000000e+07 7.590000000000000000e+02 3.100000000000000000e+01 7.600000000000000000e+01 8.529000000000000000e+03
-3.626406192779541016e+00 -7.771540641784667969e+00 1.047755777835845947e-02 5.200000000000000000e+01 3.280344000000000000e+07 3.780000000000000000e+02 3.100000000000000000e+01 6.300000000000000000e+01 8.576000000000000000e+03
-3.774270772933959961e+00 -7.960582256317138672e+00 1.076344307512044907e-02 5.800000000000000000e+01 3.290096000000000000e+07 4.390000000000000000e+02 3.100000000000000000e+01 5.600000000000000000e+01 8.810000000000000000e+03
-3.828252315521240234e+00 -7.948085308074951172e+00 1.077810395509004593e-02 6.000000000000000000e+01 3.299802000000000000e+07 4.630000000000000000e+02 3.100000000000000000e+01 6.100000000000000000e+01 8.822000000000000000e+03
-3.868598937988281250e+00 -7.907379150390625000e+00 1.075489167124032974e-02 7.000000000000000000e+01 3.309781000000000000e+07 5.370000000000000000e+02 3.100000000000000000e+01 7.400000000000000000e+01 8.803000000000000000e+03
-3.913040161132812500e+00 -7.875432968139648438e+00 1.074389554560184479e-02 8.500000000000000000e+01 3.319497000000000000e+07 6.520000000000000000e+02 3.100000000000000000e+01 7.300000000000000000e+01 8.794000000000000000e+03
-3.566241264343261719e+00 -7.068289756774902344e+00 9.672437794506549835e-03 1.110000000000000000e+02 3.329256000000000000e+07 6.900000000000000000e+02 3.100000000000000000e+01 1.050000000000000000e+02 7.917000000000000000e+03
-3.641915082931518555e+00 -7.109466075897216797e+00 9.759181179106235504e-03 5.400000000000000000e+01 3.339096000000000000e+07 3.390000000000000000e+02 3.100000000000000000e+01 9.400000000000000000e+01 7.988000000000000000e+03
-4.046726703643798828e+00 -7.781667232513427734e+00 1.071579661220312119e-02 3.600000000000000000e+01 3.348781000000000000e+07 2.650000000000000000e+02 3.100000000000000000e+01 5.700000000000000000e+01 8.771000000000000000e+03
-4.054718971252441406e+00 -7.681519985198974609e+00 1.061194948852062225e-02 7.000000000000000000e+01 3.358616000000000000e+07 5.240000000000000000e+02 3.100000000000000000e+01 7.000000000000000000e+01 8.686000000000000000e+03
-4.166470527648925781e+00 -7.777257442474365234e+00 1.077932491898536682e-02 5.400000000000000000e+01 3.368404800000000000e+07 4.160000000000000000e+02 3.100000000000000000e+01 6.700000000000000000e+01 8.823000000000000000e+03
-4.216500759124755859e+00 -7.755939006805419922e+00 1.078543439507484436e-02 3.400000000000000000e+01 3.378224000000000000e+07 2.540000000000000000e+02 3.100000000000000000e+01 4.700000000000000000e+01 8.828000000000000000e+03
-4.269806861877441406e+00 -7.740428447723388672e+00 1.080009527504444122e-02 5.000000000000000000e+01 3.388012800000000000e+07 3.790000000000000000e+02 3.100000000000000000e+01 5.200000000000000000e+01 8.840000000000000000e+03
-4.155081272125244141e+00 -7.424369335174560547e+00 1.039448101073503494e-02 4.300000000000000000e+01 3.397746000000000000e+07 3.070000000000000000e+02 3.100000000000000000e+01 6.900000000000000000e+01 8.508000000000000000e+03
-4.396070480346679688e+00 -7.743104457855224609e+00 1.087828539311885834e-02 4.700000000000000000e+01 3.407604800000000000e+07 3.610000000000000000e+02 3.100000000000000000e+01 5.400000000000000000e+01 8.904000000000000000e+03
-4.368142604827880859e+00 -7.585132122039794922e+00 1.069380436092615128e-02 4.800000000000000000e+01 3.417364000000000000e+07 3.630000000000000000e+02 3.100000000000000000e+01 6.700000000000000000e+01 8.753000000000000000e+03
-4.434271812438964844e+00 -7.591863632202148438e+00 1.074145268648862839e-02 5.700000000000000000e+01 3.427167200000000000e+07 4.290000000000000000e+02 3.100000000000000000e+01 5.200000000000000000e+01 8.792000000000000000e+03
-4.494021892547607422e+00 -7.586882591247558594e+00 1.077321730554103851e-02 7.400000000000000000e+01 3.436988000000000000e+07 5.650000000000000000e+02 3.100000000000000000e+01 4.600000000000000000e+01 8.818000000000000000e+03
-4.555936813354492188e+00 -7.584882259368896484e+00 1.080986950546503067e-02 5.300000000000000000e+01 3.446790000000000000e+07 4.030000000000000000e+02 3.100000000000000000e+01 5.600000000000000000e+01 8.848000000000000000e+03
-4.612274169921875000e+00 -7.573011875152587891e+00 1.083308178931474686e-02 5.300000000000000000e+01 3.456574000000000000e+07 4.120000000000000000e+02 3.100000000000000000e+01 6.400000000000000000e+01 8.867000000000000000e+03
-4.658128738403320312e+00 -7.543717861175537109e+00 1.083185989409685135e-02 4.100000000000000000e+01 3.466287200000000000e+07 3.110000000000000000e+02 3.100000000000000000e+01 4.400000000000000000e+01 8.866000000000000000e+03
-4.353069305419921875e+00 -6.953870296478271484e+00 1.002307515591382980e-02 7.100000000000000000e+01 3.476136000000000000e+07 4.720000000000000000e+02 3.100000000000000000e+01 9.200000000000000000e+01 8.204000000000000000e+03
-4.767496585845947266e+00 -7.513006687164306641e+00 1.087095588445663452e-02 3.300000000000000000e+01 3.486074000000000000e+07 2.500000000000000000e+02 3.100000000000000000e+01 5.200000000000000000e+01 8.898000000000000000e+03
-4.774556159973144531e+00 -7.423057079315185547e+00 1.078299060463905334e-02 4.700000000000000000e+01 3.495858000000000000e+07 3.540000000000000000e+02 3.100000000000000000e+01 5.700000000000000000e+01 8.826000000000000000e+03
-4.808545112609863281e+00 -7.376029491424560547e+00 1.075733453035354614e-02 5.000000000000000000e+01 3.505748800000000000e+07 3.830000000000000000e+02 3.100000000000000000e+01 6.600000000000000000e+01 8.805000000000000000e+03
-4.697710514068603516e+00 -7.110267162322998047e+00 1.041158474981784821e-02 6.700000000000000000e+01 3.515526000000000000e+07 4.820000000000000000e+02 3.100000000000000000e+01 6.600000000000000000e+01 8.522000000000000000e+03
-4.835273742675781250e+00 -7.221737861633300781e+00 1.061805710196495056e-02 5.100000000000000000e+01 3.525264000000000000e+07 3.800000000000000000e+02 3.100000000000000000e+01 7.600000000000000000e+01 8.691000000000000000e+03
-4.763276100158691406e+00 -7.020637512207031250e+00 1.036515925079584122e-02 1.080000000000000000e+02 3.535180800000000000e+07 7.740000000000000000e+02 3.100000000000000000e+01 6.200000000000000000e+01 8.484000000000000000e+03
-4.854417324066162109e+00 -7.061323165893554688e+00 1.046900637447834015e-02 5.900000000000000000e+01 3.544934000000000000e+07 4.230000000000000000e+02 3.100000000000000000e+01 4.800000000000000000e+01 8.569000000000000000e+03
-4.896510601043701172e+00 -7.029763221740722656e+00 1.046656258404254913e-02 5.900000000000000000e+01 3.554676000000000000e+07 4.220000000000000000e+02 3.100000000000000000e+01 5.700000000000000000e+01 8.567000000000000000e+03
-4.972417354583740234e+00 -7.046157836914062500e+00 1.053620129823684692e-02 8.200000000000000000e+01 3.564476000000000000e+07 6.050000000000000000e+02 3.100000000000000000e+01 7.300000000000000000e+01 8.624000000000000000e+03
-5.013231754302978516e+00 -7.012261390686035156e+00 1.053131464868783951e-02 7.000000000000000000e+01 3.574304800000000000e+07 5.160000000000000000e+02 3.100000000000000000e+01 6.200000000000000000e+01 8.620000000000000000e+03
-5.069654464721679688e+00 -6.999996185302734375e+00 1.055941451340913773e-02 4.900000000000000000e+01 3.584200800000000000e+07 3.550000000000000000e+02 3.100000000000000000e+01 5.100000000000000000e+01 8.643000000000000000e+03
-5.095355987548828125e+00 -6.945374965667724609e+00 1.052398420870304108e-02 5.800000000000000000e+01 3.594056800000000000e+07 4.260000000000000000e+02 3.100000000000000000e+01 7.000000000000000000e+01 8.614000000000000000e+03
-5.145630359649658203e+00 -6.924414634704589844e+00 1.053986698389053345e-02 5.300000000000000000e+01 3.603871200000000000e+07 3.840000000000000000e+02 3.100000000000000000e+01 4.200000000000000000e+01 8.627000000000000000e+03
-5.218690872192382812e+00 -6.933458328247070312e+00 1.060217525810003281e-02 5.900000000000000000e+01 3.613710000000000000e+07 4.400000000000000000e+02 3.100000000000000000e+01 6.400000000000000000e+01 8.678000000000000000e+03
-5.281141757965087891e+00 -6.927550315856933594e+00 1.064249221235513687e-02 5.600000000000000000e+01 3.623482000000000000e+07 4.140000000000000000e+02 3.100000000000000000e+01 5.100000000000000000e+01 8.711000000000000000e+03
-5.322327136993408203e+00 -6.893432617187500000e+00 1.064004842191934586e-02 2.500000000000000000e+01 3.633230000000000000e+07 1.860000000000000000e+02 3.100000000000000000e+01 5.800000000000000000e+01 8.709000000000000000e+03
-5.253032684326171875e+00 -6.718060493469238281e+00 1.041891612112522125e-02 5.100000000000000000e+01 3.643051200000000000e+07 3.610000000000000000e+02 3.100000000000000000e+01 4.600000000000000000e+01 8.528000000000000000e+03
-5.286705493927001953e+00 -6.676294326782226562e+00 1.040425524115562439e-02 5.400000000000000000e+01 3.652848000000000000e+07 3.870000000000000000e+02 3.100000000000000000e+01 7.100000000000000000e+01 8.516000000000000000e+03
-5.335078239440917969e+00 -6.653091907501220703e+00 1.041891612112522125e-02 5.100000000000000000e+01 3.662699200000000000e+07 3.610000000000000000e+02 3.100000000000000000e+01 4.400000000000000000e+01 8.528000000000000000e+03
-5.449553489685058594e+00 -6.711057186126708984e+00 1.056185830384492874e-02 4.800000000000000000e+01 3.672472000000000000e+07 3.480000000000000000e+02 3.100000000000000000e+01 4.700000000000000000e+01 8.645000000000000000e+03
-5.484277725219726562e+00 -6.669768810272216797e+00 1.054964028298854828e-02 6.900000000000000000e+01 3.682460800000000000e+07 5.040000000000000000e+02 3.100000000000000000e+01 4.900000000000000000e+01 8.635000000000000000e+03
-5.516141891479492188e+00 -6.625233173370361328e+00 1.053253654390573502e-02 4.600000000000000000e+01 3.692204000000000000e+07 3.380000000000000000e+02 3.100000000000000000e+01 6.100000000000000000e+01 8.621000000000000000e+03
-5.460650920867919922e+00 -6.477342605590820312e+00 1.035049837082624435e-02 5.200000000000000000e+01 3.702012800000000000e+07 3.690000000000000000e+02 3.100000000000000000e+01 6.600000000000000000e+01 8.472000000000000000e+03
-5.536650180816650391e+00 -6.486308574676513672e+00 1.041891612112522125e-02 4.900000000000000000e+01 3.711827200000000000e+07 3.460000000000000000e+02 3.100000000000000000e+01 5.400000000000000000e+01 8.528000000000000000e+03
-5.464529991149902344e+00 -6.322836399078369141e+00 1.020999904721975327e-02 7.300000000000000000e+01 3.721512800000000000e+07 5.060000000000000000e+02 3.100000000000000000e+01 6.800000000000000000e+01 8.357000000000000000e+03
-5.594099044799804688e+00 -6.393042087554931641e+00 1.037859916687011719e-02 6.700000000000000000e+01 3.731260000000000000e+07 4.790000000000000000e+02 3.100000000000000000e+01 6.900000000000000000e+01 8.495000000000000000e+03
-5.651124477386474609e+00 -6.378806591033935547e+00 1.041158474981784821e-02 6.200000000000000000e+01 3.741040000000000000e+07 4.400000000000000000e+02 3.100000000000000000e+01 5.500000000000000000e+01 8.522000000000000000e+03
-5.701508998870849609e+00 -6.356667041778564453e+00 1.043235417455434799e-02 4.000000000000000000e+01 3.750832000000000000e+07 2.870000000000000000e+02 3.100000000000000000e+01 6.900000000000000000e+01 8.539000000000000000e+03
-5.761917114257812500e+00 -6.345253467559814453e+00 1.047144923359155655e-02 6.300000000000000000e+01 3.760540000000000000e+07 4.530000000000000000e+02 3.100000000000000000e+01 3.900000000000000000e+01 8.571000000000000000e+03
-5.824429988861083984e+00 -6.335545539855957031e+00 1.051420997828245163e-02 6.800000000000000000e+01 3.770267200000000000e+07 4.990000000000000000e+02 3.100000000000000000e+01 7.200000000000000000e+01 8.606000000000000000e+03
-5.826405048370361328e+00 -6.260159969329833984e+00 1.044823694974184036e-02 5.400000000000000000e+01 3.780000000000000000e+07 3.910000000000000000e+02 3.100000000000000000e+01 5.800000000000000000e+01 8.552000000000000000e+03
-5.824246406555175781e+00 -6.181350708007812500e+00 1.037615444511175156e-02 1.200000000000000000e+02 3.789792000000000000e+07 8.610000000000000000e+02 3.100000000000000000e+01 6.800000000000000000e+01 8.493000000000000000e+03
-5.833765983581542969e+00 -6.115830421447753906e+00 1.032606419175863266e-02 9.400000000000000000e+01 3.799448000000000000e+07 6.670000000000000000e+02 3.100000000000000000e+01 6.700000000000000000e+01 8.452000000000000000e+03
-5.964265346527099609e+00 -6.176312446594238281e+00 1.048977579921483994e-02 5.000000000000000000e+01 3.809227200000000000e+07 3.580000000000000000e+02 3.100000000000000000e+01 5.400000000000000000e+01 8.586000000000000000e+03
-6.094324588775634766e+00 -6.233989238739013672e+00 1.065104454755783081e-02 4.700000000000000000e+01 3.818975200000000000e+07 3.470000000000000000e+02 3.100000000000000000e+01 4.600000000000000000e+01 8.718000000000000000e+03
-6.116282463073730469e+00 -6.180130481719970703e+00 1.062294468283653259e-02 5.600000000000000000e+01 3.828828800000000000e+07 4.190000000000000000e+02 3.100000000000000000e+01 6.600000000000000000e+01 8.695000000000000000e+03
-6.150548934936523438e+00 -6.138953208923339844e+00 1.061683613806962967e-02 7.200000000000000000e+01 3.838572000000000000e+07 5.400000000000000000e+02 3.100000000000000000e+01 5.800000000000000000e+01 8.690000000000000000e+03
-6.126149177551269531e+00 -6.040017127990722656e+00 1.051054522395133972e-02 4.900000000000000000e+01 3.848288800000000000e+07 3.590000000000000000e+02 3.100000000000000000e+01 5.800000000000000000e+01 8.603000000000000000e+03
-6.099335193634033203e+00 -5.940218448638916016e+00 1.040181051939725876e-02 3.800000000000000000e+01 3.858012000000000000e+07 2.650000000000000000e+02 3.100000000000000000e+01 5.000000000000000000e+01 8.514000000000000000e+03
-6.059279441833496094e+00 -5.829193115234375000e+00 1.027230732142925262e-02 9.600000000000000000e+01 3.867703200000000000e+07 6.730000000000000000e+02 3.100000000000000000e+01 8.800000000000000000e+01 8.408000000000000000e+03
-6.052888870239257812e+00 -5.751950740814208984e+00 1.020144764333963394e-02 7.900000000000000000e+01 3.877512000000000000e+07 5.450000000000000000e+02 3.100000000000000000e+01 9.300000000000000000e+01 8.350000000000000000e+03
-6.058904170989990234e+00 -5.687326908111572266e+00 1.015257835388183594e-02 2.790000000000000000e+02 3.887254000000000000e+07 1.914000000000000000e+03 3.100000000000000000e+01 9.500000000000000000e+01 8.310000000000000000e+03
-6.046755790710449219e+00 -5.606528759002685547e+00 1.007438730448484421e-02 7.800000000000000000e+01 3.897044000000000000e+07 5.250000000000000000e+02 3.100000000000000000e+01 9.600000000000000000e+01 8.246000000000000000e+03
-6.171749591827392578e+00 -5.652394771575927734e+00 1.022465992718935013e-02 6.300000000000000000e+01 3.906848000000000000e+07 4.370000000000000000e+02 3.100000000000000000e+01 7.600000000000000000e+01 8.369000000000000000e+03
-6.295306205749511719e+00 -5.694922447204589844e+00 1.037126779556274414e-02 5.300000000000000000e+01 3.916624800000000000e+07 3.780000000000000000e+02 3.100000000000000000e+01 6.500000000000000000e+01 8.489000000000000000e+03
-6.268238544464111328e+00 -5.600885391235351562e+00 1.026986446231603622e-02 5.500000000000000000e+01 3.926424800000000000e+07 3.850000000000000000e+02 3.100000000000000000e+01 6.500000000000000000e+01 8.406000000000000000e+03
-6.253753185272216797e+00 -5.519308090209960938e+00 1.019045244902372360e-02 6.300000000000000000e+01 3.936156800000000000e+07 4.280000000000000000e+02 3.100000000000000000e+01 5.300000000000000000e+01 8.341000000000000000e+03
-6.341774940490722656e+00 -5.528141975402832031e+00 1.027841586619615555e-02 6.900000000000000000e+01 3.945832800000000000e+07 4.840000000000000000e+02 3.100000000000000000e+01 6.300000000000000000e+01 8.413000000000000000e+03
-6.339957714080810547e+00 -5.458460330963134766e+00 1.022099517285823822e-02 7.300000000000000000e+01 3.955708800000000000e+07 5.070000000000000000e+02 3.100000000000000000e+01 7.100000000000000000e+01 8.366000000000000000e+03
-6.360380172729492188e+00 -5.408443450927734375e+00 1.020022481679916382e-02 6.500000000000000000e+01 3.965348000000000000e+07 4.490000000000000000e+02 3.100000000000000000e+01 6.800000000000000000e+01 8.349000000000000000e+03
-6.220381259918212891e+00 -5.223972797393798828e+00 9.924114681780338287e-03 1.700000000000000000e+02 3.975179200000000000e+07 1.111000000000000000e+03 3.100000000000000000e+01 6.800000000000000000e+01 8.123000000000000000e+03
-6.337755203247070312e+00 -5.256568908691406250e+00 1.005972642451524734e-02 7.400000000000000000e+01 3.985095200000000000e+07 4.920000000000000000e+02 3.100000000000000000e+01 5.500000000000000000e+01 8.234000000000000000e+03
-6.379172801971435547e+00 -5.225186347961425781e+00 1.007438730448484421e-02 6.400000000000000000e+01 3.994908800000000000e+07 4.320000000000000000e+02 3.100000000000000000e+01 5.800000000000000000e+01 8.246000000000000000e+03
-6.434438228607177734e+00 -5.204813003540039062e+00 1.011103857308626175e-02 8.800000000000000000e+01 4.004784800000000000e+07 5.990000000000000000e+02 3.100000000000000000e+01 6.000000000000000000e+01 8.276000000000000000e+03
-6.328740119934082031e+00 -5.055388927459716797e+00 9.896014817059040070e-03 1.070000000000000000e+02 4.014574000000000000e+07 6.980000000000000000e+02 3.100000000000000000e+01 6.300000000000000000e+01 8.100000000000000000e+03
-6.441294670104980469e+00 -5.080870151519775391e+00 1.002307515591382980e-02 8.300000000000000000e+01 4.024255200000000000e+07 5.540000000000000000e+02 3.100000000000000000e+01 8.200000000000000000e+01 8.204000000000000000e+03
-5.970592021942138672e+00 -4.650437831878662109e+00 9.246054105460643768e-03 1.270000000000000000e+02 4.034108800000000000e+07 7.210000000000000000e+02 3.100000000000000000e+01 1.270000000000000000e+02 7.568000000000000000e+03
-6.251087188720703125e+00 -4.807579040527343750e+00 9.634564630687236786e-03 1.500000000000000000e+02 4.043856800000000000e+07 9.280000000000000000e+02 3.100000000000000000e+01 8.500000000000000000e+01 7.886000000000000000e+03
-6.427803516387939453e+00 -4.881012916564941406e+00 9.860584512352943420e-03 1.390000000000000000e+02 4.053651200000000000e+07 9.010000000000000000e+02 3.100000000000000000e+01 7.200000000000000000e+01 8.071000000000000000e+03
-6.472833633422851562e+00 -4.852878570556640625e+00 9.883797727525234222e-03 8.500000000000000000e+01 4.063440000000000000e+07 5.510000000000000000e+02 3.100000000000000000e+01 8.400000000000000000e+01 8.090000000000000000e+03
-6.524190425872802734e+00 -4.829133987426757812e+00 9.916784241795539856e-03 5.300000000000000000e+01 4.073178000000000000e+07 3.450000000000000000e+02 3.100000000000000000e+01 7.000000000000000000e+01 8.117000000000000000e+03
-6.575498104095458984e+00 -4.804941177368164062e+00 9.949770756065845490e-03 4.800000000000000000e+01 4.083063200000000000e+07 3.090000000000000000e+02 3.100000000000000000e+01 4.600000000000000000e+01 8.144000000000000000e+03
-6.562684535980224609e+00 -4.734082698822021484e+00 9.886240586638450623e-03 5.700000000000000000e+01 4.092868000000000000e+07 3.700000000000000000e+02 3.100000000000000000e+01 5.900000000000000000e+01 8.092000000000000000e+03
-6.634782314300537109e+00 -4.724468231201171875e+00 9.950992651283740997e-03 6.300000000000000000e+01 4.102610000000000000e+07 4.090000000000000000e+02 3.100000000000000000e+01 4.700000000000000000e+01 8.145000000000000000e+03
-1.183200550079345703e+01 -7.693248271942138672e+00 1.502619832754135132e-01 6.300000000000000000e+01 4.112428800000000000e+07 1.232000000000000000e+03 3.000000000000000000e+01 1.360000000000000000e+02 1.411400000000000000e+04
-6.562197685241699219e+00 -4.612364292144775391e+00 9.799497202038764954e-03 4.900000000000000000e+01 4.112428800000000000e+07 3.110000000000000000e+02 3.100000000000000000e+01 6.700000000000000000e+01 8.021000000000000000e+03
-2.129373073577880859e+00 -1.158110857009887695e+00 7.194064557552337646e-02 7.600000000000000000e+01 4.122234000000000000e+07 4.400000000000000000e+01 2.800000000000000000e+01 4.200000000000000000e+01 2.425000000000000000e+03
-6.590375423431396484e+00 -4.572012424468994141e+00 9.799497202038764954e-03 5.600000000000000000e+01 4.122234000000000000e+07 3.570000000000000000e+02 3.100000000000000000e+01 6.700000000000000000e+01 8.021000000000000000e+03
-2.159816503524780273e+00 -1.158037900924682617e+00 1.614855527877807617e-01 6.500000000000000000e+01 4.131980800000000000e+07 3.800000000000000000e+01 2.400000000000000000e+01 3.000000000000000000e+01 2.456000000000000000e+03
-2.127629041671752930e+00 -1.140301823616027832e+00 7.164398580789566040e-02 2.080000000000000000e+02 4.131980800000000000e+07 1.200000000000000000e+02 2.800000000000000000e+01 5.700000000000000000e+01 2.415000000000000000e+03
-6.630681514739990234e+00 -4.539963245391845703e+00 9.817823767662048340e-03 7.200000000000000000e+01 4.131980800000000000e+07 4.600000000000000000e+02 3.100000000000000000e+01 7.900000000000000000e+01 8.036000000000000000e+03
-2.174821853637695312e+00 -1.148958683013916016e+00 1.620773226022720337e-01 2.380000000000000000e+02 4.141824800000000000e+07 1.430000000000000000e+02 2.400000000000000000e+01 4.100000000000000000e+01 2.465000000000000000e+03
-2.139888763427734375e+00 -1.130025863647460938e+00 7.182198017835617065e-02 2.780000000000000000e+02 4.141824800000000000e+07 1.630000000000000000e+02 2.800000000000000000e+01 7.800000000000000000e+01 2.421000000000000000e+03
-6.637699604034423828e+00 -4.485195636749267578e+00 9.787281043827533722e-03 6.200000000000000000e+01 4.141824800000000000e+07 3.940000000000000000e+02 3.100000000000000000e+01 6.600000000000000000e+01 8.011000000000000000e+03
-2.168553829193115234e+00 -1.128682255744934082e+00 1.610910445451736450e-01 2.320000000000000000e+02 4.151655200000000000e+07 1.390000000000000000e+02 2.400000000000000000e+01 7.200000000000000000e+01 2.450000000000000000e+03
-2.125500679016113281e+00 -1.105802655220031738e+00 7.110998779535293579e-02 2.660000000000000000e+02 4.151655200000000000e+07 1.530000000000000000e+02 2.800000000000000000e+01 6.300000000000000000e+01 2.397000000000000000e+03
-1.290529727935791016e+01 -7.947447299957275391e+00 1.613660901784896851e-01 5.000000000000000000e+01 4.151655200000000000e+07 1.125000000000000000e+03 3.000000000000000000e+01 1.180000000000000000e+02 1.515700000000000000e+04
-6.632647514343261719e+00 -4.422746658325195312e+00 9.739633649587631226e-03 5.000000000000000000e+01 4.151655200000000000e+07 3.080000000000000000e+02 3.100000000000000000e+01 5.400000000000000000e+01 7.972000000000000000e+03
-2.168335199356079102e+00 -1.111713171005249023e+00 1.605650335550308228e-01 1.650000000000000000e+02 4.161524800000000000e+07 9.800000000000000000e+01 2.400000000000000000e+01 7.500000000000000000e+01 2.442000000000000000e+03
-2.133135318756103516e+00 -1.093195915222167969e+00 7.113965600728988647e-02 2.530000000000000000e+02 4.161524800000000000e+07 1.450000000000000000e+02 2.800000000000000000e+01 6.500000000000000000e+01 2.398000000000000000e+03
-6.578628063201904297e+00 -4.328648090362548828e+00 9.621125645935535431e-03 6.400000000000000000e+01 4.161524800000000000e+07 3.920000000000000000e+02 3.100000000000000000e+01 8.300000000000000000e+01 7.875000000000000000e+03
-2.171552896499633789e+00 -1.096588373184204102e+00 1.603020280599594116e-01 3.500000000000000000e+01 4.171180800000000000e+07 2.000000000000000000e+01 2.400000000000000000e+01 4.900000000000000000e+01 2.438000000000000000e+03
-2.102325201034545898e+00 -1.061169385910034180e+00 6.989367306232452393e-02 1.750000000000000000e+02 4.171180800000000000e+07 9.600000000000000000e+01 2.800000000000000000e+01 5.900000000000000000e+01 2.356000000000000000e+03
-2.158558130264282227e+00 -1.189269661903381348e+00 4.990253970026969910e-02 2.800000000000000000e+01 4.171180800000000000e+07 1.600000000000000000e+01 2.900000000000000000e+01 4.700000000000000000e+01 2.465000000000000000e+03
-1.321287536621093750e+01 -7.914889335632324219e+00 1.639850735664367676e-01 3.600000000000000000e+01 4.171180800000000000e+07 8.330000000000000000e+02 3.000000000000000000e+01 1.040000000000000000e+02 1.540300000000000000e+04
-6.609258174896240234e+00 -4.290923595428466797e+00 9.627234190702438354e-03 8.600000000000000000e+01 4.171180800000000000e+07 5.310000000000000000e+02 3.100000000000000000e+01 6.200000000000000000e+01 7.880000000000000000e+03
-2.165039062500000000e+00 -1.176560163497924805e+00 1.390576958656311035e-01 2.400000000000000000e+01 4.180924000000000000e+07 1.400000000000000000e+01 2.500000000000000000e+01 4.600000000000000000e+01 2.468000000000000000e+03
-2.166976451873779297e+00 -1.077170014381408691e+00 7.182198017835617065e-02 4.700000000000000000e+01 4.180924000000000000e+07 2.700000000000000000e+01 2.800000000000000000e+01 5.700000000000000000e+01 2.421000000000000000e+03
-2.152635097503662109e+00 -1.168846368789672852e+00 4.959886893630027771e-02 1.600000000000000000e+02 4.180924000000000000e+07 9.500000000000000000e+01 2.900000000000000000e+01 5.300000000000000000e+01 2.450000000000000000e+03
-1.284449195861816406e+01 -7.587514400482177734e+00 1.588322669267654419e-01 2.300000000000000000e+01 4.180924000000000000e+07 4.880000000000000000e+02 3.000000000000000000e+01 1.230000000000000000e+02 1.491900000000000000e+04
-6.611042022705078125e+00 -4.234647274017333984e+00 9.591803885996341705e-03 5.200000000000000000e+01 4.180924000000000000e+07 3.120000000000000000e+02 3.100000000000000000e+01 5.300000000000000000e+01 7.851000000000000000e+03
-2.166936635971069336e+00 -1.160425543785095215e+00 1.387196183204650879e-01 1.180000000000000000e+02 4.190595200000000000e+07 7.100000000000000000e+01 2.500000000000000000e+01 4.900000000000000000e+01 2.462000000000000000e+03
-2.141254425048828125e+00 -1.145710825920104980e+00 4.917373880743980408e-02 2.490000000000000000e+02 4.190595200000000000e+07 1.460000000000000000e+02 2.900000000000000000e+01 8.300000000000000000e+01 2.429000000000000000e+03
-1.288475799560546875e+01 -7.505036354064941406e+00 1.587577462196350098e-01 2.200000000000000000e+01 4.190595200000000000e+07 4.690000000000000000e+02 3.000000000000000000e+01 1.070000000000000000e+02 1.491200000000000000e+04
-6.623375415802001953e+00 -4.185455799102783203e+00 9.572256356477737427e-03 5.400000000000000000e+01 4.190595200000000000e+07 3.220000000000000000e+02 3.100000000000000000e+01 5.400000000000000000e+01 7.835000000000000000e+03
-2.164302825927734375e+00 -1.141982555389404297e+00 1.380998343229293823e-01 1.360000000000000000e+02 4.200404000000000000e+07 8.100000000000000000e+01 2.500000000000000000e+01 5.800000000000000000e+01 2.451000000000000000e+03
-2.136746644973754883e+00 -1.126489281654357910e+00 4.891056194901466370e-02 2.290000000000000000e+02 4.200404000000000000e+07 1.320000000000000000e+02 2.900000000000000000e+01 9.000000000000000000e+01 2.416000000000000000e+03
-1.344043540954589844e+01 -7.718646526336669922e+00 1.650177687406539917e-01 3.700000000000000000e+01 4.200404000000000000e+07 8.670000000000000000e+02 3.000000000000000000e+01 1.030000000000000000e+02 1.550000000000000000e+04
-6.526731014251708984e+00 -4.068560123443603516e+00 9.396327659487724304e-03 5.300000000000000000e+01 4.200404000000000000e+07 3.100000000000000000e+02 3.100000000000000000e+01 6.800000000000000000e+01 7.691000000000000000e+03
-2.173040628433227539e+00 -1.129602074623107910e+00 1.382125169038772583e-01 1.470000000000000000e+02 4.210310000000000000e+07 8.800000000000000000e+01 2.500000000000000000e+01 7.400000000000000000e+01 2.453000000000000000e+03
-2.145393133163452148e+00 -1.114279031753540039e+00 4.895105212926864624e-02 2.370000000000000000e+02 4.210310000000000000e+07 1.380000000000000000e+02 2.900000000000000000e+01 7.900000000000000000e+01 2.418000000000000000e+03
-1.317863368988037109e+01 -7.461142063140869141e+00 1.612383276224136353e-01 4.000000000000000000e+01 4.210310000000000000e+07 8.950000000000000000e+02 3.000000000000000000e+01 1.150000000000000000e+02 1.514500000000000000e+04
-6.730460643768310547e+00 -4.138431549072265625e+00 9.652890264987945557e-03 5.600000000000000000e+01 4.210310000000000000e+07 3.460000000000000000e+02 3.100000000000000000e+01 6.100000000000000000e+01 7.901000000000000000e+03
-2.171932697296142578e+00 -1.112151741981506348e+00 1.377054154872894287e-01 9.000000000000000000e+01 4.219986000000000000e+07 5.300000000000000000e+01 2.500000000000000000e+01 6.100000000000000000e+01 2.444000000000000000e+03
-2.155750036239624023e+00 -1.102915644645690918e+00 4.903202876448631287e-02 2.140000000000000000e+02 4.219986000000000000e+07 1.240000000000000000e+02 2.900000000000000000e+01 9.500000000000000000e+01 2.422000000000000000e+03
-2.172448158264160156e+00 -1.212399244308471680e+00 2.648801356554031372e-02 1.500000000000000000e+01 4.219986000000000000e+07 9.000000000000000000e+00 3.000000000000000000e+01 8.500000000000000000e+01 2.488000000000000000e+03
-6.758291721343994141e+00 -4.098611831665039062e+00 9.656555950641632080e-03 5.000000000000000000e+01 4.219986000000000000e+07 3.090000000000000000e+02 3.100000000000000000e+01 6.100000000000000000e+01 7.904000000000000000e+03
-2.151080846786499023e+00 -1.084866762161254883e+00 1.359587460756301880e-01 1.400000000000000000e+01 4.229827200000000000e+07 8.000000000000000000e+00 2.500000000000000000e+01 5.900000000000000000e+01 2.413000000000000000e+03
-2.077193021774291992e+00 -1.143998146057128906e+00 1.114168316125869751e-01 1.300000000000000000e+01 4.229827200000000000e+07 7.000000000000000000e+00 2.600000000000000000e+01 4.300000000000000000e+01 2.374000000000000000e+03
-2.157119512557983398e+00 -1.086967945098876953e+00 4.891056194901466370e-02 1.480000000000000000e+02 4.229827200000000000e+07 8.600000000000000000e+01 2.900000000000000000e+01 7.300000000000000000e+01 2.416000000000000000e+03
-2.095736742019653320e+00 -1.152781128883361816e+00 2.546596899628639221e-02 4.800000000000000000e+01 4.229827200000000000e+07 2.700000000000000000e+01 3.000000000000000000e+01 5.300000000000000000e+01 2.392000000000000000e+03
-6.790178775787353516e+00 -4.061172962188720703e+00 9.666329249739646912e-03 7.800000000000000000e+01 4.229827200000000000e+07 4.850000000000000000e+02 3.100000000000000000e+01 5.800000000000000000e+01 7.912000000000000000e+03
-2.199180364608764648e+00 -1.193653821945190430e+00 1.175649464130401611e-01 9.900000000000000000e+01 4.239626000000000000e+07 6.100000000000000000e+01 2.600000000000000000e+01 5.600000000000000000e+01 2.505000000000000000e+03
-2.175391197204589844e+00 -1.079489111900329590e+00 4.917373880743980408e-02 5.800000000000000000e+01 4.239626000000000000e+07 3.300000000000000000e+01 2.900000000000000000e+01 3.600000000000000000e+01 2.429000000000000000e+03
-2.116835832595825195e+00 -1.147524952888488770e+00 2.563630975782871246e-02 1.020000000000000000e+02 4.239626000000000000e+07 5.800000000000000000e+01 3.000000000000000000e+01 5.000000000000000000e+01 2.408000000000000000e+03
-6.823583602905273438e+00 -4.024512767791748047e+00 9.678547270596027374e-03 7.100000000000000000e+01 4.239626000000000000e+07 4.420000000000000000e+02 3.100000000000000000e+01 6.900000000000000000e+01 7.922000000000000000e+03
-2.168587684631347656e+00 -1.159879565238952637e+00 1.155468598008155823e-01 1.940000000000000000e+02 4.249327200000000000e+07 1.170000000000000000e+02 2.600000000000000000e+01 6.900000000000000000e+01 2.462000000000000000e+03
-2.130892992019653320e+00 -1.138283848762512207e+00 2.572147920727729797e-02 1.130000000000000000e+02 4.249327200000000000e+07 6.600000000000000000e+01 3.000000000000000000e+01 6.300000000000000000e+01 2.416000000000000000e+03
-6.855928897857666016e+00 -3.987092733383178711e+00 9.689542464911937714e-03 5.900000000000000000e+01 4.249327200000000000e+07 3.620000000000000000e+02 3.100000000000000000e+01 5.400000000000000000e+01 7.931000000000000000e+03
-2.160640954971313477e+00 -1.138634681701660156e+00 1.147490218281745911e-01 1.950000000000000000e+02 4.259099200000000000e+07 1.160000000000000000e+02 2.600000000000000000e+01 7.700000000000000000e+01 2.445000000000000000e+03
-2.163498401641845703e+00 -1.138693451881408691e+00 2.603022381663322449e-02 1.360000000000000000e+02 4.259099200000000000e+07 8.100000000000000000e+01 3.000000000000000000e+01 3.600000000000000000e+01 2.445000000000000000e+03
-6.849901199340820312e+00 -3.927541255950927734e+00 9.646781720221042633e-03 6.300000000000000000e+01 4.259099200000000000e+07 3.890000000000000000e+02 3.100000000000000000e+01 6.700000000000000000e+01 7.896000000000000000e+03
-2.156948328018188477e+00 -1.119832515716552734e+00 1.141858324408531189e-01 1.790000000000000000e+02 4.268852800000000000e+07 1.050000000000000000e+02 2.600000000000000000e+01 7.400000000000000000e+01 2.433000000000000000e+03
-2.159791946411132812e+00 -1.119873642921447754e+00 2.590246684849262238e-02 1.060000000000000000e+02 4.268852800000000000e+07 6.200000000000000000e+01 3.000000000000000000e+01 7.500000000000000000e+01 2.433000000000000000e+03
-6.846884250640869141e+00 -3.870182752609252930e+00 9.608908556401729584e-03 5.700000000000000000e+01 4.268852800000000000e+07 3.490000000000000000e+02 3.100000000000000000e+01 5.900000000000000000e+01 7.865000000000000000e+03
-2.173561573028564453e+00 -1.111579656600952148e+00 1.147020757198333740e-01 1.140000000000000000e+02 4.278586000000000000e+07 6.800000000000000000e+01 2.600000000000000000e+01 6.200000000000000000e+01 2.444000000000000000e+03
-2.165732383728027344e+00 -1.106145501136779785e+00 2.589182183146476746e-02 1.180000000000000000e+02 4.278586000000000000e+07 6.900000000000000000e+01 3.000000000000000000e+01 7.400000000000000000e+01 2.432000000000000000e+03
-2.103518247604370117e+00 -1.172035694122314453e+00 2.941926475614309311e-03 3.200000000000000000e+01 4.278586000000000000e+07 1.800000000000000000e+01 3.100000000000000000e+01 5.500000000000000000e+01 2.408000000000000000e+03
-2.156254053115844727e+00 -1.086089491844177246e+00 1.134349107742309570e-01 3.700000000000000000e+01 4.288287200000000000e+07 2.100000000000000000e+01 2.600000000000000000e+01 5.500000000000000000e+01 2.417000000000000000e+03
-2.071124315261840820e+00 -1.138330817222595215e+00 8.872480690479278564e-02 1.900000000000000000e+01 4.288287200000000000e+07 1.000000000000000000e+01 2.700000000000000000e+01 4.000000000000000000e+01 2.365000000000000000e+03
-2.168905735015869141e+00 -1.091038584709167480e+00 2.584923617541790009e-02 7.800000000000000000e+01 4.288287200000000000e+07 4.500000000000000000e+01 3.000000000000000000e+01 5.700000000000000000e+01 2.428000000000000000e+03
-2.126447439193725586e+00 -1.167771100997924805e+00 2.963917562738060951e-03 6.800000000000000000e+01 4.288287200000000000e+07 3.900000000000000000e+01 3.100000000000000000e+01 4.400000000000000000e+01 2.426000000000000000e+03
-2.024188280105590820e+00 -1.097787022590637207e+00 1.703127175569534302e-01 2.600000000000000000e+01 4.298064000000000000e+07 1.300000000000000000e+01 2.300000000000000000e+01 4.500000000000000000e+01 2.309000000000000000e+03
-2.069283246994018555e+00 -1.120841741561889648e+00 8.834964781999588013e-02 3.200000000000000000e+01 4.298064000000000000e+07 1.700000000000000000e+01 2.700000000000000000e+01 2.700000000000000000e+01 2.355000000000000000e+03
-2.193479776382446289e+00 -1.086587190628051758e+00 2.606216259300708771e-02 2.400000000000000000e+01 4.298064000000000000e+07 1.400000000000000000e+01 3.000000000000000000e+01 6.200000000000000000e+01 2.448000000000000000e+03
-2.125657558441162109e+00 -1.150417685508728027e+00 2.952921902760863304e-03 1.090000000000000000e+02 4.298064000000000000e+07 6.300000000000000000e+01 3.100000000000000000e+01 6.400000000000000000e+01 2.417000000000000000e+03
-2.160180330276489258e+00 -1.154443502426147461e+00 1.811555027961730957e-01 1.030000000000000000e+02 4.307720000000000000e+07 6.100000000000000000e+01 2.300000000000000000e+01 5.700000000000000000e+01 2.456000000000000000e+03
-2.095516443252563477e+00 -1.118475675582885742e+00 8.917499333620071411e-02 5.000000000000000000e+01 4.307720000000000000e+07 2.800000000000000000e+01 2.700000000000000000e+01 2.300000000000000000e+01 2.377000000000000000e+03
-1.252748107910156250e+01 -6.110314369201660156e+00 1.483988910913467407e-01 2.500000000000000000e+01 4.307720000000000000e+07 4.740000000000000000e+02 3.000000000000000000e+01 7.100000000000000000e+01 1.393900000000000000e+04
-2.111499547958374023e+00 -1.126059770584106445e+00 2.923600375652313232e-03 1.190000000000000000e+02 4.307720000000000000e+07 6.700000000000000000e+01 3.100000000000000000e+01 4.900000000000000000e+01 2.393000000000000000e+03
-2.172517776489257812e+00 -1.143955111503601074e+00 1.815980672836303711e-01 1.350000000000000000e+02 4.317508800000000000e+07 8.100000000000000000e+01 2.300000000000000000e+01 6.600000000000000000e+01 2.462000000000000000e+03
-2.104108810424804688e+00 -1.106527090072631836e+00 8.925002813339233398e-02 4.800000000000000000e+01 4.317508800000000000e+07 2.600000000000000000e+01 2.700000000000000000e+01 4.600000000000000000e+01 2.379000000000000000e+03
-1.348237133026123047e+01 -6.473961353302001953e+00 1.592368334531784058e-01 1.500000000000000000e+01 4.317508800000000000e+07 3.160000000000000000e+02 3.000000000000000000e+01 1.030000000000000000e+02 1.495700000000000000e+04
-2.128106832504272461e+00 -1.118199110031127930e+00 2.937039360404014587e-03 1.280000000000000000e+02 4.317508800000000000e+07 7.300000000000000000e+01 3.100000000000000000e+01 5.500000000000000000e+01 2.404000000000000000e+03
-2.159135341644287109e+00 -1.120041131973266602e+00 1.799015700817108154e-01 5.500000000000000000e+01 4.327294000000000000e+07 3.200000000000000000e+01 2.300000000000000000e+01 7.600000000000000000e+01 2.439000000000000000e+03
-2.142801284790039062e+00 -1.110144376754760742e+00 9.060060232877731323e-02 3.500000000000000000e+01 4.327294000000000000e+07 2.000000000000000000e+01 2.700000000000000000e+01 3.100000000000000000e+01 2.415000000000000000e+03
-1.282662868499755859e+01 -6.062520503997802734e+00 1.510498225688934326e-01 4.500000000000000000e+01 4.327294000000000000e+07 8.910000000000000000e+02 3.000000000000000000e+01 8.400000000000000000e+01 1.418800000000000000e+04
-2.146472692489624023e+00 -1.111096382141113281e+00 2.952921902760863304e-03 1.080000000000000000e+02 4.327294000000000000e+07 6.300000000000000000e+01 3.100000000000000000e+01 7.700000000000000000e+01 2.417000000000000000e+03
-2.134440898895263672e+00 -1.089253425598144531e+00 8.996282517910003662e-02 2.800000000000000000e+01 4.337152800000000000e+07 1.500000000000000000e+01 2.700000000000000000e+01 3.300000000000000000e+01 2.398000000000000000e+03
-1.450462722778320312e+01 -6.747060298919677734e+00 1.703196316957473755e-01 2.100000000000000000e+01 4.337152800000000000e+07 5.180000000000000000e+02 3.000000000000000000e+01 8.700000000000000000e+01 1.599800000000000000e+04
-2.152359008789062500e+00 -1.097450733184814453e+00 2.951700240373611450e-03 9.400000000000000000e+01 4.337152800000000000e+07 5.400000000000000000e+01 3.100000000000000000e+01 5.000000000000000000e+01 2.416000000000000000e+03
-1.308463096618652344e+01 -5.989144325256347656e+00 1.532110124826431274e-01 1.400000000000000000e+01 4.346855200000000000e+07 2.690000000000000000e+02 3.000000000000000000e+01 1.160000000000000000e+02 1.439100000000000000e+04
-2.146541357040405273e+00 -1.077940821647644043e+00 2.934596035629510880e-03 7.300000000000000000e+01 4.346855200000000000e+07 4.100000000000000000e+01 3.100000000000000000e+01 4.700000000000000000e+01 2.402000000000000000e+03
-1.376027774810791016e+01 -6.196567058563232422e+00 1.606740802526473999e-01 1.300000000000000000e+01 4.356680000000000000e+07 2.790000000000000000e+02 3.000000000000000000e+01 8.800000000000000000e+01 1.509200000000000000e+04
-2.158493518829345703e+00 -1.067409157752990723e+00 2.941926475614309311e-03 1.400000000000000000e+01 4.356680000000000000e+07 7.000000000000000000e+00 3.100000000000000000e+01 4.700000000000000000e+01 2.408000000000000000e+03
-1.373312759399414062e+01 -6.083264827728271484e+00 1.599181890487670898e-01 2.700000000000000000e+01 4.366484000000000000e+07 5.890000000000000000e+02 3.000000000000000000e+01 1.020000000000000000e+02 1.502100000000000000e+04
-6.884311676025390625e+00 -3.351987838745117188e+00 9.354788810014724731e-03 6.700000000000000000e+01 4.366484000000000000e+07 3.840000000000000000e+02 3.100000000000000000e+01 4.900000000000000000e+01 7.657000000000000000e+03
-1.300380897521972656e+01 -5.665014743804931641e+00 1.510178744792938232e-01 4.700000000000000000e+01 4.376303200000000000e+07 9.250000000000000000e+02 3.000000000000000000e+01 1.180000000000000000e+02 1.418500000000000000e+04
-6.950738906860351562e+00 -3.331727743148803711e+00 9.417096152901649475e-03 6.300000000000000000e+01 4.376303200000000000e+07 3.710000000000000000e+02 3.100000000000000000e+01 6.500000000000000000e+01 7.708000000000000000e+03
-6.920405387878417969e+00 -3.265120983123779297e+00 9.348680265247821808e-03 5.900000000000000000e+01 4.385979200000000000e+07 3.370000000000000000e+02 3.100000000000000000e+01 5.000000000000000000e+01 7.652000000000000000e+03
-1.283642864227294922e+01 -5.405661582946777344e+00 1.482924222946166992e-01 1.700000000000000000e+01 4.395751200000000000e+07 3.140000000000000000e+02 3.000000000000000000e+01 9.400000000000000000e+01 1.392900000000000000e+04
-6.852331161499023438e+00 -3.181745529174804688e+00 9.230172261595726013e-03 5.100000000000000000e+01 4.395751200000000000e+07 2.880000000000000000e+02 3.100000000000000000e+01 6.800000000000000000e+01 7.555000000000000000e+03
-1.285734367370605469e+01 -5.321825027465820312e+00 1.481540203094482422e-01 1.270000000000000000e+02 4.405531200000000000e+07 2.441000000000000000e+03 3.000000000000000000e+01 1.080000000000000000e+02 1.391600000000000000e+04
-6.647063732147216797e+00 -3.036994695663452148e+00 8.928405120968818665e-03 7.900000000000000000e+01 4.405531200000000000e+07 4.190000000000000000e+02 3.100000000000000000e+01 6.300000000000000000e+01 7.308000000000000000e+03
-6.995750904083251953e+00 -3.144565343856811523e+00 9.370670653879642487e-03 5.000000000000000000e+01 4.415440800000000000e+07 2.910000000000000000e+02 3.100000000000000000e+01 6.900000000000000000e+01 7.670000000000000000e+03
-7.010340690612792969e+00 -3.099559068679809570e+00 9.364562109112739563e-03 4.400000000000000000e+01 4.425096800000000000e+07 2.560000000000000000e+02 3.100000000000000000e+01 5.900000000000000000e+01 7.665000000000000000e+03
-6.941189765930175781e+00 -3.018205165863037109e+00 9.247276000678539276e-03 4.400000000000000000e+01 4.434824800000000000e+07 2.440000000000000000e+02 3.100000000000000000e+01 5.300000000000000000e+01 7.569000000000000000e+03
-6.854757308959960938e+00 -2.930742025375366211e+00 9.107998572289943695e-03 5.100000000000000000e+01 4.444619200000000000e+07 2.750000000000000000e+02 3.100000000000000000e+01 5.300000000000000000e+01 7.455000000000000000e+03
-6.849564075469970703e+00 -2.878939867019653320e+00 9.077455848455429077e-03 4.900000000000000000e+01 4.454367200000000000e+07 2.630000000000000000e+02 3.100000000000000000e+01 3.700000000000000000e+01 7.430000000000000000e+03
-6.946584701538085938e+00 -2.869693279266357422e+00 9.182523936033248901e-03 5.000000000000000000e+01 4.464139200000000000e+07 2.740000000000000000e+02 3.100000000000000000e+01 4.900000000000000000e+01 7.516000000000000000e+03
-6.966841697692871094e+00 -2.828144311904907227e+00 9.186189621686935425e-03 4.500000000000000000e+01 4.473824800000000000e+07 2.470000000000000000e+02 3.100000000000000000e+01 4.000000000000000000e+01 7.519000000000000000e+03
-6.965486526489257812e+00 -2.777934551239013672e+00 9.161755442619323730e-03 4.400000000000000000e+01 4.483588800000000000e+07 2.390000000000000000e+02 3.100000000000000000e+01 5.000000000000000000e+01 7.499000000000000000e+03
-6.973089218139648438e+00 -2.731495380401611328e+00 9.149537421762943268e-03 4.300000000000000000e+01 4.493452800000000000e+07 2.340000000000000000e+02 3.100000000000000000e+01 4.000000000000000000e+01 7.489000000000000000e+03
-6.970118522644042969e+00 -2.681118726730346680e+00 9.123881347477436066e-03 3.600000000000000000e+01 4.503094000000000000e+07 1.930000000000000000e+02 3.100000000000000000e+01 5.000000000000000000e+01 7.468000000000000000e+03
-6.938726902008056641e+00 -2.620283126831054688e+00 9.061573073267936707e-03 4.400000000000000000e+01 4.512816800000000000e+07 2.340000000000000000e+02 3.100000000000000000e+01 5.200000000000000000e+01 7.417000000000000000e+03
-6.951860904693603516e+00 -2.576616048812866211e+00 9.057908318936824799e-03 5.800000000000000000e+01 4.522712800000000000e+07 3.110000000000000000e+02 3.100000000000000000e+01 4.900000000000000000e+01 7.414000000000000000e+03
-6.887658596038818359e+00 -2.504860877990722656e+00 8.954061195254325867e-03 5.400000000000000000e+01 4.532374000000000000e+07 2.870000000000000000e+02 3.100000000000000000e+01 6.400000000000000000e+01 7.329000000000000000e+03
-6.957526206970214844e+00 -2.482039928436279297e+00 9.024921804666519165e-03 5.200000000000000000e+01 4.542136000000000000e+07 2.770000000000000000e+02 3.100000000000000000e+01 3.500000000000000000e+01 7.387000000000000000e+03
-6.899944305419921875e+00 -2.413875818252563477e+00 8.930847980082035065e-03 3.100000000000000000e+01 4.551874000000000000e+07 1.580000000000000000e+02 3.100000000000000000e+01 4.500000000000000000e+01 7.310000000000000000e+03
-6.886248111724853516e+00 -2.361760616302490234e+00 8.894195780158042908e-03 3.700000000000000000e+01 4.561764800000000000e+07 1.880000000000000000e+02 3.100000000000000000e+01 5.500000000000000000e+01 7.280000000000000000e+03
-6.742312908172607422e+00 -2.266255617141723633e+00 8.690167218446731567e-03 7.200000000000000000e+01 4.571435200000000000e+07 3.570000000000000000e+02 3.100000000000000000e+01 4.600000000000000000e+01 7.113000000000000000e+03
-7.043888092041015625e+00 -2.319616794586181641e+00 9.060351178050041199e-03 4.200000000000000000e+01 4.581148000000000000e+07 2.230000000000000000e+02 3.100000000000000000e+01 5.300000000000000000e+01 7.416000000000000000e+03
-6.922842979431152344e+00 -2.232765436172485352e+00 8.886865340173244476e-03 4.500000000000000000e+01 4.590996800000000000e+07 2.310000000000000000e+02 3.100000000000000000e+01 4.800000000000000000e+01 7.274000000000000000e+03
-6.885872840881347656e+00 -2.174287080764770508e+00 8.822114206850528717e-03 4.600000000000000000e+01 4.600766000000000000e+07 2.330000000000000000e+02 3.100000000000000000e+01 3.800000000000000000e+01 7.221000000000000000e+03
-6.888575077056884766e+00 -2.128747463226318359e+00 8.808675222098827362e-03 6.000000000000000000e+01 4.610568800000000000e+07 3.050000000000000000e+02 3.100000000000000000e+01 4.100000000000000000e+01 7.210000000000000000e+03
-6.911078929901123047e+00 -2.089333772659301758e+00 8.820892311632633209e-03 4.000000000000000000e+01 4.620420000000000000e+07 2.010000000000000000e+02 3.100000000000000000e+01 4.700000000000000000e+01 7.220000000000000000e+03
-6.851846218109130859e+00 -2.025626182556152344e+00 8.729262277483940125e-03 4.500000000000000000e+01 4.630132000000000000e+07 2.220000000000000000e+02 3.100000000000000000e+01 5.100000000000000000e+01 7.145000000000000000e+03
-7.045716762542724609e+00 -2.036014795303344727e+00 8.960168808698654175e-03 3.300000000000000000e+01 4.639972000000000000e+07 1.700000000000000000e+02 3.100000000000000000e+01 3.800000000000000000e+01 7.334000000000000000e+03
-6.151516914367675781e+00 -1.736790895462036133e+00 7.809299509972333908e-03 5.200000000000000000e+01 4.649704000000000000e+07 2.090000000000000000e+02 3.100000000000000000e+01 8.800000000000000000e+01 6.392000000000000000e+03
-6.751078605651855469e+00 -1.861418843269348145e+00 8.555776439607143402e-03 5.300000000000000000e+01 4.659442000000000000e+07 2.570000000000000000e+02 3.100000000000000000e+01 7.600000000000000000e+01 7.003000000000000000e+03
-6.757544517517089844e+00 -1.818660497665405273e+00 8.549667894840240479e-03 8.000000000000000000e+01 4.669179200000000000e+07 3.890000000000000000e+02 3.100000000000000000e+01 7.500000000000000000e+01 6.998000000000000000e+03
-6.705707550048828125e+00 -1.760655879974365234e+00 8.470255881547927856e-03 5.400000000000000000e+01 4.678942000000000000e+07 2.570000000000000000e+02 3.100000000000000000e+01 7.300000000000000000e+01 6.933000000000000000e+03
-6.718321800231933594e+00 -1.719973325729370117e+00 8.472699671983718872e-03 6.200000000000000000e+01 4.688668800000000000e+07 2.950000000000000000e+02 3.100000000000000000e+01 6.400000000000000000e+01 6.935000000000000000e+03
-6.855853080749511719e+00 -1.710428595542907715e+00 8.632745593786239624e-03 5.900000000000000000e+01 4.698580000000000000e+07 2.920000000000000000e+02 3.100000000000000000e+01 5.800000000000000000e+01 7.066000000000000000e+03
-6.846784591674804688e+00 -1.663607478141784668e+00 8.608311414718627930e-03 4.600000000000000000e+01 4.708226000000000000e+07 2.210000000000000000e+02 3.100000000000000000e+01 4.600000000000000000e+01 7.046000000000000000e+03
-6.418942451477050781e+00 -1.518002152442932129e+00 8.058532141149044037e-03 1.000000000000000000e+02 4.718127200000000000e+07 4.320000000000000000e+02 3.100000000000000000e+01 7.100000000000000000e+01 6.596000000000000000e+03
-6.938800811767578125e+00 -1.596049785614013672e+00 8.698719553649425507e-03 3.700000000000000000e+01 4.727868800000000000e+07 1.850000000000000000e+02 3.100000000000000000e+01 6.500000000000000000e+01 7.120000000000000000e+03
-6.969933032989501953e+00 -1.558243989944458008e+00 8.725597523152828217e-03 3.200000000000000000e+01 4.737596800000000000e+07 1.560000000000000000e+02 3.100000000000000000e+01 4.200000000000000000e+01 7.142000000000000000e+03
-7.021384239196777344e+00 -1.524572134017944336e+00 8.778131566941738129e-03 3.600000000000000000e+01 4.747330000000000000e+07 1.790000000000000000e+02 3.100000000000000000e+01 3.400000000000000000e+01 7.185000000000000000e+03
-6.984616279602050781e+00 -1.471770167350769043e+00 8.720710873603820801e-03 2.600000000000000000e+01 4.757112000000000000e+07 1.260000000000000000e+02 3.100000000000000000e+01 3.800000000000000000e+01 7.138000000000000000e+03
-6.945507049560546875e+00 -1.419076800346374512e+00 8.660845458507537842e-03 7.600000000000000000e+01 4.766871200000000000e+07 3.790000000000000000e+02 3.100000000000000000e+01 5.900000000000000000e+01 7.089000000000000000e+03
-6.877568244934082031e+00 -1.361288428306579590e+00 8.565550670027732849e-03 8.900000000000000000e+01 4.776674000000000000e+07 4.300000000000000000e+02 3.100000000000000000e+01 5.400000000000000000e+01 7.011000000000000000e+03
-6.964363098144531250e+00 -1.334114193916320801e+00 8.663289248943328857e-03 3.100000000000000000e+01 4.786438000000000000e+07 1.490000000000000000e+02 3.100000000000000000e+01 4.700000000000000000e+01 7.091000000000000000e+03
-7.193655014038085938e+00 -1.332331776618957520e+00 8.938178420066833496e-03 2.300000000000000000e+01 4.796236800000000000e+07 1.150000000000000000e+02 3.100000000000000000e+01 4.900000000000000000e+01 7.316000000000000000e+03
-7.329663753509521484e+00 -1.311057090759277344e+00 9.097003377974033356e-03 3.400000000000000000e+01 4.806015200000000000e+07 1.810000000000000000e+02 3.100000000000000000e+01 4.300000000000000000e+01 7.446000000000000000e+03
-7.258734703063964844e+00 -1.252455830574035645e+00 8.999264799058437347e-03 2.400000000000000000e+01 4.815736800000000000e+07 1.220000000000000000e+02 3.100000000000000000e+01 5.000000000000000000e+01 7.366000000000000000e+03
-7.423130989074707031e+00 -1.233966708183288574e+00 9.193520061671733856e-03 2.200000000000000000e+01 4.825452800000000000e+07 1.170000000000000000e+02 3.100000000000000000e+01 4.200000000000000000e+01 7.525000000000000000e+03
-7.453273773193359375e+00 -1.192028284072875977e+00 9.221619926393032074e-03 2.400000000000000000e+01 4.835304000000000000e+07 1.290000000000000000e+02 3.100000000000000000e+01 4.000000000000000000e+01 7.548000000000000000e+03
-7.275617122650146484e+00 -1.117874741554260254e+00 8.993156254291534424e-03 4.700000000000000000e+01 4.844912800000000000e+07 2.520000000000000000e+02 3.100000000000000000e+01 6.500000000000000000e+01 7.361000000000000000e+03
-7.233862876892089844e+00 -1.066067337989807129e+00 8.933291770517826080e-03 4.100000000000000000e+01 4.854707200000000000e+07 2.160000000000000000e+02 3.100000000000000000e+01 7.800000000000000000e+01 7.312000000000000000e+03
-7.315522193908691406e+00 -1.032280087471008301e+00 9.026142768561840057e-03 4.000000000000000000e+01 4.864536800000000000e+07 2.100000000000000000e+02 3.100000000000000000e+01 5.100000000000000000e+01 7.388000000000000000e+03
-7.307844161987304688e+00 -9.855024814605712891e-01 9.009039029479026794e-03 4.500000000000000000e+01 4.874412800000000000e+07 2.370000000000000000e+02 3.100000000000000000e+01 4.800000000000000000e+01 7.374000000000000000e+03
-7.335573673248291016e+00 -9.434501528739929199e-01 9.035916998982429504e-03 3.500000000000000000e+01 4.884150000000000000e+07 1.880000000000000000e+02 3.100000000000000000e+01 6.400000000000000000e+01 7.396000000000000000e+03
-7.394824504852294922e+00 -9.049817919731140137e-01 9.101890027523040771e-03 3.900000000000000000e+01 4.893764000000000000e+07 2.080000000000000000e+02 3.100000000000000000e+01 5.500000000000000000e+01 7.450000000000000000e+03
-7.358519077301025391e+00 -8.547449707984924316e-01 9.050577878952026367e-03 5.800000000000000000e+01 4.903467200000000000e+07 3.100000000000000000e+02 3.100000000000000000e+01 5.700000000000000000e+01 7.408000000000000000e+03
-7.702582359313964844e+00 -8.468437790870666504e-01 9.467187337577342987e-03 4.300000000000000000e+01 4.913248800000000000e+07 2.490000000000000000e+02 3.100000000000000000e+01 5.600000000000000000e+01 7.749000000000000000e+03
-7.702660083770751953e+00 -7.990497350692749023e-01 9.461078792810440063e-03 4.700000000000000000e+01 4.922924800000000000e+07 2.730000000000000000e+02 3.100000000000000000e+01 5.000000000000000000e+01 7.744000000000000000e+03
-7.914434909820556641e+00 -7.719642519950866699e-01 9.715198539197444916e-03 4.200000000000000000e+01 4.932728800000000000e+07 2.620000000000000000e+02 3.100000000000000000e+01 6.000000000000000000e+01 7.952000000000000000e+03
-7.908068656921386719e+00 -7.223870158195495605e-01 9.701759554445743561e-03 3.000000000000000000e+01 4.942404800000000000e+07 1.810000000000000000e+02 3.100000000000000000e+01 3.800000000000000000e+01 7.941000000000000000e+03
-7.846590518951416016e+00 -6.682498455047607422e-01 9.621125645935535431e-03 4.900000000000000000e+01 4.952240800000000000e+07 2.950000000000000000e+02 3.100000000000000000e+01 4.700000000000000000e+01 7.875000000000000000e+03
-7.818642616271972656e+00 -6.175717711448669434e-01 9.582030586898326874e-03 3.200000000000000000e+01 4.962388800000000000e+07 1.940000000000000000e+02 3.100000000000000000e+01 5.800000000000000000e+01 7.843000000000000000e+03
-7.720553874969482422e+00 -5.621782541275024414e-01 9.457413107156753540e-03 6.300000000000000000e+01 4.971808000000000000e+07 3.690000000000000000e+02 3.100000000000000000e+01 5.000000000000000000e+01 7.741000000000000000e+03
-7.560221195220947266e+00 -5.038888454437255859e-01 9.257049299776554108e-03 5.200000000000000000e+01 4.981508800000000000e+07 2.950000000000000000e+02 3.100000000000000000e+01 6.500000000000000000e+01 7.577000000000000000e+03
-7.821698188781738281e+00 -4.731288552284240723e-01 9.573478251695632935e-03 2.900000000000000000e+01 4.991200000000000000e+07 1.690000000000000000e+02 3.100000000000000000e+01 4.600000000000000000e+01 7.836000000000000000e+03
-7.851414203643798828e+00 -4.265917539596557617e-01 9.606464765965938568e-03 2.200000000000000000e+01 5.000999200000000000e+07 1.280000000000000000e+02 3.100000000000000000e+01 3.400000000000000000e+01 7.863000000000000000e+03
-7.941781520843505859e+00 -3.826433420181274414e-01 9.713976643979549408e-03 3.000000000000000000e+01 5.010768000000000000e+07 1.800000000000000000e+02 3.100000000000000000e+01 5.200000000000000000e+01 7.951000000000000000e+03
-7.912008285522460938e+00 -3.325624465942382812e-01 9.674881584942340851e-03 5.700000000000000000e+01 5.020531200000000000e+07 3.490000000000000000e+02 3.100000000000000000e+01 4.400000000000000000e+01 7.919000000000000000e+03
-7.958870887756347656e+00 -2.856228947639465332e-01 9.729859419167041779e-03 4.600000000000000000e+01 5.030402000000000000e+07 2.830000000000000000e+02 3.100000000000000000e+01 4.500000000000000000e+01 7.964000000000000000e+03
-8.135396003723144531e+00 -2.419858425855636597e-01 9.943662211298942566e-03 3.000000000000000000e+01 5.040144000000000000e+07 1.900000000000000000e+02 3.100000000000000000e+01 3.400000000000000000e+01 8.139000000000000000e+03
-8.072746276855468750e+00 -1.905531883239746094e-01 9.865472093224525452e-03 7.700000000000000000e+01 5.049788000000000000e+07 4.930000000000000000e+02 3.100000000000000000e+01 4.300000000000000000e+01 8.075000000000000000e+03
-8.049766540527343750e+00 -1.405970454216003418e-01 9.836150333285331726e-03 3.900000000000000000e+01 5.059558000000000000e+07 2.440000000000000000e+02 3.100000000000000000e+01 4.000000000000000000e+01 8.051000000000000000e+03
-7.785494804382324219e+00 -8.820001780986785889e-02 9.512391872704029083e-03 3.000000000000000000e+01 5.069372000000000000e+07 1.780000000000000000e+02 3.100000000000000000e+01 7.900000000000000000e+01 7.786000000000000000e+03
-7.996886253356933594e+00 -4.152304306626319885e-02 9.770176373422145844e-03 3.700000000000000000e+01 5.078996000000000000e+07 2.270000000000000000e+02 3.100000000000000000e+01 5.600000000000000000e+01 7.997000000000000000e+03
-8.064990997314453125e+00 7.609874475747346878e-03 9.853254072368144989e-03 4.300000000000000000e+01 5.088760000000000000e+07 2.710000000000000000e+02 3.100000000000000000e+01 4.100000000000000000e+01 8.065000000000000000e+03
-8.134790420532226562e+00 5.759114399552345276e-02 9.938775561749935150e-03 3.900000000000000000e+01 5.098548000000000000e+07 2.490000000000000000e+02 3.100000000000000000e+01 3.700000000000000000e+01 8.135000000000000000e+03
-8.195278167724609375e+00 1.083103120326995850e-01 1.001330092549324036e-02 3.600000000000000000e+01 5.108362000000000000e+07 2.320000000000000000e+02 3.100000000000000000e+01 5.500000000000000000e+01 8.196000000000000000e+03
-8.218455314636230469e+00 1.590579599142074585e-01 1.004262268543243408e-02 3.700000000000000000e+01 5.118038000000000000e+07 2.400000000000000000e+02 3.100000000000000000e+01 5.000000000000000000e+01 8.220000000000000000e+03
-8.413260459899902344e+00 2.144774198532104492e-01 1.028208155184984207e-02 3.200000000000000000e+01 5.127784800000000000e+07 2.170000000000000000e+02 3.100000000000000000e+01 4.500000000000000000e+01 8.416000000000000000e+03
-8.409787178039550781e+00 2.660329341888427734e-01 1.027963869273662567e-02 2.700000000000000000e+01 5.137666000000000000e+07 1.820000000000000000e+02 3.100000000000000000e+01 4.100000000000000000e+01 8.414000000000000000e+03
-8.508924484252929688e+00 3.214421868324279785e-01 1.040303241461515427e-02 2.400000000000000000e+01 5.147347200000000000e+07 1.640000000000000000e+02 3.100000000000000000e+01 4.300000000000000000e+01 8.515000000000000000e+03
-8.561738967895507812e+00 3.760593831539154053e-01 1.047022826969623566e-02 2.600000000000000000e+01 5.157106000000000000e+07 1.810000000000000000e+02 3.100000000000000000e+01 4.100000000000000000e+01 8.570000000000000000e+03
-8.568259239196777344e+00 4.290362298488616943e-01 1.048122346401214600e-02 2.700000000000000000e+01 5.166960000000000000e+07 1.890000000000000000e+02 3.100000000000000000e+01 4.000000000000000000e+01 8.579000000000000000e+03
-8.640346527099609375e+00 4.858122766017913818e-01 1.057285349816083908e-02 2.900000000000000000e+01 5.176652800000000000e+07 2.060000000000000000e+02 3.100000000000000000e+01 5.000000000000000000e+01 8.654000000000000000e+03
-8.658162117004394531e+00 5.401268005371093750e-01 1.059850957244634628e-02 3.100000000000000000e+01 5.186472000000000000e+07 2.300000000000000000e+02 3.100000000000000000e+01 5.800000000000000000e+01 8.675000000000000000e+03
-8.680624961853027344e+00 5.950201749801635742e-01 1.063027419149875641e-02 3.900000000000000000e+01 5.196200000000000000e+07 2.840000000000000000e+02 3.100000000000000000e+01 4.900000000000000000e+01 8.701000000000000000e+03
-8.744621276855468750e+00 6.533386111259460449e-01 1.071335189044475555e-02 3.600000000000000000e+01 5.205799200000000000e+07 2.660000000000000000e+02 3.100000000000000000e+01 5.200000000000000000e+01 8.769000000000000000e+03
-8.703568458557128906e+00 7.039992809295654297e-01 1.066814828664064407e-02 3.400000000000000000e+01 5.215623200000000000e+07 2.490000000000000000e+02 3.100000000000000000e+01 4.700000000000000000e+01 8.732000000000000000e+03
-8.699085235595703125e+00 7.573901414871215820e-01 1.066814828664064407e-02 2.900000000000000000e+01 5.225447200000000000e+07 2.110000000000000000e+02 3.100000000000000000e+01 3.500000000000000000e+01 8.732000000000000000e+03
-8.759988784790039062e+00 8.168804645538330078e-01 1.074878219515085220e-02 3.000000000000000000e+01 5.235128000000000000e+07 2.210000000000000000e+02 3.100000000000000000e+01 5.000000000000000000e+01 8.798000000000000000e+03
-8.677194595336914062e+00 8.628967404365539551e-01 1.065348740667104721e-02 5.000000000000000000e+01 5.244942000000000000e+07 3.700000000000000000e+02 3.100000000000000000e+01 3.800000000000000000e+01 8.720000000000000000e+03
-8.785105705261230469e+00 9.280996322631835938e-01 1.079276483505964279e-02 4.500000000000000000e+01 5.254592800000000000e+07 3.400000000000000000e+02 3.100000000000000000e+01 5.300000000000000000e+01 8.834000000000000000e+03
-8.781232833862304688e+00 9.822088479995727539e-01 1.079520862549543381e-02 5.700000000000000000e+01 5.264331200000000000e+07 4.410000000000000000e+02 3.100000000000000000e+01 5.800000000000000000e+01 8.836000000000000000e+03
-8.920033454895019531e+00 1.053190350532531738e+00 1.097358111292123795e-02 4.100000000000000000e+01 5.274130000000000000e+07 3.200000000000000000e+02 3.100000000000000000e+01 4.400000000000000000e+01 8.982000000000000000e+03
-8.951113700866699219e+00 1.112589955329895020e+00 1.102000661194324493e-02 4.200000000000000000e+01 5.283851200000000000e+07 3.300000000000000000e+02 3.100000000000000000e+01 4.400000000000000000e+01 9.020000000000000000e+03
-9.054183959960937500e+00 1.181859254837036133e+00 1.115561928600072861e-02 4.600000000000000000e+01 5.293644800000000000e+07 3.710000000000000000e+02 3.100000000000000000e+01 5.300000000000000000e+01 9.131000000000000000e+03
-8.963537216186523438e+00 1.226009130477905273e+00 1.105299405753612518e-02 5.000000000000000000e+01 5.303398000000000000e+07 4.040000000000000000e+02 3.100000000000000000e+01 6.900000000000000000e+01 9.047000000000000000e+03
-8.939017295837402344e+00 1.278578162193298340e+00 1.103222463279962540e-02 4.600000000000000000e+01 5.313187200000000000e+07 3.630000000000000000e+02 3.100000000000000000e+01 4.900000000000000000e+01 9.030000000000000000e+03
-9.063534736633300781e+00 1.353189826011657715e+00 1.119593624025583267e-02 3.700000000000000000e+01 5.322786000000000000e+07 2.980000000000000000e+02 3.100000000000000000e+01 5.400000000000000000e+01 9.164000000000000000e+03
-9.063953399658203125e+00 1.410160660743713379e+00 1.120693143457174301e-02 4.400000000000000000e+01 5.332524000000000000e+07 3.580000000000000000e+02 3.100000000000000000e+01 5.700000000000000000e+01 9.173000000000000000e+03
-9.071911811828613281e+00 1.468465924263000488e+00 1.122770085930824280e-02 4.500000000000000000e+01 5.342168000000000000e+07 3.680000000000000000e+02 3.100000000000000000e+01 4.900000000000000000e+01 9.190000000000000000e+03
-8.939462661743164062e+00 1.503372073173522949e+00 1.107498444616794586e-02 2.700000000000000000e+01 5.352019200000000000e+07 2.100000000000000000e+02 3.100000000000000000e+01 5.400000000000000000e+01 9.065000000000000000e+03
-9.066015243530273438e+00 1.581916213035583496e+00 1.124358270317316055e-02 2.600000000000000000e+01 5.361623200000000000e+07 2.150000000000000000e+02 3.100000000000000000e+01 7.600000000000000000e+01 9.203000000000000000e+03
-9.081723213195800781e+00 1.642140746116638184e+00 1.127534825354814529e-02 3.300000000000000000e+01 5.371456800000000000e+07 2.760000000000000000e+02 3.100000000000000000e+01 6.300000000000000000e+01 9.229000000000000000e+03
-9.222847938537597656e+00 1.726165175437927246e+00 1.146349497139453888e-02 4.000000000000000000e+01 5.381236000000000000e+07 3.390000000000000000e+02 3.100000000000000000e+01 5.500000000000000000e+01 9.383000000000000000e+03
-9.045179367065429688e+00 1.750423908233642578e+00 1.125580072402954102e-02 3.500000000000000000e+01 5.391024000000000000e+07 2.850000000000000000e+02 3.100000000000000000e+01 5.500000000000000000e+01 9.213000000000000000e+03
-9.253922462463378906e+00 1.849798560142517090e+00 1.152946799993515015e-02 4.000000000000000000e+01 5.400823200000000000e+07 3.500000000000000000e+02 3.100000000000000000e+01 7.500000000000000000e+01 9.437000000000000000e+03
-5.350447177886962891e+00 1.724603056907653809e+00 1.668429523706436157e-01 3.440000000000000000e+02 5.410694000000000000e+07 1.080000000000000000e+03 2.800000000000000000e+01 6.000000000000000000e+01 5.624000000000000000e+03
-9.013223648071289062e+00 1.859269976615905762e+00 1.124358270317316055e-02 5.600000000000000000e+01 5.410694000000000000e+07 4.620000000000000000e+02 3.100000000000000000e+01 4.900000000000000000e+01 9.203000000000000000e+03
-5.332169055938720703e+00 1.754900574684143066e+00 1.666056364774703979e-01 3.780000000000000000e+02 5.420436000000000000e+07 1.187000000000000000e+03 2.800000000000000000e+01 7.500000000000000000e+01 5.616000000000000000e+03
-9.513203620910644531e+00 2.023341178894042969e+00 1.188254822045564651e-02 2.700000000000000000e+01 5.420436000000000000e+07 2.420000000000000000e+02 3.100000000000000000e+01 5.200000000000000000e+01 9.726000000000000000e+03
-9.558241844177246094e+00 2.094302892684936523e+00 1.195463072508573532e-02 5.800000000000000000e+01 5.430168800000000000e+07 5.500000000000000000e+02 3.100000000000000000e+01 5.900000000000000000e+01 9.785000000000000000e+03
-9.541309356689453125e+00 2.152031421661376953e+00 1.194974314421415329e-02 4.000000000000000000e+01 5.439952800000000000e+07 3.770000000000000000e+02 3.100000000000000000e+01 6.500000000000000000e+01 9.781000000000000000e+03
-9.714957237243652344e+00 2.253927946090698242e+00 1.218431536108255386e-02 4.100000000000000000e+01 5.449624000000000000e+07 4.030000000000000000e+02 3.100000000000000000e+01 5.900000000000000000e+01 9.973000000000000000e+03
-5.364838600158691406e+00 1.697029829025268555e+00 1.139356940984725952e-01 1.390000000000000000e+02 5.459498000000000000e+07 4.360000000000000000e+02 2.900000000000000000e+01 4.700000000000000000e+01 5.628000000000000000e+03
-9.695108413696289062e+00 2.312103509902954102e+00 1.217698492109775543e-02 5.100000000000000000e+01 5.459498000000000000e+07 5.010000000000000000e+02 3.100000000000000000e+01 7.100000000000000000e+01 9.967000000000000000e+03
-5.339103221893310547e+00 1.724997878074645996e+00 1.136117875576019287e-01 3.420000000000000000e+02 5.469139200000000000e+07 1.069000000000000000e+03 2.900000000000000000e+01 7.400000000000000000e+01 5.612000000000000000e+03
-9.836144447326660156e+00 2.409618616104125977e+00 1.237246207892894745e-02 5.300000000000000000e+01 5.469139200000000000e+07 5.380000000000000000e+02 3.100000000000000000e+01 6.300000000000000000e+01 1.012700000000000000e+04
-5.307529926300048828e+00 1.750834941864013672e+00 1.131663993000984192e-01 3.450000000000000000e+02 5.478815200000000000e+07 1.073000000000000000e+03 2.900000000000000000e+01 6.500000000000000000e+01 5.590000000000000000e+03
-9.879361152648925781e+00 2.484560251235961914e+00 1.244576554745435715e-02 6.400000000000000000e+01 5.478815200000000000e+07 6.590000000000000000e+02 3.100000000000000000e+01 5.900000000000000000e+01 1.018700000000000000e+04
-5.276788711547851562e+00 1.776668787002563477e+00 1.127412691712379456e-01 5.000000000000000000e+01 5.488706000000000000e+07 1.530000000000000000e+02 2.900000000000000000e+01 7.100000000000000000e+01 5.569000000000000000e+03
-1.014763832092285156e+01 2.618335723876953125e+00 1.280373241752386093e-02 3.900000000000000000e+01 5.488706000000000000e+07 4.210000000000000000e+02 3.100000000000000000e+01 7.300000000000000000e+01 1.048000000000000000e+04
-9.381195068359375000e+00 2.482067584991455078e+00 1.185567025095224380e-02 4.300000000000000000e+01 5.498408000000000000e+07 3.990000000000000000e+02 3.100000000000000000e+01 7.000000000000000000e+01 9.704000000000000000e+03
-1.003077602386474609e+01 2.719897270202636719e+00 1.269744243472814560e-02 2.100000000000000000e+01 5.508114000000000000e+07 2.200000000000000000e+02 3.100000000000000000e+01 6.800000000000000000e+01 1.039300000000000000e+04
-5.318714618682861328e+00 1.686461329460144043e+00 5.940639972686767578e-02 1.740000000000000000e+02 5.518015200000000000e+07 5.370000000000000000e+02 3.000000000000000000e+01 5.300000000000000000e+01 5.580000000000000000e+03
-1.003509521484375000e+01 2.787281513214111328e+00 1.272432040423154831e-02 5.100000000000000000e+01 5.518015200000000000e+07 5.380000000000000000e+02 3.100000000000000000e+01 5.200000000000000000e+01 1.041500000000000000e+04
-5.313022613525390625e+00 1.720604777336120605e+00 5.945962667465209961e-02 2.070000000000000000e+02 5.527732800000000000e+07 6.440000000000000000e+02 3.000000000000000000e+01 6.700000000000000000e+01 5.585000000000000000e+03
-1.003223133087158203e+01 2.852905988693237305e+00 1.274264603853225708e-02 3.100000000000000000e+01 5.527732800000000000e+07 3.300000000000000000e+02 3.100000000000000000e+01 7.300000000000000000e+01 1.043000000000000000e+04
-5.290022850036621094e+00 1.749091744422912598e+00 5.932122468948364258e-02 1.860000000000000000e+02 5.537490000000000000e+07 5.760000000000000000e+02 3.000000000000000000e+01 6.400000000000000000e+01 5.572000000000000000e+03
-1.013551902770996094e+01 2.949616670608520508e+00 1.289658434689044952e-02 3.700000000000000000e+01 5.537490000000000000e+07 4.050000000000000000e+02 3.100000000000000000e+01 7.500000000000000000e+01 1.055600000000000000e+04
-5.205290317535400391e+00 1.756579279899597168e+00 5.849081650376319885e-02 3.400000000000000000e+01 5.547336000000000000e+07 1.010000000000000000e+02 3.000000000000000000e+01 6.700000000000000000e+01 5.494000000000000000e+03
-9.969630241394042969e+00 2.967813491821289062e+00 1.270843762904405594e-02 2.600000000000000000e+01 5.547336000000000000e+07 2.750000000000000000e+02 3.100000000000000000e+01 6.400000000000000000e+01 1.040200000000000000e+04
-9.088320732116699219e+00 2.766278982162475586e+00 1.160643622279167175e-02 9.600000000000000000e+01 5.556970000000000000e+07 8.590000000000000000e+02 3.100000000000000000e+01 9.700000000000000000e+01 9.500000000000000000e+03
-5.400691509246826172e+00 1.680124878883361816e+00 6.910106167197227478e-03 5.700000000000000000e+01 5.566663200000000000e+07 1.800000000000000000e+02 3.100000000000000000e+01 7.400000000000000000e+01 5.656000000000000000e+03
-5.332146644592285156e+00 1.694754123687744141e+00 6.835580803453922272e-03 1.880000000000000000e+02 5.576460000000000000e+07 5.870000000000000000e+02 3.100000000000000000e+01 5.800000000000000000e+01 5.595000000000000000e+03
-5.362234592437744141e+00 1.738545536994934082e+00 2.116264849901199341e-01 2.300000000000000000e+02 5.586230000000000000e+07 7.210000000000000000e+02 2.700000000000000000e+01 5.500000000000000000e+01 5.641000000000000000e+03
-5.306429386138916016e+00 1.722499728202819824e+00 6.816033273935317993e-03 2.240000000000000000e+02 5.586230000000000000e+07 6.930000000000000000e+02 3.100000000000000000e+01 5.100000000000000000e+01 5.579000000000000000e+03
-5.345773696899414062e+00 1.769530773162841797e+00 2.114013880491256714e-01 6.000000000000000000e+01 5.595900800000000000e+07 1.890000000000000000e+02 2.700000000000000000e+01 7.300000000000000000e+01 5.635000000000000000e+03
-5.317592620849609375e+00 1.762262225151062012e+00 6.844132672995328903e-03 1.900000000000000000e+02 5.595900800000000000e+07 5.880000000000000000e+02 3.100000000000000000e+01 5.500000000000000000e+01 5.602000000000000000e+03
-5.304785251617431641e+00 1.794216394424438477e+00 6.841689348220825195e-03 6.000000000000000000e+01 5.605478000000000000e+07 1.860000000000000000e+02 3.100000000000000000e+01 6.300000000000000000e+01 5.600000000000000000e+03
-1.095318317413330078e+01 3.779704570770263672e+00 1.415618881583213806e-02 3.800000000000000000e+01 5.615299200000000000e+07 5.030000000000000000e+02 3.100000000000000000e+01 5.900000000000000000e+01 1.158700000000000000e+04
-1.092506885528564453e+01 3.845180988311767578e+00 1.415007933974266052e-02 3.600000000000000000e+01 5.625062000000000000e+07 4.760000000000000000e+02 3.100000000000000000e+01 6.300000000000000000e+01 1.158200000000000000e+04
-9.054585456848144531e+00 3.249423265457153320e+00 1.175304502248764038e-02 1.060000000000000000e+02 5.634784000000000000e+07 9.730000000000000000e+02 3.100000000000000000e+01 9.200000000000000000e+01 9.620000000000000000e+03
-1.108836460113525391e+01 4.056256771087646484e+00 1.442496851086616516e-02 4.900000000000000000e+01 5.644572000000000000e+07 6.760000000000000000e+02 3.100000000000000000e+01 6.000000000000000000e+01 1.180700000000000000e+04
-1.107544898986816406e+01 4.128758430480957031e+00 1.444085128605365753e-02 4.300000000000000000e+01 5.654422000000000000e+07 5.930000000000000000e+02 3.100000000000000000e+01 6.400000000000000000e+01 1.182000000000000000e+04
-1.116021823883056641e+01 4.238533496856689453e+00 1.458501536399126053e-02 4.100000000000000000e+01 5.664155200000000000e+07 5.770000000000000000e+02 3.100000000000000000e+01 6.300000000000000000e+01 1.193800000000000000e+04
-1.122260379791259766e+01 4.341205120086669922e+00 1.470108050853013992e-02 4.000000000000000000e+01 5.673866000000000000e+07 5.580000000000000000e+02 3.100000000000000000e+01 5.600000000000000000e+01 1.203300000000000000e+04
-1.121436309814453125e+01 4.417314052581787109e+00 1.472551468759775162e-02 3.000000000000000000e+01 5.683618000000000000e+07 4.240000000000000000e+02 3.100000000000000000e+01 9.300000000000000000e+01 1.205300000000000000e+04
-1.124366569519042969e+01 4.508744239807128906e+00 1.480004005134105682e-02 4.300000000000000000e+01 5.693336000000000000e+07 6.210000000000000000e+02 3.100000000000000000e+01 7.600000000000000000e+01 1.211400000000000000e+04
-1.030660057067871094e+01 4.206570625305175781e+00 1.360030099749565125e-02 9.700000000000000000e+01 5.703130000000000000e+07 1.193000000000000000e+03 3.100000000000000000e+01 8.400000000000000000e+01 1.113200000000000000e+04
-1.115609073638916016e+01 4.633341312408447266e+00 1.475850120186805725e-02 6.400000000000000000e+01 5.712868000000000000e+07 9.230000000000000000e+02 3.100000000000000000e+01 8.600000000000000000e+01 1.208000000000000000e+04
-1.054160118103027344e+01 4.454166412353515625e+00 1.398148015141487122e-02 5.700000000000000000e+01 5.722696800000000000e+07 7.360000000000000000e+02 3.100000000000000000e+01 9.100000000000000000e+01 1.144400000000000000e+04
-1.113605976104736328e+01 4.786083698272705078e+00 1.480859145522117615e-02 5.200000000000000000e+01 5.732464000000000000e+07 7.560000000000000000e+02 3.100000000000000000e+01 6.400000000000000000e+01 1.212100000000000000e+04
-1.130532073974609375e+01 4.941229343414306641e+00 1.507370732724666595e-02 6.900000000000000000e+01 5.742152000000000000e+07 1.028000000000000000e+03 3.100000000000000000e+01 5.400000000000000000e+01 1.233800000000000000e+04
-1.125011634826660156e+01 4.999539852142333984e+00 1.504072081297636032e-02 5.600000000000000000e+01 5.751843200000000000e+07 8.380000000000000000e+02 3.100000000000000000e+01 8.400000000000000000e+01 1.231100000000000000e+04
-1.135592555999755859e+01 5.130230426788330078e+00 1.522397994995117188e-02 7.100000000000000000e+01 5.761600000000000000e+07 1.094000000000000000e+03 3.100000000000000000e+01 6.400000000000000000e+01 1.246100000000000000e+04
-1.123608207702636719e+01 5.159335613250732422e+00 1.510547194629907608e-02 5.100000000000000000e+01 5.771460800000000000e+07 7.700000000000000000e+02 3.100000000000000000e+01 7.500000000000000000e+01 1.236400000000000000e+04
-1.121508789062500000e+01 5.233256340026855469e+00 1.512013282626867294e-02 6.500000000000000000e+01 5.781199200000000000e+07 9.840000000000000000e+02 3.100000000000000000e+01 8.800000000000000000e+01 1.237600000000000000e+04
-1.123698139190673828e+01 5.327676773071289062e+00 1.519343722611665726e-02 6.500000000000000000e+01 5.790980800000000000e+07 9.950000000000000000e+02 3.100000000000000000e+01 7.600000000000000000e+01 1.243600000000000000e+04
-1.129687595367431641e+01 5.441221237182617188e+00 1.531927566975355148e-02 5.100000000000000000e+01 5.800812000000000000e+07 7.930000000000000000e+02 3.100000000000000000e+01 6.800000000000000000e+01 1.253900000000000000e+04
-1.150401020050048828e+01 5.628211498260498047e+00 1.564669795334339142e-02 5.000000000000000000e+01 5.810626000000000000e+07 8.100000000000000000e+02 3.100000000000000000e+01 6.800000000000000000e+01 1.280700000000000000e+04
-1.164389133453369141e+01 5.785461425781250000e+00 1.588493585586547852e-02 3.700000000000000000e+01 5.820374000000000000e+07 6.110000000000000000e+02 3.100000000000000000e+01 9.700000000000000000e+01 1.300200000000000000e+04
-1.162156486511230469e+01 5.863554954528808594e+00 1.590326242148876190e-02 5.900000000000000000e+01 5.830112000000000000e+07 9.870000000000000000e+02 3.100000000000000000e+01 8.400000000000000000e+01 1.301700000000000000e+04
-1.157379817962646484e+01 5.928826332092285156e+00 1.588737964630126953e-02 4.200000000000000000e+01 5.839812000000000000e+07 7.000000000000000000e+02 3.100000000000000000e+01 7.100000000000000000e+01 1.300400000000000000e+04
-1.149461555480957031e+01 5.977583885192871094e+00 1.582873612642288208e-02 5.200000000000000000e+01 5.849555200000000000e+07 8.620000000000000000e+02 3.100000000000000000e+01 7.400000000000000000e+01 1.295600000000000000e+04
-1.159833431243896484e+01 6.122223854064941406e+00 1.602299138903617859e-02 6.300000000000000000e+01 5.859307200000000000e+07 1.070000000000000000e+03 3.100000000000000000e+01 9.300000000000000000e+01 1.311500000000000000e+04
-1.151030635833740234e+01 6.166357994079589844e+00 1.595335267484188080e-02 5.100000000000000000e+01 5.868983200000000000e+07 8.580000000000000000e+02 3.100000000000000000e+01 7.500000000000000000e+01 1.305800000000000000e+04
-1.175778579711914062e+01 6.392096519470214844e+00 1.635041460394859314e-02 8.100000000000000000e+01 5.878736000000000000e+07 1.438000000000000000e+03 3.100000000000000000e+01 7.900000000000000000e+01 1.338300000000000000e+04
-7.900862216949462891e+00 5.135231018066406250e+00 1.908038109540939331e-01 1.110000000000000000e+02 5.888540000000000000e+07 9.800000000000000000e+02 2.900000000000000000e+01 7.100000000000000000e+01 9.425000000000000000e+03
-1.162290096282958984e+01 6.411472320556640625e+00 1.621724665164947510e-02 5.000000000000000000e+01 5.888540000000000000e+07 8.710000000000000000e+02 3.100000000000000000e+01 6.800000000000000000e+01 1.327400000000000000e+04
-7.876718521118164062e+00 5.188562870025634766e+00 1.909860074520111084e-01 2.220000000000000000e+02 5.898288000000000000e+07 1.961000000000000000e+03 2.900000000000000000e+01 7.400000000000000000e+01 9.434000000000000000e+03
-1.161126708984375000e+01 6.498296737670898438e+00 1.625634171068668365e-02 5.000000000000000000e+01 5.898288000000000000e+07 8.730000000000000000e+02 3.100000000000000000e+01 7.800000000000000000e+01 1.330600000000000000e+04
-1.155117511749267578e+01 6.558064460754394531e+00 1.622824370861053467e-02 5.200000000000000000e+01 5.908004800000000000e+07 9.050000000000000000e+02 3.100000000000000000e+01 8.000000000000000000e+01 1.328300000000000000e+04
-1.156531143188476562e+01 6.660257339477539062e+00 1.630521193146705627e-02 3.900000000000000000e+01 5.917819200000000000e+07 6.810000000000000000e+02 3.100000000000000000e+01 8.800000000000000000e+01 1.334600000000000000e+04
-1.144392204284667969e+01 6.684190273284912109e+00 1.619159057736396790e-02 7.100000000000000000e+01 5.927648800000000000e+07 1.236000000000000000e+03 3.100000000000000000e+01 7.600000000000000000e+01 1.325300000000000000e+04
-1.122975635528564453e+01 6.651845455169677734e+00 1.594602316617965698e-02 5.800000000000000000e+01 5.937340800000000000e+07 9.740000000000000000e+02 3.100000000000000000e+01 9.400000000000000000e+01 1.305200000000000000e+04
-7.895150661468505859e+00 5.139239788055419922e+00 1.002988666296005249e-01 3.390000000000000000e+02 5.947094000000000000e+07 2.994000000000000000e+03 3.000000000000000000e+01 7.200000000000000000e+01 9.421000000000000000e+03
-1.150247955322265625e+01 6.909081935882568359e+00 1.639317534863948822e-02 8.600000000000000000e+01 5.947094000000000000e+07 1.535000000000000000e+03 3.100000000000000000e+01 8.800000000000000000e+01 1.341800000000000000e+04
-7.842601776123046875e+00 5.173820972442626953e+00 1.000327095389366150e-01 2.720000000000000000e+02 5.956846000000000000e+07 2.386000000000000000e+03 3.000000000000000000e+01 8.000000000000000000e+01 9.396000000000000000e+03
-1.173915100097656250e+01 7.149622917175292969e+00 1.679268293082714081e-02 4.600000000000000000e+01 5.956846000000000000e+07 8.520000000000000000e+02 3.100000000000000000e+01 1.020000000000000000e+02 1.374500000000000000e+04
-1.133599758148193359e+01 6.999803066253662109e+00 1.627711206674575806e-02 1.610000000000000000e+02 5.966664800000000000e+07 2.829000000000000000e+03 3.100000000000000000e+01 7.100000000000000000e+01 1.332300000000000000e+04
-1.144540500640869141e+01 7.164735794067382812e+00 1.649702340364456177e-02 5.500000000000000000e+01 5.976403200000000000e+07 9.870000000000000000e+02 3.100000000000000000e+01 9.700000000000000000e+01 1.350300000000000000e+04
-1.105082321166992188e+01 7.012474060058593750e+00 1.599000394344329834e-02 1.000000000000000000e+02 5.986039200000000000e+07 1.692000000000000000e+03 3.100000000000000000e+01 1.380000000000000000e+02 1.308800000000000000e+04
-1.142726898193359375e+01 7.350090503692626953e+00 1.659964956343173981e-02 3.200000000000000000e+01 5.995755200000000000e+07 5.770000000000000000e+02 3.100000000000000000e+01 8.300000000000000000e+01 1.358700000000000000e+04
-7.864413738250732422e+00 5.126930236816406250e+00 1.146960351616144180e-02 2.700000000000000000e+02 6.005534000000000000e+07 2.358000000000000000e+03 3.100000000000000000e+01 5.200000000000000000e+01 9.388000000000000000e+03
-7.816120624542236328e+00 5.164063930511474609e+00 1.144516840577125549e-02 2.560000000000000000e+02 6.015311200000000000e+07 2.241000000000000000e+03 3.100000000000000000e+01 7.400000000000000000e+01 9.368000000000000000e+03
-1.189247608184814453e+01 7.962540149688720703e+00 1.748540252447128296e-02 1.000000000000000000e+02 6.025096000000000000e+07 2.031000000000000000e+03 3.100000000000000000e+01 1.000000000000000000e+02 1.431200000000000000e+04
-2.506786108016967773e+00 4.290118694305419922e+00 1.474709063768386841e-01 3.080000000000000000e+02 6.572118000000000000e+07 7.540000000000000000e+02 2.800000000000000000e+01 8.800000000000000000e+01 4.971000000000000000e+03
-2.466942787170410156e+00 4.282034397125244141e+00 1.466699242591857910e-01 3.600000000000000000e+02 6.581880000000000000e+07 8.760000000000000000e+02 2.800000000000000000e+01 6.600000000000000000e+01 4.944000000000000000e+03
-2.511983394622802734e+00 4.305803775787353516e+00 1.009387597441673279e-01 3.850000000000000000e+02 6.630720800000000000e+07 9.530000000000000000e+02 2.900000000000000000e+01 8.500000000000000000e+01 4.986000000000000000e+03
-2.483522415161132812e+00 4.317669868469238281e+00 1.008577868342399597e-01 3.510000000000000000e+02 6.640454000000000000e+07 8.690000000000000000e+02 2.900000000000000000e+01 8.900000000000000000e+01 4.982000000000000000e+03
-4.268223285675048828e+00 6.836557388305664062e+00 8.580923825502395630e-02 1.690000000000000000e+02 6.640454000000000000e+07 1.093000000000000000e+03 3.000000000000000000e+01 9.400000000000000000e+01 8.060000000000000000e+03
-4.224097251892089844e+00 6.859212398529052734e+00 8.576665818691253662e-02 2.350000000000000000e+02 6.650196000000000000e+07 1.521000000000000000e+03 3.000000000000000000e+01 8.100000000000000000e+01 8.056000000000000000e+03
-2.507886171340942383e+00 4.305575847625732422e+00 5.305055156350135803e-02 3.000000000000000000e+01 6.689023200000000000e+07 7.200000000000000000e+01 3.000000000000000000e+01 1.500000000000000000e+01 4.983000000000000000e+03
-2.487894058227539062e+00 4.332155704498291016e+00 5.318895354866981506e-02 1.200000000000000000e+01 6.698818000000000000e+07 2.700000000000000000e+01 3.000000000000000000e+01 3.400000000000000000e+01 4.996000000000000000e+03
-4.227261066436767578e+00 6.781316280364990234e+00 9.762845933437347412e-03 5.600000000000000000e+01 6.698818000000000000e+07 3.490000000000000000e+02 3.100000000000000000e+01 3.300000000000000000e+01 7.991000000000000000e+03
-4.222760677337646484e+00 6.867608070373535156e+00 9.849589318037033081e-03 1.930000000000000000e+02 6.708544800000000000e+07 1.238000000000000000e+03 3.100000000000000000e+01 5.600000000000000000e+01 8.062000000000000000e+03
-2.469876050949096680e+00 4.247027873992919922e+00 6.002360489219427109e-03 3.000000000000000000e+01 6.747673600000000000e+07 7.000000000000000000e+01 3.100000000000000000e+01 2.200000000000000000e+01 4.913000000000000000e+03
-2.466153621673583984e+00 4.301141262054443359e+00 6.057338323444128036e-03 1.200000000000000000e+01 6.757396000000000000e+07 2.600000000000000000e+01 3.100000000000000000e+01 3.400000000000000000e+01 4.958000000000000000e+03
-1.019834280014038086e-01 7.156215906143188477e-01 1.463672798126935959e-02 6.100000000000000000e+01 7.246249600000000000e+07 3.000000000000000000e+00 2.900000000000000000e+01 2.800000000000000000e+01 7.230000000000000000e+02
-4.899485409259796143e-02 7.201874256134033203e-01 1.461648382246494293e-02 6.800000000000000000e+01 7.362560000000000000e+07 3.000000000000000000e+00 2.900000000000000000e+01 2.200000000000000000e+01 7.220000000000000000e+02
-2.207174710929393768e-02 6.936578154563903809e-01 6.450343132019042969e-02 5.000000000000000000e+01 7.421281600000000000e+07 2.000000000000000000e+00 2.100000000000000000e+01 3.500000000000000000e+01 6.970000000000000000e+02
-8.386268164031207561e-04 7.427981495857238770e-01 6.903810799121856689e-02 1.080000000000000000e+02 7.470415200000000000e+07 5.000000000000000000e+00 2.100000000000000000e+01 4.600000000000000000e+01 7.460000000000000000e+02
-9.581591002643108368e-03 7.640969753265380859e-01 3.590306639671325684e-02 2.940000000000000000e+02 7.509800000000000000e+07 1.700000000000000000e+01 2.600000000000000000e+01 2.300000000000000000e+01 7.650000000000000000e+02
