-2.085326053202152252e-02 -7.179371714591979980e-01 7.358946651220321655e-02 6.600000000000000000e+01 2.461128000000000000e+07 3.000000000000000000e+00 2.000000000000000000e+01 1.500000000000000000e+01 7.220000000000000000e+02
-1.810123212635517120e-02 -7.615728378295898438e-01 4.299068450927734375e-02 3.120000000000000000e+02 2.510139000000000000e+07 1.600000000000000000e+01 2.500000000000000000e+01 1.000000000000000000e+01 7.630000000000000000e+02
-4.647884517908096313e-02 -7.047715187072753906e-01 7.236636430025100708e-02 1.010000000000000000e+02 2.519954000000000000e+07 4.000000000000000000e+00 2.000000000000000000e+01 2.000000000000000000e+01 7.100000000000000000e+02
-2.508124522864818573e-02 -7.025226950645446777e-01 6.533633172512054443e-02 1.130000000000000000e+02 2.529792000000000000e+07 4.000000000000000000e+00 2.100000000000000000e+01 1.100000000000000000e+01 7.060000000000000000e+02
-8.606637828052043915e-03 -7.383834719657897949e-01 6.161865219473838806e-02 1.320000000000000000e+02 2.549272000000000000e+07 6.000000000000000000e+00 2.200000000000000000e+01 1.900000000000000000e+01 7.410000000000000000e+02
-3.741837665438652039e-02 -7.525395154953002930e-01 2.828689292073249817e-02 1.420000000000000000e+02 2.667488000000000000e+07 8.000000000000000000e+00 2.700000000000000000e+01 8.000000000000000000e+00 7.540000000000000000e+02
-5.617177113890647888e-02 -7.553807497024536133e-01 2.843695692718029022e-02 1.540000000000000000e+02 2.706781000000000000e+07 9.000000000000000000e+00 2.700000000000000000e+01 1.100000000000000000e+01 7.580000000000000000e+02
-8.097504824399948120e-02 -7.284718155860900879e-01 7.803743705153465271e-03 2.150000000000000000e+02 2.706781000000000000e+07 1.100000000000000000e+01 3.000000000000000000e+01 1.500000000000000000e+01 7.330000000000000000e+02
-1.212272047996520996e-01 -7.004411816596984863e-01 1.439379435032606125e-02 1.350000000000000000e+02 2.745823000000000000e+07 7.000000000000000000e+00 2.900000000000000000e+01 1.400000000000000000e+01 7.110000000000000000e+02
-1.097027957439422607e-01 -7.107907533645629883e-01 3.379112109541893005e-02 9.000000000000000000e+01 2.775154000000000000e+07 5.000000000000000000e+00 2.600000000000000000e+01 1.500000000000000000e+01 7.200000000000000000e+02
-1.229023262858390808e-01 -7.043573856353759766e-01 8.735370938666164875e-04 1.030000000000000000e+02 2.862852000000000000e+07 5.000000000000000000e+00 3.100000000000000000e+01 1.800000000000000000e+01 7.150000000000000000e+02
-6.709127902984619141e+00 -7.388360023498535156e+00 1.219286769628524780e-02 8.400000000000000000e+01 3.764907200000000000e+07 8.240000000000000000e+02 3.100000000000000000e+01 1.480000000000000000e+02 9.980000000000000000e+03
-7.103558063507080078e+00 -7.726922035217285156e+00 1.282327994704246521e-02 1.180000000000000000e+02 3.774640000000000000e+07 1.294000000000000000e+03 3.100000000000000000e+01 1.750000000000000000e+02 1.049600000000000000e+04
-7.394737720489501953e+00 -7.945249557495117188e+00 1.326065976172685623e-02 1.020000000000000000e+02 3.784396800000000000e+07 1.190000000000000000e+03 3.100000000000000000e+01 1.130000000000000000e+02 1.085400000000000000e+04
-7.404261589050292969e+00 -7.858242034912109375e+00 1.319102197885513306e-02 1.470000000000000000e+02 3.794196000000000000e+07 1.700000000000000000e+03 3.100000000000000000e+01 1.390000000000000000e+02 1.079700000000000000e+04
-7.095493793487548828e+00 -7.438563346862792969e+00 1.255938690155744553e-02 1.720000000000000000e+02 3.803876800000000000e+07 1.804000000000000000e+03 3.100000000000000000e+01 1.470000000000000000e+02 1.028000000000000000e+04
-7.604274272918701172e+00 -7.778542518615722656e+00 1.328998152166604996e-02 1.420000000000000000e+02 3.823456000000000000e+07 1.669000000000000000e+03 3.100000000000000000e+01 1.140000000000000000e+02 1.087800000000000000e+04
-7.478113651275634766e+00 -7.556177616119384766e+00 1.298821438103914261e-02 1.170000000000000000e+02 3.833290000000000000e+07 1.308000000000000000e+03 3.100000000000000000e+01 1.440000000000000000e+02 1.063100000000000000e+04
-6.834257602691650391e+00 -6.821372509002685547e+00 1.179702673107385635e-02 8.300000000000000000e+01 3.843052000000000000e+07 7.630000000000000000e+02 3.100000000000000000e+01 1.290000000000000000e+02 9.656000000000000000e+03
-7.704150199890136719e+00 -7.595831871032714844e+00 1.321789901703596115e-02 1.230000000000000000e+02 3.852784800000000000e+07 1.428000000000000000e+03 3.100000000000000000e+01 1.180000000000000000e+02 1.081900000000000000e+04
-7.330808639526367188e+00 -7.139565467834472656e+00 1.250196620821952820e-02 2.130000000000000000e+02 3.862512000000000000e+07 2.220000000000000000e+03 3.100000000000000000e+01 1.140000000000000000e+02 1.023300000000000000e+04
-7.416996955871582031e+00 -7.135354042053222656e+00 1.257404778152704239e-02 1.550000000000000000e+02 3.872212800000000000e+07 1.635000000000000000e+03 3.100000000000000000e+01 8.000000000000000000e+01 1.029200000000000000e+04
-7.662884712219238281e+00 -7.281900405883789062e+00 1.291490998119115829e-02 1.720000000000000000e+02 3.882027200000000000e+07 1.913000000000000000e+03 3.100000000000000000e+01 8.700000000000000000e+01 1.057100000000000000e+04
-7.595139026641845703e+00 -7.129348278045654297e+00 1.272676419466733932e-02 1.140000000000000000e+02 3.891792000000000000e+07 1.226000000000000000e+03 3.100000000000000000e+01 1.120000000000000000e+02 1.041700000000000000e+04
-7.712069988250732422e+00 -7.150601863861083984e+00 1.284893602132797241e-02 6.500000000000000000e+01 3.901588800000000000e+07 7.090000000000000000e+02 3.100000000000000000e+01 1.020000000000000000e+02 1.051700000000000000e+04
-7.702703475952148438e+00 -7.054518699645996094e+00 1.276097260415554047e-02 1.260000000000000000e+02 3.911403200000000000e+07 1.365000000000000000e+03 3.100000000000000000e+01 1.000000000000000000e+02 1.044500000000000000e+04
-7.739170074462890625e+00 -7.001085281372070312e+00 1.274997740983963013e-02 1.850000000000000000e+02 3.921198000000000000e+07 1.996000000000000000e+03 3.100000000000000000e+01 8.600000000000000000e+01 1.043600000000000000e+04
-7.522483348846435547e+00 -6.721595287322998047e+00 1.232481468468904495e-02 1.380000000000000000e+02 3.931007200000000000e+07 1.396000000000000000e+03 3.100000000000000000e+01 9.400000000000000000e+01 1.008800000000000000e+04
-7.816253662109375000e+00 -6.898307323455810547e+00 1.273653749376535416e-02 4.800000000000000000e+01 3.940744000000000000e+07 5.150000000000000000e+02 3.100000000000000000e+01 7.600000000000000000e+01 1.042500000000000000e+04
-7.823759078979492188e+00 -6.819991588592529297e+00 1.268033869564533234e-02 5.900000000000000000e+01 3.950440000000000000e+07 6.280000000000000000e+02 3.100000000000000000e+01 8.500000000000000000e+01 1.037900000000000000e+04
-7.603251457214355469e+00 -6.546107769012451172e+00 1.225761976093053818e-02 1.320000000000000000e+02 3.960316000000000000e+07 1.318000000000000000e+03 3.100000000000000000e+01 1.190000000000000000e+02 1.003300000000000000e+04
-7.794113636016845703e+00 -6.627594947814941406e+00 1.249952241778373718e-02 1.170000000000000000e+02 3.969956800000000000e+07 1.216000000000000000e+03 3.100000000000000000e+01 9.300000000000000000e+01 1.023100000000000000e+04
-7.732018470764160156e+00 -6.493469715118408203e+00 1.233580987900495529e-02 1.580000000000000000e+02 3.979800800000000000e+07 1.600000000000000000e+03 3.100000000000000000e+01 1.230000000000000000e+02 1.009700000000000000e+04
-7.984925270080566406e+00 -6.622741222381591797e+00 1.267422921955585480e-02 1.020000000000000000e+02 3.989734000000000000e+07 1.092000000000000000e+03 3.100000000000000000e+01 6.500000000000000000e+01 1.037400000000000000e+04
-7.748459339141845703e+00 -6.346770286560058594e+00 1.223685033619403839e-02 1.860000000000000000e+02 3.999548000000000000e+07 1.860000000000000000e+03 3.100000000000000000e+01 7.000000000000000000e+01 1.001600000000000000e+04
-8.074924468994140625e+00 -6.531801700592041016e+00 1.268889009952545166e-02 7.200000000000000000e+01 4.009439200000000000e+07 7.670000000000000000e+02 3.100000000000000000e+01 9.800000000000000000e+01 1.038600000000000000e+04
-8.121101379394531250e+00 -6.487124919891357422e+00 1.269866339862346649e-02 4.400000000000000000e+01 4.019232800000000000e+07 4.680000000000000000e+02 3.100000000000000000e+01 8.300000000000000000e+01 1.039400000000000000e+04
-8.134057998657226562e+00 -6.416116237640380859e+00 1.265712548047304153e-02 8.600000000000000000e+01 4.028924000000000000e+07 9.150000000000000000e+02 3.100000000000000000e+01 8.500000000000000000e+01 1.036000000000000000e+04
-8.086492538452148438e+00 -6.298492431640625000e+00 1.252273563295602798e-02 3.700000000000000000e+01 4.038784800000000000e+07 3.810000000000000000e+02 3.100000000000000000e+01 8.400000000000000000e+01 1.025000000000000000e+04
-8.247058868408203125e+00 -6.342639446258544922e+00 1.271088141947984695e-02 5.600000000000000000e+01 4.048547200000000000e+07 5.980000000000000000e+02 3.100000000000000000e+01 8.300000000000000000e+01 1.040400000000000000e+04
-8.262726783752441406e+00 -6.274379253387451172e+00 1.267545204609632492e-02 6.400000000000000000e+01 4.058372000000000000e+07 6.810000000000000000e+02 3.100000000000000000e+01 8.000000000000000000e+01 1.037500000000000000e+04
-8.293868064880371094e+00 -6.218163013458251953e+00 1.266445498913526535e-02 7.300000000000000000e+01 4.068200800000000000e+07 7.770000000000000000e+02 3.100000000000000000e+01 7.900000000000000000e+01 1.036600000000000000e+04
-8.204870223999023438e+00 -6.073154926300048828e+00 1.247142162173986435e-02 1.140000000000000000e+02 4.077903200000000000e+07 1.181000000000000000e+03 3.100000000000000000e+01 7.700000000000000000e+01 1.020800000000000000e+04
-8.255706787109375000e+00 -6.032726764678955078e+00 1.249219104647636414e-02 1.350000000000000000e+02 4.087814000000000000e+07 1.403000000000000000e+03 3.100000000000000000e+01 9.000000000000000000e+01 1.022500000000000000e+04
-8.340416908264160156e+00 -6.016473770141601562e+00 1.256427355110645294e-02 8.800000000000000000e+01 4.097623200000000000e+07 9.220000000000000000e+02 3.100000000000000000e+01 9.000000000000000000e+01 1.028400000000000000e+04
-8.329930305480957031e+00 -5.931542396545410156e+00 1.249341387301683426e-02 7.000000000000000000e+01 4.107371200000000000e+07 7.240000000000000000e+02 3.100000000000000000e+01 8.400000000000000000e+01 1.022600000000000000e+04
-8.248358726501464844e+00 -5.797513961791992188e+00 1.231748424470424652e-02 7.900000000000000000e+01 4.117202000000000000e+07 7.950000000000000000e+02 3.100000000000000000e+01 9.400000000000000000e+01 1.008200000000000000e+04
-8.431671142578125000e+00 -5.849394321441650391e+00 1.253739558160305023e-02 1.130000000000000000e+02 4.127020800000000000e+07 1.183000000000000000e+03 3.100000000000000000e+01 8.000000000000000000e+01 1.026200000000000000e+04
-8.178610801696777344e+00 -5.599815368652343750e+00 1.210978999733924866e-02 6.600000000000000000e+01 4.136764000000000000e+07 6.390000000000000000e+02 3.100000000000000000e+01 1.130000000000000000e+02 9.912000000000000000e+03
-8.242646217346191406e+00 -5.569682598114013672e+00 1.215377263724803925e-02 7.800000000000000000e+01 4.146634000000000000e+07 7.650000000000000000e+02 3.100000000000000000e+01 7.700000000000000000e+01 9.948000000000000000e+03
-8.428087234497070312e+00 -5.619972229003906250e+00 1.237612683326005936e-02 5.500000000000000000e+01 4.156479200000000000e+07 5.570000000000000000e+02 3.100000000000000000e+01 8.200000000000000000e+01 1.013000000000000000e+04
-8.337105751037597656e+00 -5.485702514648437500e+00 1.219286769628524780e-02 5.100000000000000000e+01 4.166354000000000000e+07 5.010000000000000000e+02 3.100000000000000000e+01 7.700000000000000000e+01 9.980000000000000000e+03
-8.337898254394531250e+00 -5.413207054138183594e+00 1.214522123336791992e-02 5.400000000000000000e+01 4.176035200000000000e+07 5.280000000000000000e+02 3.100000000000000000e+01 6.100000000000000000e+01 9.941000000000000000e+03
-8.388638496398925781e+00 -5.373271942138671875e+00 1.217087730765342712e-02 4.500000000000000000e+01 4.185788000000000000e+07 4.400000000000000000e+02 3.100000000000000000e+01 7.400000000000000000e+01 9.962000000000000000e+03
-8.454419136047363281e+00 -5.342532634735107422e+00 1.221852377057075500e-02 7.300000000000000000e+01 4.195454000000000000e+07 7.240000000000000000e+02 3.100000000000000000e+01 7.700000000000000000e+01 1.000100000000000000e+04
-8.236698150634765625e+00 -5.134500503540039062e+00 1.185811311006546021e-02 5.600000000000000000e+01 4.205283200000000000e+07 5.210000000000000000e+02 3.100000000000000000e+01 7.700000000000000000e+01 9.706000000000000000e+03
-8.588343620300292969e+00 -5.280808448791503906e+00 1.231748424470424652e-02 5.300000000000000000e+01 4.215210000000000000e+07 5.330000000000000000e+02 3.100000000000000000e+01 7.000000000000000000e+01 1.008200000000000000e+04
-8.640250205993652344e+00 -5.239938259124755859e+00 1.234558410942554474e-02 4.700000000000000000e+01 4.224912800000000000e+07 4.740000000000000000e+02 3.100000000000000000e+01 7.100000000000000000e+01 1.010500000000000000e+04
-8.533209800720214844e+00 -5.103670597076416016e+00 1.214766409248113632e-02 6.200000000000000000e+01 4.234762000000000000e+07 6.080000000000000000e+02 3.100000000000000000e+01 6.300000000000000000e+01 9.943000000000000000e+03
-8.440330505371093750e+00 -4.978061199188232422e+00 1.197173446416854858e-02 6.000000000000000000e+01 4.244571200000000000e+07 5.710000000000000000e+02 3.100000000000000000e+01 6.400000000000000000e+01 9.799000000000000000e+03
-8.557160377502441406e+00 -4.976450920104980469e+00 1.209390722215175629e-02 5.300000000000000000e+01 4.254288800000000000e+07 5.140000000000000000e+02 3.100000000000000000e+01 6.300000000000000000e+01 9.899000000000000000e+03
-8.676889419555664062e+00 -4.975084781646728516e+00 1.221974659711122513e-02 6.300000000000000000e+01 4.264076800000000000e+07 6.240000000000000000e+02 3.100000000000000000e+01 6.800000000000000000e+01 1.000200000000000000e+04
-8.614103317260742188e+00 -4.869098186492919922e+00 1.208902057260274887e-02 3.800000000000000000e+01 4.273846000000000000e+07 3.670000000000000000e+02 3.100000000000000000e+01 5.900000000000000000e+01 9.895000000000000000e+03
-8.517150878906250000e+00 -4.745575904846191406e+00 1.191186904907226562e-02 5.700000000000000000e+01 4.283598000000000000e+07 5.280000000000000000e+02 3.100000000000000000e+01 5.500000000000000000e+01 9.750000000000000000e+03
-8.632885932922363281e+00 -4.740881443023681641e+00 1.203282177448272705e-02 4.800000000000000000e+01 4.293320800000000000e+07 4.520000000000000000e+02 3.100000000000000000e+01 5.200000000000000000e+01 9.849000000000000000e+03
-8.745361328125000000e+00 -4.733038425445556641e+00 1.214888505637645721e-02 4.800000000000000000e+01 4.303103200000000000e+07 4.600000000000000000e+02 3.100000000000000000e+01 5.300000000000000000e+01 9.944000000000000000e+03
-8.599529266357421875e+00 -4.586117267608642578e+00 1.190698239952325821e-02 4.800000000000000000e+01 4.312784000000000000e+07 4.490000000000000000e+02 3.100000000000000000e+01 8.400000000000000000e+01 9.746000000000000000e+03
-8.773571014404296875e+00 -4.610013484954833984e+00 1.210856810212135315e-02 4.500000000000000000e+01 4.322592800000000000e+07 4.360000000000000000e+02 3.100000000000000000e+01 7.200000000000000000e+01 9.911000000000000000e+03
-8.808797836303710938e+00 -4.559770584106445312e+00 1.211834233254194260e-02 5.900000000000000000e+01 4.332388000000000000e+07 5.750000000000000000e+02 3.100000000000000000e+01 6.800000000000000000e+01 9.919000000000000000e+03
-8.841064453125000000e+00 -4.507906436920166016e+00 1.212445087730884552e-02 4.200000000000000000e+01 4.342259200000000000e+07 4.080000000000000000e+02 3.100000000000000000e+01 6.300000000000000000e+01 9.924000000000000000e+03
-8.562036514282226562e+00 -4.299645900726318359e+00 1.170539762824773788e-02 5.600000000000000000e+01 4.351954000000000000e+07 5.090000000000000000e+02 3.100000000000000000e+01 6.100000000000000000e+01 9.581000000000000000e+03
-8.583775520324707031e+00 -4.244812965393066406e+00 1.169928815215826035e-02 1.060000000000000000e+02 4.361804800000000000e+07 9.660000000000000000e+02 3.100000000000000000e+01 7.900000000000000000e+01 9.576000000000000000e+03
-8.663605690002441406e+00 -4.218330383300781250e+00 1.177259255200624466e-02 4.800000000000000000e+01 4.371628800000000000e+07 4.410000000000000000e+02 3.100000000000000000e+01 5.900000000000000000e+01 9.636000000000000000e+03
-8.723592758178710938e+00 -4.181517124176025391e+00 1.181901898235082626e-02 5.000000000000000000e+01 4.381459200000000000e+07 4.630000000000000000e+02 3.100000000000000000e+01 5.800000000000000000e+01 9.674000000000000000e+03
-8.846759796142578125e+00 -4.173995494842529297e+00 1.195096503943204880e-02 5.200000000000000000e+01 4.391144800000000000e+07 4.920000000000000000e+02 3.100000000000000000e+01 6.400000000000000000e+01 9.782000000000000000e+03
-8.902134895324707031e+00 -4.133532047271728516e+00 1.199128199368715286e-02 7.300000000000000000e+01 4.400939200000000000e+07 6.980000000000000000e+02 3.100000000000000000e+01 6.600000000000000000e+01 9.815000000000000000e+03
-8.901863098144531250e+00 -4.067195415496826172e+00 1.195707358419895172e-02 3.100000000000000000e+01 4.410706000000000000e+07 2.910000000000000000e+02 3.100000000000000000e+01 7.000000000000000000e+01 9.787000000000000000e+03
-8.881958961486816406e+00 -3.992409229278564453e+00 1.189720910042524338e-02 4.100000000000000000e+01 4.420648800000000000e+07 3.840000000000000000e+02 3.100000000000000000e+01 6.300000000000000000e+01 9.738000000000000000e+03
-8.928237915039062500e+00 -3.947540044784545898e+00 1.192652992904186249e-02 5.500000000000000000e+01 4.430324800000000000e+07 5.190000000000000000e+02 3.100000000000000000e+01 6.700000000000000000e+01 9.762000000000000000e+03
-8.879844665527343750e+00 -3.861181497573852539e+00 1.183001417666673660e-02 8.000000000000000000e+01 4.440056800000000000e+07 7.430000000000000000e+02 3.100000000000000000e+01 8.400000000000000000e+01 9.683000000000000000e+03
-9.020143508911132812e+00 -3.856549739837646484e+00 1.198517344892024994e-02 7.700000000000000000e+01 4.449866000000000000e+07 7.340000000000000000e+02 3.100000000000000000e+01 8.000000000000000000e+01 9.810000000000000000e+03
-8.558728218078613281e+00 -3.597318649291992188e+00 1.134254317730665207e-02 1.990000000000000000e+02 4.459624000000000000e+07 1.707000000000000000e+03 3.100000000000000000e+01 1.050000000000000000e+02 9.284000000000000000e+03
-8.223883628845214844e+00 -3.397356510162353516e+00 1.087095588445663452e-02 7.500000000000000000e+01 4.469408000000000000e+07 5.870000000000000000e+02 3.100000000000000000e+01 1.000000000000000000e+02 8.898000000000000000e+03
-8.258472442626953125e+00 -3.352473735809326172e+00 1.088928151875734329e-02 6.700000000000000000e+01 4.479108800000000000e+07 5.260000000000000000e+02 3.100000000000000000e+01 8.600000000000000000e+01 8.913000000000000000e+03
-8.845490455627441406e+00 -3.527706623077392578e+00 1.163453701883554459e-02 3.600000000000000000e+01 4.488888000000000000e+07 3.140000000000000000e+02 3.100000000000000000e+01 4.700000000000000000e+01 9.523000000000000000e+03
-8.873486518859863281e+00 -3.475918292999267578e+00 1.164308935403823853e-02 4.400000000000000000e+01 4.498768800000000000e+07 3.950000000000000000e+02 3.100000000000000000e+01 6.400000000000000000e+01 9.530000000000000000e+03
-8.907713890075683594e+00 -3.426432371139526367e+00 1.166019309312105179e-02 5.200000000000000000e+01 4.508415200000000000e+07 4.600000000000000000e+02 3.100000000000000000e+01 5.700000000000000000e+01 9.544000000000000000e+03
-8.608624458312988281e+00 -3.250889062881469727e+00 1.124236173927783966e-02 5.000000000000000000e+01 4.518152800000000000e+07 4.170000000000000000e+02 3.100000000000000000e+01 8.000000000000000000e+01 9.202000000000000000e+03
-8.614343643188476562e+00 -3.192793369293212891e+00 1.122403517365455627e-02 6.100000000000000000e+01 4.528063200000000000e+07 5.100000000000000000e+02 3.100000000000000000e+01 7.000000000000000000e+01 9.187000000000000000e+03
-8.600879669189453125e+00 -3.127914667129516602e+00 1.118127536028623581e-02 6.700000000000000000e+01 4.537724000000000000e+07 5.570000000000000000e+02 3.100000000000000000e+01 6.100000000000000000e+01 9.152000000000000000e+03
-8.635922431945800781e+00 -3.080793857574462891e+00 1.120204478502273560e-02 6.100000000000000000e+01 4.547507200000000000e+07 5.070000000000000000e+02 3.100000000000000000e+01 7.500000000000000000e+01 9.169000000000000000e+03
-8.673541069030761719e+00 -3.034350872039794922e+00 1.122647896409034729e-02 7.400000000000000000e+01 4.557271200000000000e+07 6.120000000000000000e+02 3.100000000000000000e+01 5.400000000000000000e+01 9.189000000000000000e+03
-8.690104484558105469e+00 -2.980425119400024414e+00 1.122403517365455627e-02 4.400000000000000000e+01 4.567172000000000000e+07 3.660000000000000000e+02 3.100000000000000000e+01 6.700000000000000000e+01 9.187000000000000000e+03
-8.698749542236328125e+00 -2.923861503601074219e+00 1.121181808412075043e-02 5.200000000000000000e+01 4.576838000000000000e+07 4.320000000000000000e+02 3.100000000000000000e+01 8.100000000000000000e+01 9.177000000000000000e+03
-8.433479309082031250e+00 -2.777221918106079102e+00 1.084774266928434372e-02 6.500000000000000000e+01 4.586564800000000000e+07 5.080000000000000000e+02 3.100000000000000000e+01 6.000000000000000000e+01 8.879000000000000000e+03
-8.468443870544433594e+00 -2.731254816055297852e+00 1.087095588445663452e-02 1.020000000000000000e+02 4.596435200000000000e+07 8.020000000000000000e+02 3.100000000000000000e+01 8.000000000000000000e+01 8.898000000000000000e+03
-8.480275154113769531e+00 -2.677736520767211914e+00 1.086484733968973160e-02 1.020000000000000000e+02 4.606219200000000000e+07 8.010000000000000000e+02 3.100000000000000000e+01 7.800000000000000000e+01 8.893000000000000000e+03
-8.147817611694335938e+00 -2.517886161804199219e+00 1.041891612112522125e-02 1.040000000000000000e+02 4.616038000000000000e+07 7.510000000000000000e+02 3.100000000000000000e+01 8.000000000000000000e+01 8.528000000000000000e+03
-8.473250389099121094e+00 -2.561604261398315430e+00 1.081475615501403809e-02 5.400000000000000000e+01 4.625914000000000000e+07 4.190000000000000000e+02 3.100000000000000000e+01 6.600000000000000000e+01 8.852000000000000000e+03
-8.439901351928710938e+00 -2.495106458663940430e+00 1.075244788080453873e-02 4.000000000000000000e+01 4.635636000000000000e+07 3.060000000000000000e+02 3.100000000000000000e+01 6.100000000000000000e+01 8.801000000000000000e+03
-8.541514396667480469e+00 -2.468258619308471680e+00 1.086240354925394058e-02 3.200000000000000000e+01 4.645507200000000000e+07 2.410000000000000000e+02 3.100000000000000000e+01 5.600000000000000000e+01 8.891000000000000000e+03
-8.467960357666015625e+00 -2.390804767608642578e+00 1.075000502169132233e-02 3.500000000000000000e+01 4.655250000000000000e+07 2.600000000000000000e+02 3.100000000000000000e+01 4.900000000000000000e+01 8.799000000000000000e+03
-8.412096977233886719e+00 -2.319397687911987305e+00 1.066081877797842026e-02 5.300000000000000000e+01 4.665002000000000000e+07 3.990000000000000000e+02 3.100000000000000000e+01 6.700000000000000000e+01 8.726000000000000000e+03
-8.484107971191406250e+00 -2.283331155776977539e+00 1.073412131518125534e-02 4.500000000000000000e+01 4.674760000000000000e+07 3.360000000000000000e+02 3.100000000000000000e+01 5.500000000000000000e+01 8.786000000000000000e+03
-8.492155075073242188e+00 -2.229707002639770508e+00 1.072679180651903152e-02 4.100000000000000000e+01 4.684532000000000000e+07 3.110000000000000000e+02 3.100000000000000000e+01 7.400000000000000000e+01 8.780000000000000000e+03
-1.457529544830322266e+01 -3.175263643264770508e+00 1.588216274976730347e-01 8.400000000000000000e+01 4.694282000000000000e+07 1.853000000000000000e+03 3.000000000000000000e+01 8.500000000000000000e+01 1.491800000000000000e+04
-8.417519569396972656e+00 -2.154988765716552734e+00 1.061561331152915955e-02 5.400000000000000000e+01 4.694282000000000000e+07 3.960000000000000000e+02 3.100000000000000000e+01 5.600000000000000000e+01 8.689000000000000000e+03
-8.440286636352539062e+00 -2.105720043182373047e+00 1.062783133238554001e-02 5.200000000000000000e+01 4.704212800000000000e+07 3.890000000000000000e+02 3.100000000000000000e+01 6.300000000000000000e+01 8.699000000000000000e+03
-8.278137207031250000e+00 -2.011392593383789062e+00 1.040791906416416168e-02 6.000000000000000000e+01 4.713872800000000000e+07 4.320000000000000000e+02 3.100000000000000000e+01 6.300000000000000000e+01 8.519000000000000000e+03
-8.248477935791015625e+00 -1.950665116310119629e+00 1.035538595169782639e-02 5.600000000000000000e+01 4.723800800000000000e+07 3.920000000000000000e+02 3.100000000000000000e+01 5.500000000000000000e+01 8.476000000000000000e+03
-8.252494812011718750e+00 -1.898223280906677246e+00 1.034561172127723694e-02 5.200000000000000000e+01 4.733563200000000000e+07 3.680000000000000000e+02 3.100000000000000000e+01 7.300000000000000000e+01 8.468000000000000000e+03
-8.252275466918945312e+00 -1.844933032989501953e+00 1.033095084130764008e-02 5.700000000000000000e+01 4.743296000000000000e+07 4.040000000000000000e+02 3.100000000000000000e+01 6.000000000000000000e+01 8.456000000000000000e+03
-8.243896484375000000e+00 -1.790019631385803223e+00 1.030651666224002838e-02 4.800000000000000000e+01 4.753064000000000000e+07 3.380000000000000000e+02 3.100000000000000000e+01 6.100000000000000000e+01 8.436000000000000000e+03
-8.213626861572265625e+00 -1.730742216110229492e+00 1.025520358234643936e-02 5.500000000000000000e+01 4.762878000000000000e+07 3.830000000000000000e+02 3.100000000000000000e+01 6.600000000000000000e+01 8.394000000000000000e+03
-8.116318702697753906e+00 -1.658292055130004883e+00 1.012081280350685120e-02 6.200000000000000000e+01 4.772647200000000000e+07 4.210000000000000000e+02 3.100000000000000000e+01 7.700000000000000000e+01 8.284000000000000000e+03
-8.116531372070312500e+00 -1.606518387794494629e+00 1.010859571397304535e-02 5.200000000000000000e+01 4.782476000000000000e+07 3.520000000000000000e+02 3.100000000000000000e+01 6.800000000000000000e+01 8.274000000000000000e+03
-8.044717788696289062e+00 -1.541070222854614258e+00 1.000719144940376282e-02 4.200000000000000000e+01 4.792270000000000000e+07 2.780000000000000000e+02 3.100000000000000000e+01 6.900000000000000000e+01 8.191000000000000000e+03
-8.155300140380859375e+00 -1.510437369346618652e+00 1.013303082436323166e-02 6.900000000000000000e+01 4.802090000000000000e+07 4.710000000000000000e+02 3.100000000000000000e+01 6.100000000000000000e+01 8.294000000000000000e+03
-8.225444793701171875e+00 -1.471285581588745117e+00 1.020877715200185776e-02 5.000000000000000000e+01 4.811894000000000000e+07 3.450000000000000000e+02 3.100000000000000000e+01 6.400000000000000000e+01 8.356000000000000000e+03
-1.469872856140136719e+01 -1.992489337921142578e+00 1.579273343086242676e-01 7.600000000000000000e+01 4.821636000000000000e+07 1.648000000000000000e+03 3.000000000000000000e+01 1.300000000000000000e+02 1.483400000000000000e+04
-8.248115539550781250e+00 -1.423168063163757324e+00 1.022588275372982025e-02 4.400000000000000000e+01 4.821636000000000000e+07 2.990000000000000000e+02 3.100000000000000000e+01 4.500000000000000000e+01 8.370000000000000000e+03
-8.265570640563964844e+00 -1.374007582664489746e+00 1.023687794804573059e-02 3.300000000000000000e+01 4.831367200000000000e+07 2.220000000000000000e+02 3.100000000000000000e+01 4.200000000000000000e+01 8.379000000000000000e+03
-8.270882606506347656e+00 -1.322791337966918945e+00 1.023321226239204407e-02 4.800000000000000000e+01 4.841238000000000000e+07 3.270000000000000000e+02 3.100000000000000000e+01 5.100000000000000000e+01 8.376000000000000000e+03
-8.202736854553222656e+00 -1.260323762893676758e+00 1.013913936913013458e-02 6.000000000000000000e+01 4.850874000000000000e+07 4.090000000000000000e+02 3.100000000000000000e+01 6.300000000000000000e+01 8.299000000000000000e+03
-8.195475578308105469e+00 -1.207781910896301270e+00 1.012081280350685120e-02 4.700000000000000000e+01 4.860688000000000000e+07 3.190000000000000000e+02 3.100000000000000000e+01 6.200000000000000000e+01 8.284000000000000000e+03
-8.070047378540039062e+00 -1.138749718666076660e+00 9.957101196050643921e-03 3.300000000000000000e+01 4.870532000000000000e+07 2.090000000000000000e+02 3.100000000000000000e+01 5.600000000000000000e+01 8.150000000000000000e+03
-8.099676132202148438e+00 -1.092285275459289551e+00 9.985201060771942139e-03 3.200000000000000000e+01 4.880450000000000000e+07 2.050000000000000000e+02 3.100000000000000000e+01 4.100000000000000000e+01 8.173000000000000000e+03
-8.065560340881347656e+00 -1.037335872650146484e+00 9.935109876096248627e-03 3.800000000000000000e+01 4.890207200000000000e+07 2.420000000000000000e+02 3.100000000000000000e+01 4.900000000000000000e+01 8.132000000000000000e+03
-3.822973966598510742e+00 -5.119248107075691223e-02 1.134733930230140686e-01 9.900000000000000000e+01 4.899852800000000000e+07 1.430000000000000000e+02 2.800000000000000000e+01 3.500000000000000000e+01 3.825000000000000000e+03
-8.051921844482421875e+00 -9.853976368904113770e-01 9.910675697028636932e-03 2.900000000000000000e+01 4.899852800000000000e+07 1.820000000000000000e+02 3.100000000000000000e+01 4.800000000000000000e+01 8.112000000000000000e+03
-3.798227787017822266e+00 -2.755292132496833801e-02 1.127317324280738831e-01 1.250000000000000000e+02 4.909564000000000000e+07 1.790000000000000000e+02 2.800000000000000000e+01 2.600000000000000000e+01 3.800000000000000000e+03
-7.698234558105468750e+00 -8.942053318023681641e-01 9.468409232795238495e-03 2.900000000000000000e+01 4.909564000000000000e+07 1.710000000000000000e+02 3.100000000000000000e+01 7.000000000000000000e+01 7.750000000000000000e+03
-3.751346111297607422e+00 -4.194387700408697128e-03 1.113374233245849609e-01 1.690000000000000000e+02 4.919372800000000000e+07 2.350000000000000000e+02 2.800000000000000000e+01 2.500000000000000000e+01 3.753000000000000000e+03
-8.092234611511230469e+00 -8.896832466125488281e-01 9.946106001734733582e-03 5.700000000000000000e+01 4.919372800000000000e+07 3.680000000000000000e+02 3.100000000000000000e+01 5.200000000000000000e+01 8.141000000000000000e+03
-3.714317798614501953e+00 1.863794028759002686e-02 1.102397665381431580e-01 1.130000000000000000e+02 4.929071200000000000e+07 1.540000000000000000e+02 2.800000000000000000e+01 2.100000000000000000e+01 3.716000000000000000e+03
-1.390172672271728516e+01 -9.361467957496643066e-01 1.483456492424011230e-01 2.000000000000000000e+01 4.929071200000000000e+07 3.690000000000000000e+02 3.000000000000000000e+01 1.120000000000000000e+02 1.393400000000000000e+04
-8.084609985351562500e+00 -8.386720418930053711e-01 9.930223226547241211e-03 5.200000000000000000e+01 4.929071200000000000e+07 3.340000000000000000e+02 3.100000000000000000e+01 5.500000000000000000e+01 8.128000000000000000e+03
-8.030882835388183594e+00 -7.833223938941955566e-01 9.858140721917152405e-03 5.000000000000000000e+01 4.938890000000000000e+07 3.170000000000000000e+02 3.100000000000000000e+01 4.500000000000000000e+01 8.069000000000000000e+03
-3.805544614791870117e+00 -7.169979810714721680e-02 7.707057148218154907e-02 2.600000000000000000e+01 4.948586000000000000e+07 3.600000000000000000e+01 2.900000000000000000e+01 3.800000000000000000e+01 3.807000000000000000e+03
-8.010642051696777344e+00 -7.317568659782409668e-01 9.827597998082637787e-03 4.100000000000000000e+01 4.948586000000000000e+07 2.560000000000000000e+02 3.100000000000000000e+01 5.400000000000000000e+01 8.044000000000000000e+03
-3.799914598464965820e+00 -4.827186465263366699e-02 7.694910466670989990e-02 1.730000000000000000e+02 4.958452000000000000e+07 2.480000000000000000e+02 2.900000000000000000e+01 4.800000000000000000e+01 3.801000000000000000e+03
-7.697131633758544922e+00 -6.555212736129760742e-01 9.437866508960723877e-03 5.600000000000000000e+01 4.958452000000000000e+07 3.310000000000000000e+02 3.100000000000000000e+01 6.600000000000000000e+01 7.725000000000000000e+03
-3.789879322052001953e+00 -2.621071971952915192e-02 2.138828933238983154e-01 1.640000000000000000e+02 4.968280800000000000e+07 2.340000000000000000e+02 2.500000000000000000e+01 5.700000000000000000e+01 3.796000000000000000e+03
-3.780143737792968750e+00 -2.482380904257297516e-02 7.654421776533126831e-02 2.740000000000000000e+02 4.968280800000000000e+07 3.890000000000000000e+02 2.900000000000000000e+01 6.400000000000000000e+01 3.781000000000000000e+03
-7.697021007537841797e+00 -6.079652905464172363e-01 9.432978928089141846e-03 6.700000000000000000e+01 4.968280800000000000e+07 3.960000000000000000e+02 3.100000000000000000e+01 7.000000000000000000e+01 7.721000000000000000e+03
-3.768003702163696289e+00 -2.938832389190793037e-03 2.126433253288269043e-01 1.380000000000000000e+02 4.978054000000000000e+07 1.950000000000000000e+02 2.500000000000000000e+01 4.000000000000000000e+01 3.774000000000000000e+03
-3.777225494384765625e+00 -1.627524034120142460e-03 7.648348063230514526e-02 2.940000000000000000e+02 4.978054000000000000e+07 4.170000000000000000e+02 2.900000000000000000e+01 8.300000000000000000e+01 3.778000000000000000e+03
-7.667693614959716797e+00 -5.583292245864868164e-01 9.392661973834037781e-03 9.700000000000000000e+01 4.978054000000000000e+07 5.650000000000000000e+02 3.100000000000000000e+01 5.500000000000000000e+01 7.688000000000000000e+03
-3.759168386459350586e+00 2.144645713269710541e-02 7.611908763647079468e-02 2.120000000000000000e+02 4.987766000000000000e+07 2.970000000000000000e+02 2.900000000000000000e+01 7.800000000000000000e+01 3.760000000000000000e+03
-7.650022029876708984e+00 -5.098740458488464355e-01 9.367005899548530579e-03 5.900000000000000000e+01 4.987766000000000000e+07 3.440000000000000000e+02 3.100000000000000000e+01 6.200000000000000000e+01 7.667000000000000000e+03
-3.729974031448364258e+00 4.416856914758682251e-02 7.553199678659439087e-02 2.400000000000000000e+01 4.997494000000000000e+07 3.300000000000000000e+01 2.900000000000000000e+01 6.100000000000000000e+01 3.731000000000000000e+03
-7.732860088348388672e+00 -4.677551388740539551e-01 9.464743547141551971e-03 4.000000000000000000e+01 4.997494000000000000e+07 2.370000000000000000e+02 3.100000000000000000e+01 6.200000000000000000e+01 7.747000000000000000e+03
-3.839149951934814453e+00 -6.969369202852249146e-02 4.088182002305984497e-02 5.900000000000000000e+01 5.007303200000000000e+07 8.500000000000000000e+01 3.000000000000000000e+01 4.300000000000000000e+01 3.840000000000000000e+03
-7.798491954803466797e+00 -4.237163364887237549e-01 9.541712701320648193e-03 4.400000000000000000e+01 5.007303200000000000e+07 2.600000000000000000e+02 3.100000000000000000e+01 4.600000000000000000e+01 7.810000000000000000e+03
-3.763552188873291016e+00 -4.719403013586997986e-02 1.768402010202407837e-01 4.700000000000000000e+01 5.017095200000000000e+07 6.500000000000000000e+01 2.600000000000000000e+01 5.300000000000000000e+01 3.768000000000000000e+03
-3.805509805679321289e+00 -4.572730883955955505e-02 4.051984846591949463e-02 1.390000000000000000e+02 5.017095200000000000e+07 1.990000000000000000e+02 3.000000000000000000e+01 4.600000000000000000e+01 3.806000000000000000e+03
-7.851886272430419922e+00 -3.783121109008789062e-01 9.604021906852722168e-03 5.000000000000000000e+01 5.017095200000000000e+07 3.000000000000000000e+02 3.100000000000000000e+01 5.500000000000000000e+01 7.861000000000000000e+03
-3.768765449523925781e+00 -2.413240075111389160e-02 1.770748645067214966e-01 1.810000000000000000e+02 5.026864800000000000e+07 2.540000000000000000e+02 2.600000000000000000e+01 5.100000000000000000e+01 3.773000000000000000e+03
-3.789719820022583008e+00 -2.228221110999584198e-02 4.034950584173202515e-02 1.630000000000000000e+02 5.026864800000000000e+07 2.320000000000000000e+02 3.000000000000000000e+01 5.400000000000000000e+01 3.790000000000000000e+03
-7.774129867553710938e+00 -3.267670571804046631e-01 9.506282396614551544e-03 6.600000000000000000e+01 5.026864800000000000e+07 3.910000000000000000e+02 3.100000000000000000e+01 5.200000000000000000e+01 7.781000000000000000e+03
-3.842760801315307617e+00 -1.026991521939635277e-03 1.805478334426879883e-01 1.150000000000000000e+02 5.036766000000000000e+07 1.680000000000000000e+02 2.600000000000000000e+01 5.500000000000000000e+01 3.847000000000000000e+03
-3.774785995483398438e+00 9.676484041847288609e-04 4.018981009721755981e-02 1.690000000000000000e+02 5.036766000000000000e+07 2.400000000000000000e+02 3.000000000000000000e+01 8.200000000000000000e+01 3.775000000000000000e+03
-7.784983158111572266e+00 -2.793825268745422363e-01 9.517278522253036499e-03 5.400000000000000000e+01 5.036766000000000000e+07 3.250000000000000000e+02 3.100000000000000000e+01 5.900000000000000000e+01 7.790000000000000000e+03
-3.765709877014160156e+00 2.407175675034523010e-02 4.009399563074111938e-02 1.090000000000000000e+02 5.046528000000000000e+07 1.530000000000000000e+02 3.000000000000000000e+01 5.600000000000000000e+01 3.766000000000000000e+03
-7.591637134552001953e+00 -2.258118391036987305e-01 9.279040619730949402e-03 3.500000000000000000e+01 5.046528000000000000e+07 1.990000000000000000e+02 3.100000000000000000e+01 6.500000000000000000e+01 7.595000000000000000e+03
-3.716497898101806641e+00 4.656343534588813782e-02 3.957232832908630371e-02 1.400000000000000000e+01 5.056194000000000000e+07 1.900000000000000000e+01 3.000000000000000000e+01 6.900000000000000000e+01 3.717000000000000000e+03
-7.851807594299316406e+00 -1.853380501270294189e-01 9.595469571650028229e-03 2.600000000000000000e+01 5.056194000000000000e+07 1.510000000000000000e+02 3.100000000000000000e+01 5.400000000000000000e+01 7.854000000000000000e+03
-3.766422986984252930e+00 -6.578425318002700806e-02 4.602257627993822098e-03 1.120000000000000000e+02 5.065983200000000000e+07 1.570000000000000000e+02 3.100000000000000000e+01 2.800000000000000000e+01 3.767000000000000000e+03
-3.828042268753051758e+00 -4.470339417457580566e-02 1.437229365110397339e-01 2.010000000000000000e+02 5.075802000000000000e+07 2.930000000000000000e+02 2.700000000000000000e+01 6.000000000000000000e+01 3.831000000000000000e+03
-3.743757247924804688e+00 -4.241213575005531311e-02 4.574158228933811188e-03 1.400000000000000000e+02 5.075802000000000000e+07 1.940000000000000000e+02 3.100000000000000000e+01 3.900000000000000000e+01 3.744000000000000000e+03
-3.827245235443115234e+00 -2.120859175920486450e-02 1.436854153871536255e-01 2.560000000000000000e+02 5.085438000000000000e+07 3.750000000000000000e+02 2.700000000000000000e+01 6.400000000000000000e+01 3.830000000000000000e+03
-3.790946245193481445e+00 -1.968411356210708618e-02 4.631579387933015823e-03 1.850000000000000000e+02 5.085438000000000000e+07 2.640000000000000000e+02 3.100000000000000000e+01 5.000000000000000000e+01 3.791000000000000000e+03
-3.802320718765258789e+00 2.260490553453564644e-03 1.427475214004516602e-01 1.700000000000000000e+02 5.095231200000000000e+07 2.440000000000000000e+02 2.700000000000000000e+01 5.100000000000000000e+01 3.805000000000000000e+03
-3.766995668411254883e+00 3.554420080035924911e-03 4.602257627993822098e-03 1.530000000000000000e+02 5.095231200000000000e+07 2.150000000000000000e+02 3.100000000000000000e+01 5.200000000000000000e+01 3.767000000000000000e+03
-3.813901662826538086e+00 2.700093761086463928e-02 4.659679252654314041e-03 1.150000000000000000e+02 5.105044800000000000e+07 1.650000000000000000e+02 3.100000000000000000e+01 4.800000000000000000e+01 3.814000000000000000e+03
-3.819663763046264648e+00 5.048137903213500977e-02 4.667009692639112473e-03 2.000000000000000000e+01 5.114880800000000000e+07 2.800000000000000000e+01 3.100000000000000000e+01 6.500000000000000000e+01 3.820000000000000000e+03
-7.533584117889404297e+00 1.458031237125396729e-01 9.205737151205539703e-03 3.300000000000000000e+01 5.124576800000000000e+07 1.790000000000000000e+02 3.100000000000000000e+01 5.100000000000000000e+01 7.535000000000000000e+03
-7.439577579498291016e+00 1.896555274724960327e-01 9.092116728425025940e-03 5.400000000000000000e+01 5.134339200000000000e+07 2.960000000000000000e+02 3.100000000000000000e+01 6.600000000000000000e+01 7.442000000000000000e+03
-7.494245529174804688e+00 2.370709478855133057e-01 9.160532616078853607e-03 6.500000000000000000e+01 5.144220000000000000e+07 3.570000000000000000e+02 3.100000000000000000e+01 5.700000000000000000e+01 7.498000000000000000e+03
-7.394720554351806641e+00 2.793508172035217285e-01 9.040803648531436920e-03 4.300000000000000000e+01 5.153948000000000000e+07 2.280000000000000000e+02 3.100000000000000000e+01 5.100000000000000000e+01 7.400000000000000000e+03
-7.408851623535156250e+00 3.254207968711853027e-01 9.060351178050041199e-03 8.000000000000000000e+01 5.163732000000000000e+07 4.320000000000000000e+02 3.100000000000000000e+01 4.700000000000000000e+01 7.416000000000000000e+03
-7.254905700683593750e+00 3.632729947566986084e-01 8.874648250639438629e-03 4.400000000000000000e+01 5.173603200000000000e+07 2.240000000000000000e+02 3.100000000000000000e+01 5.600000000000000000e+01 7.264000000000000000e+03
-7.251541614532470703e+00 4.077253043651580811e-01 8.873427286744117737e-03 5.100000000000000000e+01 5.183328800000000000e+07 2.620000000000000000e+02 3.100000000000000000e+01 4.000000000000000000e+01 7.263000000000000000e+03
-7.173050880432128906e+00 4.474802911281585693e-01 8.780575357377529144e-03 5.000000000000000000e+01 5.193170000000000000e+07 2.550000000000000000e+02 3.100000000000000000e+01 6.400000000000000000e+01 7.187000000000000000e+03
-7.283903121948242188e+00 4.992807805538177490e-01 8.919851854443550110e-03 5.500000000000000000e+01 5.202927200000000000e+07 2.860000000000000000e+02 3.100000000000000000e+01 3.800000000000000000e+01 7.301000000000000000e+03
-7.204913616180419922e+00 5.383021831512451172e-01 8.827000856399536133e-03 4.100000000000000000e+01 5.212546000000000000e+07 2.070000000000000000e+02 3.100000000000000000e+01 5.000000000000000000e+01 7.225000000000000000e+03
-7.210445880889892578e+00 5.832261443138122559e-01 8.837996050715446472e-03 3.700000000000000000e+01 5.222402000000000000e+07 1.860000000000000000e+02 3.100000000000000000e+01 4.300000000000000000e+01 7.234000000000000000e+03
-7.119063377380371094e+00 6.198247671127319336e-01 8.730484172701835632e-03 4.400000000000000000e+01 5.232256000000000000e+07 2.180000000000000000e+02 3.100000000000000000e+01 4.500000000000000000e+01 7.146000000000000000e+03
-7.056381225585937500e+00 6.580168008804321289e-01 8.658402599394321442e-03 5.200000000000000000e+01 5.241964000000000000e+07 2.540000000000000000e+02 3.100000000000000000e+01 4.400000000000000000e+01 7.087000000000000000e+03
-7.050220489501953125e+00 7.011036276817321777e-01 8.655958808958530426e-03 3.200000000000000000e+01 5.251808000000000000e+07 1.540000000000000000e+02 3.100000000000000000e+01 4.000000000000000000e+01 7.085000000000000000e+03
-7.054736137390136719e+00 7.452952861785888672e-01 8.666954003274440765e-03 5.100000000000000000e+01 5.261474000000000000e+07 2.500000000000000000e+02 3.100000000000000000e+01 3.700000000000000000e+01 7.094000000000000000e+03
-7.066925048828125000e+00 7.904580831527709961e-01 8.687724359333515167e-03 5.300000000000000000e+01 5.271248000000000000e+07 2.610000000000000000e+02 3.100000000000000000e+01 4.500000000000000000e+01 7.111000000000000000e+03
-7.064920902252197266e+00 8.341567516326904297e-01 8.691389113664627075e-03 4.400000000000000000e+01 5.281082000000000000e+07 2.160000000000000000e+02 3.100000000000000000e+01 4.500000000000000000e+01 7.114000000000000000e+03
-7.141043663024902344e+00 8.876050710678100586e-01 8.791571483016014099e-03 4.100000000000000000e+01 5.290824800000000000e+07 2.050000000000000000e+02 3.100000000000000000e+01 4.800000000000000000e+01 7.196000000000000000e+03
-7.019447326660156250e+00 9.162612557411193848e-01 8.648628368973731995e-03 5.600000000000000000e+01 5.300639200000000000e+07 2.740000000000000000e+02 3.100000000000000000e+01 3.800000000000000000e+01 7.079000000000000000e+03
-6.942357063293457031e+00 9.495573639869689941e-01 8.560664020478725433e-03 4.800000000000000000e+01 5.310438000000000000e+07 2.290000000000000000e+02 3.100000000000000000e+01 4.500000000000000000e+01 7.007000000000000000e+03
-6.920560836791992188e+00 9.898715019226074219e-01 8.541115559637546539e-03 7.100000000000000000e+01 5.320252800000000000e+07 3.400000000000000000e+02 3.100000000000000000e+01 4.300000000000000000e+01 6.991000000000000000e+03
-6.880729675292968750e+00 1.027296066284179688e+00 8.499576710164546967e-03 5.400000000000000000e+01 5.329872000000000000e+07 2.550000000000000000e+02 3.100000000000000000e+01 4.200000000000000000e+01 6.957000000000000000e+03
-6.850582599639892578e+00 1.065806627273559570e+00 8.470255881547927856e-03 3.900000000000000000e+01 5.339636000000000000e+07 1.810000000000000000e+02 3.100000000000000000e+01 4.800000000000000000e+01 6.933000000000000000e+03
-6.860695362091064453e+00 1.110537290573120117e+00 8.491025306284427643e-03 4.900000000000000000e+01 5.349316800000000000e+07 2.300000000000000000e+02 3.100000000000000000e+01 5.100000000000000000e+01 6.950000000000000000e+03
-1.432954025268554688e+01 2.945667743682861328e+00 1.557554900646209717e-01 3.600000000000000000e+01 5.359188000000000000e+07 7.550000000000000000e+02 3.000000000000000000e+01 8.600000000000000000e+01 1.463000000000000000e+04
-6.870516777038574219e+00 1.155432224273681641e+00 8.511794731020927429e-03 4.600000000000000000e+01 5.359188000000000000e+07 2.170000000000000000e+02 3.100000000000000000e+01 3.700000000000000000e+01 6.967000000000000000e+03
-6.796309471130371094e+00 1.185878515243530273e+00 8.428717032074928284e-03 3.500000000000000000e+01 5.368832000000000000e+07 1.600000000000000000e+02 3.100000000000000000e+01 3.300000000000000000e+01 6.899000000000000000e+03
-6.823347091674804688e+00 1.233785271644592285e+00 8.471477776765823364e-03 4.800000000000000000e+01 5.378683200000000000e+07 2.250000000000000000e+02 3.100000000000000000e+01 3.100000000000000000e+01 6.934000000000000000e+03
-1.396850776672363281e+01 3.140494823455810547e+00 1.524338424205780029e-01 1.400000000000000000e+01 5.388492000000000000e+07 2.750000000000000000e+02 3.000000000000000000e+01 6.800000000000000000e+01 1.431800000000000000e+04
-6.776330947875976562e+00 1.268270611763000488e+00 8.422608487308025360e-03 4.600000000000000000e+01 5.388492000000000000e+07 2.120000000000000000e+02 3.100000000000000000e+01 4.700000000000000000e+01 6.894000000000000000e+03
-6.747803688049316406e+00 1.305835604667663574e+00 8.396951481699943542e-03 6.700000000000000000e+01 5.398300800000000000e+07 3.140000000000000000e+02 3.100000000000000000e+01 6.400000000000000000e+01 6.873000000000000000e+03
-6.731819629669189453e+00 1.345646619796752930e+00 8.387178182601928711e-03 6.100000000000000000e+01 5.408135200000000000e+07 2.810000000000000000e+02 3.100000000000000000e+01 3.700000000000000000e+01 6.865000000000000000e+03
-6.674467563629150391e+00 1.376825571060180664e+00 8.326091803610324860e-03 3.000000000000000000e+01 5.418031200000000000e+07 1.330000000000000000e+02 3.100000000000000000e+01 5.300000000000000000e+01 6.815000000000000000e+03
-6.710887432098388672e+00 1.427322983741760254e+00 8.382291533052921295e-03 4.600000000000000000e+01 5.427806000000000000e+07 2.100000000000000000e+02 3.100000000000000000e+01 3.800000000000000000e+01 6.861000000000000000e+03
-6.713724613189697266e+00 1.471041679382324219e+00 8.396951481699943542e-03 5.500000000000000000e+01 5.437558000000000000e+07 2.540000000000000000e+02 3.100000000000000000e+01 3.100000000000000000e+01 6.873000000000000000e+03
-6.747493743896484375e+00 1.521889567375183105e+00 8.450708352029323578e-03 5.200000000000000000e+01 5.447367200000000000e+07 2.420000000000000000e+02 3.100000000000000000e+01 4.500000000000000000e+01 6.917000000000000000e+03
-6.884147644042968750e+00 1.597163319587707520e+00 8.633967489004135132e-03 4.900000000000000000e+01 5.457068000000000000e+07 2.380000000000000000e+02 3.100000000000000000e+01 4.400000000000000000e+01 7.067000000000000000e+03
-6.632010459899902344e+00 1.581611514091491699e+00 8.329756557941436768e-03 6.800000000000000000e+01 5.466968800000000000e+07 3.100000000000000000e+02 3.100000000000000000e+01 3.800000000000000000e+01 6.818000000000000000e+03
-6.755246639251708984e+00 1.654872775077819824e+00 8.497133851051330566e-03 4.700000000000000000e+01 5.476635200000000000e+07 2.210000000000000000e+02 3.100000000000000000e+01 4.700000000000000000e+01 6.955000000000000000e+03
-6.757572650909423828e+00 1.699461698532104492e+00 8.513016626238822937e-03 6.200000000000000000e+01 5.486332000000000000e+07 2.940000000000000000e+02 3.100000000000000000e+01 5.400000000000000000e+01 6.968000000000000000e+03
-6.796400547027587891e+00 1.753635287284851074e+00 8.575324900448322296e-03 4.300000000000000000e+01 5.496238000000000000e+07 2.090000000000000000e+02 3.100000000000000000e+01 6.300000000000000000e+01 7.019000000000000000e+03
-6.762310504913330078e+00 1.789165496826171875e+00 8.546003140509128571e-03 5.000000000000000000e+01 5.505976000000000000e+07 2.370000000000000000e+02 3.100000000000000000e+01 5.700000000000000000e+01 6.995000000000000000e+03
-6.887290477752685547e+00 1.867524981498718262e+00 8.718267083168029785e-03 3.000000000000000000e+01 5.515708000000000000e+07 1.460000000000000000e+02 3.100000000000000000e+01 3.300000000000000000e+01 7.136000000000000000e+03
-6.863176345825195312e+00 1.906270265579223633e+00 8.702384307980537415e-03 6.900000000000000000e+01 5.525619200000000000e+07 3.470000000000000000e+02 3.100000000000000000e+01 6.000000000000000000e+01 7.123000000000000000e+03
-1.473091411590576172e+01 4.770557880401611328e+00 1.648580729961395264e-01 3.600000000000000000e+01 5.535362000000000000e+07 8.490000000000000000e+02 3.000000000000000000e+01 6.700000000000000000e+01 1.548500000000000000e+04
-6.794600486755371094e+00 1.932207942008972168e+00 8.630301803350448608e-03 1.640000000000000000e+02 5.535362000000000000e+07 8.140000000000000000e+02 3.100000000000000000e+01 9.400000000000000000e+01 7.064000000000000000e+03
-6.848868370056152344e+00 1.993142843246459961e+00 8.714601397514343262e-03 6.100000000000000000e+01 5.545156000000000000e+07 3.080000000000000000e+02 3.100000000000000000e+01 6.100000000000000000e+01 7.133000000000000000e+03
-1.465705108642578125e+01 4.946173667907714844e+00 1.646983772516250610e-01 1.800000000000000000e+01 5.555032000000000000e+07 4.180000000000000000e+02 3.000000000000000000e+01 6.200000000000000000e+01 1.547000000000000000e+04
-7.036822795867919922e+00 2.094759464263916016e+00 8.969943970441818237e-03 4.200000000000000000e+01 5.555032000000000000e+07 2.190000000000000000e+02 3.100000000000000000e+01 4.900000000000000000e+01 7.342000000000000000e+03
-6.821980476379394531e+00 2.076456546783447266e+00 8.712158538401126862e-03 8.300000000000000000e+01 5.564676000000000000e+07 4.190000000000000000e+02 3.100000000000000000e+01 6.900000000000000000e+01 7.131000000000000000e+03
-6.679250240325927734e+00 2.077877283096313477e+00 8.546003140509128571e-03 1.230000000000000000e+02 5.574388800000000000e+07 5.950000000000000000e+02 3.100000000000000000e+01 4.100000000000000000e+01 6.995000000000000000e+03
-6.831247329711914062e+00 2.171223878860473633e+00 8.757362142205238342e-03 6.100000000000000000e+01 5.584218000000000000e+07 3.060000000000000000e+02 3.100000000000000000e+01 5.300000000000000000e+01 7.168000000000000000e+03
-6.734095573425292969e+00 2.185929059982299805e+00 8.649850264191627502e-03 5.300000000000000000e+01 5.594007200000000000e+07 2.580000000000000000e+02 3.100000000000000000e+01 5.400000000000000000e+01 7.080000000000000000e+03
-1.460433483123779297e+01 5.432845115661621094e+00 1.659014225006103516e-01 2.200000000000000000e+01 5.603698000000000000e+07 5.210000000000000000e+02 3.000000000000000000e+01 6.300000000000000000e+01 1.558300000000000000e+04
-6.822124004364013672e+00 2.260867118835449219e+00 8.780575357377529144e-03 4.800000000000000000e+01 5.603698000000000000e+07 2.410000000000000000e+02 3.100000000000000000e+01 4.900000000000000000e+01 7.187000000000000000e+03
-1.448470115661621094e+01 5.489749908447265625e+00 1.649219542741775513e-01 5.800000000000000000e+01 5.613296800000000000e+07 1.375000000000000000e+03 3.000000000000000000e+01 8.100000000000000000e+01 1.549100000000000000e+04
-7.026945590972900391e+00 2.376695871353149414e+00 9.062794968485832214e-03 5.000000000000000000e+01 5.613296800000000000e+07 2.680000000000000000e+02 3.100000000000000000e+01 4.400000000000000000e+01 7.418000000000000000e+03
-1.492369747161865234e+01 5.761100769042968750e+00 1.703196316957473755e-01 2.500000000000000000e+01 5.623143200000000000e+07 6.210000000000000000e+02 3.000000000000000000e+01 8.400000000000000000e+01 1.599800000000000000e+04
-7.040589332580566406e+00 2.429553747177124023e+00 9.099447168409824371e-03 5.100000000000000000e+01 5.623143200000000000e+07 2.760000000000000000e+02 3.100000000000000000e+01 3.700000000000000000e+01 7.448000000000000000e+03
-6.974612236022949219e+00 2.454780578613281250e+00 9.033473208546638489e-03 4.000000000000000000e+01 5.632942000000000000e+07 2.160000000000000000e+02 3.100000000000000000e+01 6.100000000000000000e+01 7.394000000000000000e+03
-1.474232959747314453e+01 5.899962425231933594e+00 1.690633744001388550e-01 4.700000000000000000e+01 5.642684800000000000e+07 1.168000000000000000e+03 3.000000000000000000e+01 8.000000000000000000e+01 1.588000000000000000e+04
-6.990478992462158203e+00 2.508676290512084961e+00 9.073791094124317169e-03 5.300000000000000000e+01 5.642684800000000000e+07 2.850000000000000000e+02 3.100000000000000000e+01 4.600000000000000000e+01 7.427000000000000000e+03
-1.440395450592041016e+01 5.867333889007568359e+00 1.655926704406738281e-01 8.700000000000000000e+01 5.652487200000000000e+07 2.088000000000000000e+03 3.000000000000000000e+01 8.200000000000000000e+01 1.555400000000000000e+04
-6.986223697662353516e+00 2.555644273757934570e+00 9.088451042771339417e-03 5.700000000000000000e+01 5.652487200000000000e+07 3.080000000000000000e+02 3.100000000000000000e+01 4.400000000000000000e+01 7.439000000000000000e+03
-1.490806293487548828e+01 6.179599761962890625e+00 1.718207597732543945e-01 2.000000000000000000e+01 5.662368000000000000e+07 5.060000000000000000e+02 3.000000000000000000e+01 6.700000000000000000e+01 1.613900000000000000e+04
-6.904820919036865234e+00 2.574011802673339844e+00 9.002930484712123871e-03 5.600000000000000000e+01 5.662368000000000000e+07 2.960000000000000000e+02 3.100000000000000000e+01 4.700000000000000000e+01 7.369000000000000000e+03
-1.382227706909179688e+01 5.829165935516357422e+00 1.597159057855606079e-01 8.600000000000000000e+01 5.672132000000000000e+07 1.922000000000000000e+03 3.000000000000000000e+01 7.100000000000000000e+01 1.500200000000000000e+04
-7.010427474975585938e+00 2.662486553192138672e+00 9.161755442619323730e-03 5.100000000000000000e+01 5.672132000000000000e+07 2.840000000000000000e+02 3.100000000000000000e+01 5.900000000000000000e+01 7.499000000000000000e+03
-7.027534008026123047e+00 2.718439340591430664e+00 9.205737151205539703e-03 5.800000000000000000e+01 5.681864800000000000e+07 3.220000000000000000e+02 3.100000000000000000e+01 3.000000000000000000e+01 7.535000000000000000e+03
-7.008861064910888672e+00 2.760775327682495117e+00 9.203294292092323303e-03 4.800000000000000000e+01 5.691648000000000000e+07 2.640000000000000000e+02 3.100000000000000000e+01 5.200000000000000000e+01 7.533000000000000000e+03
-1.496763515472412109e+01 6.639287471771240234e+00 1.743332892656326294e-01 2.500000000000000000e+01 5.701384800000000000e+07 6.300000000000000000e+02 3.000000000000000000e+01 5.700000000000000000e+01 1.637500000000000000e+04
-7.009424209594726562e+00 2.810800790786743164e+00 9.226506575942039490e-03 4.900000000000000000e+01 5.701384800000000000e+07 2.710000000000000000e+02 3.100000000000000000e+01 5.500000000000000000e+01 7.552000000000000000e+03
-1.490473747253417969e+01 6.721137046813964844e+00 1.740777641534805298e-01 3.500000000000000000e+01 5.711208800000000000e+07 9.210000000000000000e+02 3.000000000000000000e+01 6.500000000000000000e+01 1.635100000000000000e+04
-6.961492061614990234e+00 2.841286659240722656e+00 9.186189621686935425e-03 4.700000000000000000e+01 5.711208800000000000e+07 2.580000000000000000e+02 3.100000000000000000e+01 5.000000000000000000e+01 7.519000000000000000e+03
-6.334215641021728516e+00 3.477092504501342773e+00 2.144572883844375610e-01 2.010000000000000000e+02 5.720967200000000000e+07 1.043000000000000000e+03 2.800000000000000000e+01 5.200000000000000000e+01 7.229000000000000000e+03
-1.485776424407958984e+01 6.809964656829833984e+00 1.740139126777648926e-01 2.700000000000000000e+01 5.720967200000000000e+07 7.060000000000000000e+02 3.000000000000000000e+01 6.600000000000000000e+01 1.634500000000000000e+04
-7.131401538848876953e+00 2.961809873580932617e+00 9.434200823307037354e-03 5.100000000000000000e+01 5.720967200000000000e+07 2.960000000000000000e+02 3.100000000000000000e+01 4.300000000000000000e+01 7.722000000000000000e+03
-6.298789024353027344e+00 3.508111000061035156e+00 2.139826267957687378e-01 3.490000000000000000e+02 5.730843200000000000e+07 1.813000000000000000e+03 2.800000000000000000e+01 6.300000000000000000e+01 7.213000000000000000e+03
-1.481297969818115234e+01 6.899735450744628906e+00 1.739819645881652832e-01 4.100000000000000000e+01 5.730843200000000000e+07 1.076000000000000000e+03 3.000000000000000000e+01 8.200000000000000000e+01 1.634200000000000000e+04
-7.045849800109863281e+00 2.977098703384399414e+00 9.345014579594135284e-03 4.600000000000000000e+01 5.730843200000000000e+07 2.610000000000000000e+02 3.100000000000000000e+01 4.600000000000000000e+01 7.649000000000000000e+03
-1.426331710815429688e+01 6.750521659851074219e+00 1.680093854665756226e-01 3.600000000000000000e+01 5.740622000000000000e+07 8.820000000000000000e+02 3.000000000000000000e+01 6.900000000000000000e+01 1.578100000000000000e+04
-7.106461524963378906e+00 3.054233074188232422e+00 9.450082667171955109e-03 4.100000000000000000e+01 5.740622000000000000e+07 2.370000000000000000e+02 3.100000000000000000e+01 4.700000000000000000e+01 7.735000000000000000e+03
-1.409636402130126953e+01 6.777683734893798828e+00 1.665295511484146118e-01 4.200000000000000000e+01 5.750339200000000000e+07 1.013000000000000000e+03 3.000000000000000000e+01 6.700000000000000000e+01 1.564200000000000000e+04
-7.061931133270263672e+00 3.086566209793090820e+00 9.415875189006328583e-03 4.600000000000000000e+01 5.750339200000000000e+07 2.650000000000000000e+02 3.100000000000000000e+01 4.200000000000000000e+01 7.707000000000000000e+03
-1.359806728363037109e+01 6.641128540039062500e+00 1.611212193965911865e-01 2.400000000000000000e+01 5.760064800000000000e+07 5.330000000000000000e+02 3.000000000000000000e+01 8.500000000000000000e+01 1.513400000000000000e+04
-7.132414340972900391e+00 3.169637441635131836e+00 9.535604156553745270e-03 6.300000000000000000e+01 5.760064800000000000e+07 3.750000000000000000e+02 3.100000000000000000e+01 4.200000000000000000e+01 7.805000000000000000e+03
-1.470368862152099609e+01 7.293178081512451172e+00 1.747485101222991943e-01 3.600000000000000000e+01 5.769840000000000000e+07 9.530000000000000000e+02 3.000000000000000000e+01 7.300000000000000000e+01 1.641400000000000000e+04
-7.008030414581298828e+00 3.165995836257934570e+00 9.395105764269828796e-03 4.500000000000000000e+01 5.769840000000000000e+07 2.580000000000000000e+02 3.100000000000000000e+01 4.100000000000000000e+01 7.690000000000000000e+03
-6.328933715820312500e+00 3.479855298995971680e+00 1.462458223104476929e-01 4.360000000000000000e+02 5.779730000000000000e+07 2.257000000000000000e+03 2.900000000000000000e+01 5.000000000000000000e+01 7.224000000000000000e+03
-1.381650733947753906e+01 6.959084987640380859e+00 1.647090315818786621e-01 5.400000000000000000e+01 5.779730000000000000e+07 1.275000000000000000e+03 3.000000000000000000e+01 8.300000000000000000e+01 1.547100000000000000e+04
-7.019370555877685547e+00 3.223124504089355469e+00 9.436644613742828369e-03 4.800000000000000000e+01 5.779730000000000000e+07 2.830000000000000000e+02 3.100000000000000000e+01 6.000000000000000000e+01 7.724000000000000000e+03
-6.290873050689697266e+00 3.509368896484375000e+00 1.458611786365509033e-01 3.990000000000000000e+02 5.789503200000000000e+07 2.056000000000000000e+03 2.900000000000000000e+01 9.700000000000000000e+01 7.205000000000000000e+03
-1.295003604888916016e+01 6.622591018676757812e+00 1.548611968755722046e-01 4.900000000000000000e+01 5.789503200000000000e+07 1.020000000000000000e+03 3.000000000000000000e+01 8.900000000000000000e+01 1.454600000000000000e+04
-6.987680912017822266e+00 3.260636568069458008e+00 9.420761838555335999e-03 4.300000000000000000e+01 5.789503200000000000e+07 2.480000000000000000e+02 3.100000000000000000e+01 3.800000000000000000e+01 7.711000000000000000e+03
-6.244858264923095703e+00 3.534115076065063477e+00 1.452943235635757446e-01 4.100000000000000000e+01 5.799316800000000000e+07 2.070000000000000000e+02 2.900000000000000000e+01 8.800000000000000000e+01 7.177000000000000000e+03
-1.440720939636230469e+01 7.479655742645263672e+00 1.728321611881256104e-01 4.100000000000000000e+01 5.799316800000000000e+07 1.042000000000000000e+03 3.000000000000000000e+01 5.400000000000000000e+01 1.623400000000000000e+04
-6.973867893218994141e+00 3.306449651718139648e+00 9.429314173758029938e-03 4.200000000000000000e+01 5.799316800000000000e+07 2.470000000000000000e+02 3.100000000000000000e+01 6.200000000000000000e+01 7.718000000000000000e+03
-1.414077091217041016e+01 7.451837539672851562e+00 1.701812297105789185e-01 2.800000000000000000e+01 5.809168000000000000e+07 7.000000000000000000e+02 3.000000000000000000e+01 6.900000000000000000e+01 1.598500000000000000e+04
-6.915609359741210938e+00 3.330952882766723633e+00 9.378001093864440918e-03 5.400000000000000000e+01 5.809168000000000000e+07 3.100000000000000000e+02 3.100000000000000000e+01 5.100000000000000000e+01 7.676000000000000000e+03
-1.438487720489501953e+01 7.693618774414062500e+00 1.736838668584823608e-01 2.800000000000000000e+01 5.819012000000000000e+07 7.280000000000000000e+02 3.000000000000000000e+01 7.300000000000000000e+01 1.631400000000000000e+04
-6.998340129852294922e+00 3.423861742019653320e+00 9.518500417470932007e-03 5.500000000000000000e+01 5.819012000000000000e+07 3.250000000000000000e+02 3.100000000000000000e+01 5.500000000000000000e+01 7.791000000000000000e+03
-6.320618629455566406e+00 3.430566310882568359e+00 7.656824588775634766e-02 1.010000000000000000e+02 5.828791200000000000e+07 5.150000000000000000e+02 3.000000000000000000e+01 4.700000000000000000e+01 7.192000000000000000e+03
-6.897496223449707031e+00 3.427135944366455078e+00 9.409765712916851044e-03 4.200000000000000000e+01 5.828791200000000000e+07 2.410000000000000000e+02 3.100000000000000000e+01 5.200000000000000000e+01 7.702000000000000000e+03
-6.303829669952392578e+00 3.471696138381958008e+00 7.662148028612136841e-02 2.510000000000000000e+02 5.838554000000000000e+07 1.287000000000000000e+03 3.000000000000000000e+01 5.100000000000000000e+01 7.197000000000000000e+03
-6.894194602966308594e+00 3.478403091430664062e+00 9.434200823307037354e-03 4.800000000000000000e+01 5.838554000000000000e+07 2.780000000000000000e+02 3.100000000000000000e+01 4.800000000000000000e+01 7.722000000000000000e+03
-6.272807121276855469e+00 3.504945278167724609e+00 7.650436460971832275e-02 2.440000000000000000e+02 5.848286000000000000e+07 1.257000000000000000e+03 3.000000000000000000e+01 6.000000000000000000e+01 7.186000000000000000e+03
-6.880731582641601562e+00 3.524742841720581055e+00 9.445196017622947693e-03 5.300000000000000000e+01 5.848286000000000000e+07 3.090000000000000000e+02 3.100000000000000000e+01 3.900000000000000000e+01 7.731000000000000000e+03
-6.235524654388427734e+00 3.534492731094360352e+00 7.631273567676544189e-02 5.200000000000000000e+01 5.858054000000000000e+07 2.640000000000000000e+02 3.000000000000000000e+01 7.000000000000000000e+01 7.168000000000000000e+03
-6.890026569366455078e+00 3.583043813705444336e+00 9.487956762313842773e-03 5.900000000000000000e+01 5.858054000000000000e+07 3.480000000000000000e+02 3.100000000000000000e+01 3.000000000000000000e+01 7.766000000000000000e+03
-1.387164402008056641e+01 7.975743770599365234e+00 1.703622192144393921e-01 3.100000000000000000e+01 5.867838000000000000e+07 7.750000000000000000e+02 3.000000000000000000e+01 8.500000000000000000e+01 1.600200000000000000e+04
-6.687502861022949219e+00 3.530023336410522461e+00 9.238723665475845337e-03 5.500000000000000000e+01 5.867838000000000000e+07 3.110000000000000000e+02 3.100000000000000000e+01 6.500000000000000000e+01 7.562000000000000000e+03
-6.538784980773925781e+00 3.502989768981933594e+00 9.062794968485832214e-03 9.400000000000000000e+01 5.877534000000000000e+07 5.130000000000000000e+02 3.100000000000000000e+01 8.200000000000000000e+01 7.418000000000000000e+03
-6.320370197296142578e+00 3.436056375503540039e+00 8.789126761257648468e-03 1.670000000000000000e+02 5.887332800000000000e+07 8.560000000000000000e+02 3.100000000000000000e+01 6.800000000000000000e+01 7.194000000000000000e+03
-6.336207389831542969e+00 3.492320537567138672e+00 2.716141939163208008e-01 1.860000000000000000e+02 5.897163200000000000e+07 9.720000000000000000e+02 2.700000000000000000e+01 6.500000000000000000e+01 7.240000000000000000e+03
-6.302670478820800781e+00 3.476705074310302734e+00 8.794014342129230499e-03 2.370000000000000000e+02 5.897163200000000000e+07 1.220000000000000000e+03 3.100000000000000000e+01 6.200000000000000000e+01 7.198000000000000000e+03
-6.256223201751708984e+00 3.498455524444580078e+00 2.691006660461425781e-01 7.100000000000000000e+01 5.906932000000000000e+07 3.620000000000000000e+02 2.700000000000000000e+01 8.000000000000000000e+01 7.173000000000000000e+03
-6.270747661590576172e+00 3.509451389312744141e+00 8.779353462159633636e-03 2.240000000000000000e+02 5.906932000000000000e+07 1.149000000000000000e+03 3.100000000000000000e+01 6.500000000000000000e+01 7.186000000000000000e+03
-6.409106254577636719e+00 3.638706207275390625e+00 9.004151448607444763e-03 1.280000000000000000e+02 5.916679200000000000e+07 6.910000000000000000e+02 3.100000000000000000e+01 8.500000000000000000e+01 7.370000000000000000e+03
-6.391858100891113281e+00 3.680957555770874023e+00 9.011481888592243195e-03 9.700000000000000000e+01 5.926535200000000000e+07 5.240000000000000000e+02 3.100000000000000000e+01 7.000000000000000000e+01 7.376000000000000000e+03
-6.981370925903320312e+00 4.077693939208984375e+00 9.877688251435756683e-03 5.400000000000000000e+01 5.936379200000000000e+07 3.430000000000000000e+02 3.100000000000000000e+01 5.600000000000000000e+01 8.085000000000000000e+03
-6.956219196319580078e+00 4.120454311370849609e+00 9.877688251435756683e-03 5.200000000000000000e+01 5.946107200000000000e+07 3.300000000000000000e+02 3.100000000000000000e+01 5.700000000000000000e+01 8.085000000000000000e+03
-6.926519393920898438e+00 4.160484313964843750e+00 9.871579706668853760e-03 4.800000000000000000e+01 5.955894000000000000e+07 3.090000000000000000e+02 3.100000000000000000e+01 7.000000000000000000e+01 8.080000000000000000e+03
-7.001640796661376953e+00 4.264285564422607422e+00 1.001574378460645676e-02 5.900000000000000000e+01 5.965659200000000000e+07 3.930000000000000000e+02 3.100000000000000000e+01 6.700000000000000000e+01 8.198000000000000000e+03
-7.035754680633544922e+00 4.344469547271728516e+00 1.010248716920614243e-02 5.000000000000000000e+01 5.975508000000000000e+07 3.320000000000000000e+02 3.100000000000000000e+01 5.500000000000000000e+01 8.269000000000000000e+03
-6.943698883056640625e+00 4.346702098846435547e+00 1.000841427594423294e-02 5.400000000000000000e+01 5.985272000000000000e+07 3.530000000000000000e+02 3.100000000000000000e+01 3.900000000000000000e+01 8.192000000000000000e+03
-7.027506351470947266e+00 4.459414958953857422e+00 1.016846019774675369e-02 6.500000000000000000e+01 5.994931200000000000e+07 4.470000000000000000e+02 3.100000000000000000e+01 5.800000000000000000e+01 8.323000000000000000e+03
-6.942820549011230469e+00 4.465665340423583984e+00 1.008538249880075455e-02 3.600000000000000000e+01 6.004680800000000000e+07 2.360000000000000000e+02 3.100000000000000000e+01 4.900000000000000000e+01 8.255000000000000000e+03
-6.953824043273925781e+00 4.533303260803222656e+00 1.014158315956592560e-02 4.200000000000000000e+01 6.014478000000000000e+07 2.800000000000000000e+02 3.100000000000000000e+01 5.000000000000000000e+01 8.301000000000000000e+03
-6.879988193511962891e+00 4.545567035675048828e+00 1.007438730448484421e-02 6.700000000000000000e+01 6.024292000000000000e+07 4.460000000000000000e+02 3.100000000000000000e+01 5.300000000000000000e+01 8.246000000000000000e+03
-6.720678806304931641e+00 4.499792098999023438e+00 9.881353937089443207e-03 9.700000000000000000e+01 6.034096000000000000e+07 6.310000000000000000e+02 3.100000000000000000e+01 6.900000000000000000e+01 8.088000000000000000e+03
-6.816241741180419922e+00 4.624599933624267578e+00 1.006339211016893387e-02 4.900000000000000000e+01 6.043876000000000000e+07 3.230000000000000000e+02 3.100000000000000000e+01 4.700000000000000000e+01 8.237000000000000000e+03
-6.782792568206787109e+00 4.662937164306640625e+00 1.005606073886156082e-02 6.900000000000000000e+01 6.053668000000000000e+07 4.640000000000000000e+02 3.100000000000000000e+01 6.400000000000000000e+01 8.231000000000000000e+03
-6.897652626037597656e+00 4.804490089416503906e+00 1.026986446231603622e-02 5.800000000000000000e+01 6.063452000000000000e+07 4.000000000000000000e+02 3.100000000000000000e+01 4.700000000000000000e+01 8.406000000000000000e+03
-6.879481315612792969e+00 4.854794979095458984e+00 1.028696820139884949e-02 5.500000000000000000e+01 6.073204800000000000e+07 3.800000000000000000e+02 3.100000000000000000e+01 5.100000000000000000e+01 8.420000000000000000e+03
-6.916269779205322266e+00 4.944605350494384766e+00 1.038715057075023651e-02 6.900000000000000000e+01 6.083142000000000000e+07 4.950000000000000000e+02 3.100000000000000000e+01 6.500000000000000000e+01 8.502000000000000000e+03
-6.919816017150878906e+00 5.011585235595703125e+00 1.043846365064382553e-02 7.200000000000000000e+01 6.092947200000000000e+07 5.160000000000000000e+02 3.100000000000000000e+01 4.200000000000000000e+01 8.544000000000000000e+03
-8.066225051879882812e+00 7.384860992431640625e+00 3.245784044265747070e-01 1.930000000000000000e+02 6.102479200000000000e+07 2.281000000000000000e+03 2.800000000000000000e+01 5.400000000000000000e+01 1.094100000000000000e+04
-6.897804260253906250e+00 5.060456275939941406e+00 1.045190170407295227e-02 6.900000000000000000e+01 6.102479200000000000e+07 4.940000000000000000e+02 3.100000000000000000e+01 5.100000000000000000e+01 8.555000000000000000e+03
-6.868228912353515625e+00 5.103878021240234375e+00 1.045434549450874329e-02 7.200000000000000000e+01 6.112232000000000000e+07 5.230000000000000000e+02 3.100000000000000000e+01 6.500000000000000000e+01 8.557000000000000000e+03
-6.854360580444335938e+00 5.159154891967773438e+00 1.048122346401214600e-02 6.300000000000000000e+01 6.122056000000000000e+07 4.530000000000000000e+02 3.100000000000000000e+01 5.600000000000000000e+01 8.579000000000000000e+03
-6.838480472564697266e+00 5.213240623474121094e+00 1.050565764307975769e-02 7.100000000000000000e+01 6.131922000000000000e+07 5.140000000000000000e+02 3.100000000000000000e+01 5.600000000000000000e+01 8.599000000000000000e+03
-6.875227451324462891e+00 5.308271408081054688e+00 1.061194948852062225e-02 4.900000000000000000e+01 6.141711200000000000e+07 3.660000000000000000e+02 3.100000000000000000e+01 6.200000000000000000e+01 8.686000000000000000e+03
-6.854343414306640625e+00 5.359596252441406250e+00 1.063027419149875641e-02 1.010000000000000000e+02 6.151479200000000000e+07 7.590000000000000000e+02 3.100000000000000000e+01 7.800000000000000000e+01 8.701000000000000000e+03
-8.051252365112304688e+00 7.381330966949462891e+00 2.211704701185226440e-01 3.700000000000000000e+02 6.161236000000000000e+07 4.386000000000000000e+03 2.900000000000000000e+01 6.000000000000000000e+01 1.092500000000000000e+04
-6.986746311187744141e+00 5.532541275024414062e+00 1.088806055486202240e-02 9.200000000000000000e+01 6.161236000000000000e+07 7.240000000000000000e+02 3.100000000000000000e+01 9.400000000000000000e+01 8.912000000000000000e+03
-7.994818687438964844e+00 7.420391559600830078e+00 2.208668142557144165e-01 3.100000000000000000e+01 6.170954000000000000e+07 3.610000000000000000e+02 2.900000000000000000e+01 7.700000000000000000e+01 1.091000000000000000e+04
-6.912879943847656250e+00 5.543401241302490234e+00 1.082575134932994843e-02 4.200000000000000000e+01 6.170954000000000000e+07 3.180000000000000000e+02 3.100000000000000000e+01 5.600000000000000000e+01 8.861000000000000000e+03
-6.885723590850830078e+00 5.591387271881103516e+00 1.083674747496843338e-02 8.100000000000000000e+01 6.180792800000000000e+07 6.260000000000000000e+02 3.100000000000000000e+01 4.700000000000000000e+01 8.870000000000000000e+03
-7.065243244171142578e+00 5.809460163116455078e+00 1.117516588419675827e-02 4.500000000000000000e+01 6.190572000000000000e+07 3.710000000000000000e+02 3.100000000000000000e+01 7.400000000000000000e+01 9.147000000000000000e+03
-6.945697307586669922e+00 5.782958984375000000e+00 1.104199700057506561e-02 6.300000000000000000e+01 6.200344800000000000e+07 5.100000000000000000e+02 3.100000000000000000e+01 6.800000000000000000e+01 9.038000000000000000e+03
-8.061440467834472656e+00 7.310228824615478516e+00 1.158637627959251404e-01 1.010000000000000000e+02 6.210119200000000000e+07 1.186000000000000000e+03 3.000000000000000000e+01 1.000000000000000000e+02 1.088300000000000000e+04
-7.004123687744140625e+00 5.904747962951660156e+00 1.119227055460214615e-02 5.300000000000000000e+01 6.210119200000000000e+07 4.330000000000000000e+02 3.100000000000000000e+01 4.000000000000000000e+01 9.161000000000000000e+03
-8.026010513305664062e+00 7.368346691131591797e+00 1.160021722316741943e-01 2.640000000000000000e+02 6.219871200000000000e+07 3.115000000000000000e+03 3.000000000000000000e+01 6.900000000000000000e+01 1.089600000000000000e+04
-6.970043182373046875e+00 5.949561119079589844e+00 1.119593624025583267e-02 5.900000000000000000e+01 6.219871200000000000e+07 4.910000000000000000e+02 3.100000000000000000e+01 6.000000000000000000e+01 9.164000000000000000e+03
-7.957209587097167969e+00 7.395670413970947266e+00 1.156614869832992554e-01 7.400000000000000000e+01 6.229706000000000000e+07 8.650000000000000000e+02 3.000000000000000000e+01 7.900000000000000000e+01 1.086400000000000000e+04
-6.935676097869873047e+00 5.994178295135498047e+00 1.119960099458694458e-02 5.200000000000000000e+01 6.229706000000000000e+07 4.330000000000000000e+02 3.100000000000000000e+01 5.800000000000000000e+01 9.167000000000000000e+03
-7.092175006866455078e+00 6.205861091613769531e+00 1.151358615607023239e-02 5.100000000000000000e+01 6.239475200000000000e+07 4.480000000000000000e+02 3.100000000000000000e+01 6.100000000000000000e+01 9.424000000000000000e+03
-7.067436218261718750e+00 6.261196613311767578e+00 1.153557654470205307e-02 3.400000000000000000e+01 6.249314000000000000e+07 2.900000000000000000e+02 3.100000000000000000e+01 5.400000000000000000e+01 9.442000000000000000e+03
-7.041540622711181641e+00 6.315794944763183594e+00 1.155634596943855286e-02 4.000000000000000000e+01 6.259158000000000000e+07 3.450000000000000000e+02 3.100000000000000000e+01 5.200000000000000000e+01 9.459000000000000000e+03
-7.156641006469726562e+00 6.498711585998535156e+00 1.181046664714813232e-02 5.600000000000000000e+01 6.268828800000000000e+07 5.170000000000000000e+02 3.100000000000000000e+01 7.300000000000000000e+01 9.667000000000000000e+03
-7.165954589843750000e+00 6.587846279144287109e+00 1.189232151955366135e-02 4.300000000000000000e+01 6.278710000000000000e+07 4.010000000000000000e+02 3.100000000000000000e+01 7.500000000000000000e+01 9.734000000000000000e+03
-7.096117019653320312e+00 6.604439735412597656e+00 1.184345223009586334e-02 6.700000000000000000e+01 6.288600800000000000e+07 6.230000000000000000e+02 3.100000000000000000e+01 7.900000000000000000e+01 9.694000000000000000e+03
-7.040903091430664062e+00 6.634141445159912109e+00 1.181901898235082626e-02 5.500000000000000000e+01 6.298375200000000000e+07 5.010000000000000000e+02 3.100000000000000000e+01 5.700000000000000000e+01 9.674000000000000000e+03
-7.089789867401123047e+00 6.762805938720703125e+00 1.197051256895065308e-02 5.300000000000000000e+01 6.308040800000000000e+07 5.040000000000000000e+02 3.100000000000000000e+01 6.100000000000000000e+01 9.798000000000000000e+03
-7.213610649108886719e+00 6.965950965881347656e+00 1.225151121616363525e-02 8.700000000000000000e+01 6.317922000000000000e+07 8.700000000000000000e+02 3.100000000000000000e+01 5.900000000000000000e+01 1.002800000000000000e+04
-7.172877311706542969e+00 7.012178421020507812e+00 1.225517597049474716e-02 6.100000000000000000e+01 6.327736000000000000e+07 6.090000000000000000e+02 3.100000000000000000e+01 5.900000000000000000e+01 1.003100000000000000e+04
-6.908667564392089844e+00 6.837293148040771484e+00 1.187521778047084808e-02 4.900000000000000000e+01 6.337560000000000000e+07 4.570000000000000000e+02 3.100000000000000000e+01 7.000000000000000000e+01 9.720000000000000000e+03
-7.062268733978271484e+00 7.075608730316162109e+00 1.221363712102174759e-02 7.200000000000000000e+01 6.347188800000000000e+07 7.130000000000000000e+02 3.100000000000000000e+01 7.300000000000000000e+01 9.997000000000000000e+03
-7.180901527404785156e+00 7.283302307128906250e+00 1.249585673213005066e-02 7.700000000000000000e+01 6.357040000000000000e+07 7.990000000000000000e+02 3.100000000000000000e+01 7.600000000000000000e+01 1.022800000000000000e+04
-7.111657619476318359e+00 7.302153110504150391e+00 1.245309691876173019e-02 6.000000000000000000e+01 6.366972800000000000e+07 6.160000000000000000e+02 3.100000000000000000e+01 7.800000000000000000e+01 1.019300000000000000e+04
-7.176258563995361328e+00 7.459515571594238281e+00 1.264613028615713120e-02 5.300000000000000000e+01 6.376659200000000000e+07 5.610000000000000000e+02 3.100000000000000000e+01 7.100000000000000000e+01 1.035100000000000000e+04
-6.908540725708007812e+00 7.269990921020507812e+00 1.225273218005895615e-02 1.220000000000000000e+02 6.386520000000000000e+07 1.221000000000000000e+03 3.100000000000000000e+01 6.600000000000000000e+01 1.002900000000000000e+04
-7.177940368652343750e+00 7.646905899047851562e+00 1.281350664794445038e-02 4.900000000000000000e+01 6.396464800000000000e+07 5.300000000000000000e+02 3.100000000000000000e+01 9.200000000000000000e+01 1.048800000000000000e+04
-6.883398056030273438e+00 7.423884868621826172e+00 1.236879732459783554e-02 3.800000000000000000e+01 6.406235200000000000e+07 3.800000000000000000e+02 3.100000000000000000e+01 1.030000000000000000e+02 1.012400000000000000e+04
-3.026551961898803711e+00 5.405680656433105469e+00 1.838713884353637695e-01 1.800000000000000000e+02 6.611796000000000000e+07 6.830000000000000000e+02 2.800000000000000000e+01 1.270000000000000000e+02 6.198000000000000000e+03
-2.989462614059448242e+00 5.417148113250732422e+00 1.836340576410293579e-01 4.830000000000000000e+02 6.621534000000000000e+07 1.840000000000000000e+03 2.800000000000000000e+01 8.900000000000000000e+01 6.190000000000000000e+03
-3.010376453399658203e+00 5.385468959808349609e+00 1.249284222722053528e-01 1.200000000000000000e+01 6.670518000000000000e+07 4.100000000000000000e+01 2.900000000000000000e+01 3.600000000000000000e+01 6.171000000000000000e+03
-2.969073295593261719e+00 5.388951778411865234e+00 1.245842650532722473e-01 4.300000000000000000e+01 6.680271200000000000e+07 1.580000000000000000e+02 2.900000000000000000e+01 3.400000000000000000e+01 6.154000000000000000e+03
-3.002247571945190430e+00 5.379603385925292969e+00 6.559190154075622559e-02 4.800000000000000000e+01 6.729064800000000000e+07 1.780000000000000000e+02 3.000000000000000000e+01 2.300000000000000000e+01 6.161000000000000000e+03
-2.952796697616577148e+00 5.368134498596191406e+00 6.522992998361587524e-02 5.400000000000000000e+01 6.738792800000000000e+07 1.980000000000000000e+02 3.000000000000000000e+01 3.600000000000000000e+01 6.127000000000000000e+03
-1.222442030906677246e+00 2.842959165573120117e+00 9.184669703245162964e-02 1.120000000000000000e+02 6.778030400000000000e+07 1.060000000000000000e+02 2.800000000000000000e+01 2.600000000000000000e+01 3.096000000000000000e+03
-3.031684160232543945e+00 5.363465309143066406e+00 7.527079898864030838e-03 2.250000000000000000e+02 6.778030400000000000e+07 8.480000000000000000e+02 3.100000000000000000e+01 7.700000000000000000e+01 6.161000000000000000e+03
-1.168779015541076660e+00 2.764783859252929688e+00 8.908773958683013916e-02 2.140000000000000000e+02 6.787812000000000000e+07 1.920000000000000000e+02 2.800000000000000000e+01 4.200000000000000000e+01 3.003000000000000000e+03
-3.006018400192260742e+00 5.395069599151611328e+00 7.545405533164739609e-03 4.360000000000000000e+02 6.787812000000000000e+07 1.660000000000000000e+03 3.100000000000000000e+01 7.300000000000000000e+01 6.176000000000000000e+03
-1.155628085136413574e+00 2.781133651733398438e+00 8.938439935445785522e-02 1.410000000000000000e+02 6.797625600000000000e+07 1.280000000000000000e+02 2.800000000000000000e+01 6.100000000000000000e+01 3.013000000000000000e+03
-2.968526124954223633e+00 5.405523777008056641e+00 7.534410338848829269e-03 4.140000000000000000e+02 6.797625600000000000e+07 1.571000000000000000e+03 3.100000000000000000e+01 8.600000000000000000e+01 6.167000000000000000e+03
-2.924355030059814453e+00 5.403409004211425781e+00 7.506310474127531052e-03 1.990000000000000000e+02 6.807609600000000000e+07 7.490000000000000000e+02 3.100000000000000000e+01 7.600000000000000000e+01 6.144000000000000000e+03
-1.219893693923950195e+00 2.792309522628784180e+00 1.719627380371093750e-01 1.450000000000000000e+02 6.827187200000000000e+07 1.340000000000000000e+02 2.500000000000000000e+01 8.000000000000000000e+01 3.052000000000000000e+03
-1.211407303810119629e+00 2.819923639297485352e+00 1.732023209333419800e-01 3.160000000000000000e+02 6.836950400000000000e+07 2.980000000000000000e+02 2.500000000000000000e+01 8.000000000000000000e+01 3.074000000000000000e+03
-1.209734559059143066e+00 2.818742513656616211e+00 6.210993230342864990e-02 3.900000000000000000e+01 6.836950400000000000e+07 3.500000000000000000e+01 2.900000000000000000e+01 3.500000000000000000e+01 3.068000000000000000e+03
-1.194081783294677734e+00 2.827303647994995117e+00 1.732023209333419800e-01 1.790000000000000000e+02 6.846764000000000000e+07 1.680000000000000000e+02 2.500000000000000000e+01 5.900000000000000000e+01 3.074000000000000000e+03
-1.174926519393920898e+00 2.784660339355468750e+00 6.119893491268157959e-02 2.370000000000000000e+02 6.846764000000000000e+07 2.140000000000000000e+02 2.900000000000000000e+01 4.200000000000000000e+01 3.023000000000000000e+03
-1.159350037574768066e+00 2.795511007308959961e+00 6.127991154789924622e-02 1.210000000000000000e+02 6.856420000000000000e+07 1.100000000000000000e+02 2.900000000000000000e+01 4.400000000000000000e+01 3.027000000000000000e+03
-1.243820548057556152e+00 2.851060867309570312e+00 1.461465954780578613e-01 2.110000000000000000e+02 6.885960800000000000e+07 2.040000000000000000e+02 2.600000000000000000e+01 8.500000000000000000e+01 3.114000000000000000e+03
-1.227090954780578613e+00 2.860475301742553711e+00 1.462404727935791016e-01 3.080000000000000000e+02 6.895696800000000000e+07 2.960000000000000000e+02 2.600000000000000000e+01 7.700000000000000000e+01 3.116000000000000000e+03
-1.198132991790771484e+00 2.797012329101562500e+00 3.239671513438224792e-02 4.400000000000000000e+01 6.895696800000000000e+07 4.000000000000000000e+01 3.000000000000000000e+01 2.300000000000000000e+01 3.043000000000000000e+03
-1.199036002159118652e+00 2.843100070953369141e+00 1.449733078479766846e-01 2.040000000000000000e+02 6.905491200000000000e+07 1.930000000000000000e+02 2.600000000000000000e+01 7.100000000000000000e+01 3.089000000000000000e+03
-1.178619742393493652e+00 2.798781871795654297e+00 3.233283758163452148e-02 1.020000000000000000e+02 6.905491200000000000e+07 9.300000000000000000e+01 3.000000000000000000e+01 3.200000000000000000e+01 3.037000000000000000e+03
-1.183863401412963867e+00 2.855940103530883789e+00 1.452548801898956299e-01 2.300000000000000000e+01 6.915198400000000000e+07 2.100000000000000000e+01 2.600000000000000000e+01 4.500000000000000000e+01 3.095000000000000000e+03
-1.263155937194824219e+00 2.810157299041748047e+00 3.764150664210319519e-03 9.700000000000000000e+01 6.924980800000000000e+07 9.200000000000000000e+01 3.100000000000000000e+01 6.400000000000000000e+01 3.081000000000000000e+03
-1.264598965644836426e+00 2.857473850250244141e+00 1.173118278384208679e-01 4.200000000000000000e+01 6.934560000000000000e+07 4.000000000000000000e+01 2.700000000000000000e+01 6.900000000000000000e+01 3.127000000000000000e+03
-1.245889306068420410e+00 2.817855119705200195e+00 3.764150664210319519e-03 2.060000000000000000e+02 6.934560000000000000e+07 1.940000000000000000e+02 3.100000000000000000e+01 8.300000000000000000e+01 3.081000000000000000e+03
-1.236274600028991699e+00 2.840440273284912109e+00 1.162988990545272827e-01 2.250000000000000000e+02 6.944323200000000000e+07 2.150000000000000000e+02 2.700000000000000000e+01 6.900000000000000000e+01 3.100000000000000000e+03
-1.228177070617675781e+00 2.824529647827148438e+00 3.762929234653711319e-03 2.130000000000000000e+02 6.944323200000000000e+07 2.020000000000000000e+02 3.100000000000000000e+01 7.300000000000000000e+01 3.080000000000000000e+03
-1.215284109115600586e+00 2.839704036712646484e+00 1.159612610936164856e-01 2.440000000000000000e+02 6.954015200000000000e+07 2.330000000000000000e+02 2.700000000000000000e+01 6.600000000000000000e+01 3.091000000000000000e+03
-1.203353643417358398e+00 2.814542293548583984e+00 3.739716252312064171e-03 2.460000000000000000e+02 6.954015200000000000e+07 2.300000000000000000e+02 3.100000000000000000e+01 8.200000000000000000e+01 3.061000000000000000e+03
-1.189311623573303223e+00 2.826843500137329102e+00 1.151359155774116516e-01 1.990000000000000000e+02 6.963833600000000000e+07 1.870000000000000000e+02 2.700000000000000000e+01 7.800000000000000000e+01 3.069000000000000000e+03
-1.179474234580993652e+00 2.806200981140136719e+00 3.718946827575564384e-03 2.100000000000000000e+02 6.963833600000000000e+07 1.940000000000000000e+02 3.100000000000000000e+01 8.500000000000000000e+01 3.044000000000000000e+03
-1.163161158561706543e+00 2.812848329544067383e+00 1.142730563879013062e-01 4.600000000000000000e+01 6.973520000000000000e+07 4.200000000000000000e+01 2.700000000000000000e+01 2.700000000000000000e+01 3.046000000000000000e+03
-1.160324335098266602e+00 2.808763980865478516e+00 3.712838049978017807e-03 1.610000000000000000e+02 6.973520000000000000e+07 1.470000000000000000e+02 3.100000000000000000e+01 6.200000000000000000e+01 3.039000000000000000e+03
-1.141187667846679688e+00 2.811197996139526367e+00 3.706729505211114883e-03 4.400000000000000000e+01 6.983360000000000000e+07 4.000000000000000000e+01 3.100000000000000000e+01 6.900000000000000000e+01 3.034000000000000000e+03
-1.087349951267242432e-01 7.076948285102844238e-01 8.747588144615292549e-04 7.600000000000000000e+01 7.355128800000000000e+07 4.000000000000000000e+00 3.100000000000000000e+01 2.100000000000000000e+01 7.160000000000000000e+02
-4.068432748317718506e-02 7.257040143013000488e-01 4.101863875985145569e-02 6.200000000000000000e+01 7.394151200000000000e+07 3.000000000000000000e+00 2.500000000000000000e+01 1.700000000000000000e+01 7.280000000000000000e+02
-3.543332591652870178e-02 7.149758338928222656e-01 1.449501700699329376e-02 7.700000000000000000e+01 7.403894400000000000e+07 4.000000000000000000e+00 2.900000000000000000e+01 1.900000000000000000e+01 7.160000000000000000e+02
-3.189350664615631104e-02 7.374963760375976562e-01 3.468283265829086304e-02 6.600000000000000000e+01 7.472742400000000000e+07 4.000000000000000000e+00 2.600000000000000000e+01 1.400000000000000000e+01 7.390000000000000000e+02
-2.614274807274341583e-02 6.980828046798706055e-01 5.829240754246711731e-02 9.000000000000000000e+01 7.482667200000000000e+07 4.000000000000000000e+00 2.200000000000000000e+01 2.300000000000000000e+01 7.010000000000000000e+02
-6.030614953488111496e-03 7.400720715522766113e-01 1.441283375024795532e-01 1.160000000000000000e+02 7.531984800000000000e+07 6.000000000000000000e+00 1.000000000000000000e+01 1.810000000000000000e+02 7.540000000000000000e+02
-6.010495126247406006e-03 7.537481784820556641e-01 1.183071509003639221e-01 1.630000000000000000e+02 7.531984800000000000e+07 9.000000000000000000e+00 1.400000000000000000e+01 1.760000000000000000e+02 7.630000000000000000e+02
