-1.276518497616052628e-02 -7.387055158615112305e-01 6.866792589426040649e-02
-3.427320346236228943e-02 -7.140967845916748047e-01 6.644686311483383179e-02
-4.881479591131210327e-02 -7.213754057884216309e-01 5.347627773880958557e-02
-1.022079139947891235e-01 -7.216486334800720215e-01 1.475819479674100876e-02
-5.320756509900093079e-02 -7.155190110206604004e-01 2.693632803857326508e-02
-1.216387748718261719e-01 -6.780342459678649902e-01 1.394841633737087250e-02
-9.845268726348876953e-01 -1.624047398567199707e+00 5.636586621403694153e-02
-1.000834107398986816e+00 -1.628961920738220215e+00 1.259797811508178711e-01
-9.834817647933959961e-01 -1.600093007087707520e+00 5.574287474155426025e-02
-1.026109576225280762e+00 -1.647352218627929688e+00 1.278865635395050049e-01
-9.996246695518493652e-01 -1.604208350181579590e+00 5.609886720776557922e-02
-1.020748615264892578e+00 -1.616557478904724121e+00 1.259797811508178711e-01
-1.005178570747375488e+00 -1.591284036636352539e+00 5.586154013872146606e-02
-1.029572486877441406e+00 -1.608582854270935059e+00 1.258482635021209717e-01
-9.928249120712280273e-01 -1.550573110580444336e+00 5.464522540569305420e-02
-1.038337111473083496e+00 -1.600561022758483887e+00 1.257167607545852661e-01
-1.023542046546936035e+00 -1.577152132987976074e+00 5.580220744013786316e-02
-9.794883131980895996e-01 -1.635775446891784668e+00 3.860614076256752014e-02
-1.057457685470581055e+00 -1.608333945274353027e+00 1.268345415592193604e-01
-1.020194768905639648e+00 -1.681601166725158691e+00 1.109982356429100037e-01
-1.036495804786682129e+00 -1.575852870941162109e+00 5.598020553588867188e-02
-9.895067811012268066e-01 -1.629734635353088379e+00 3.860614076256752014e-02
-1.002246618270874023e+00 -1.629387497901916504e+00 1.079556494951248169e-01
-1.022860765457153320e+00 -1.534530878067016602e+00 5.473422259092330933e-02
-9.979156851768493652e-01 -1.621078252792358398e+00 3.854540735483169556e-02
-1.016980171203613281e+00 -1.630831837654113770e+00 1.084627434611320496e-01
-1.006255745887756348e+00 -1.612380146980285645e+00 3.848467767238616943e-02
-1.030168652534484863e+00 -1.629624605178833008e+00 1.088008135557174683e-01
-1.016130208969116211e+00 -1.606175541877746582e+00 3.848467767238616943e-02
-1.041764378547668457e+00 -1.625794887542724609e+00 1.089698448777198792e-01
-1.007616519927978516e+00 -1.571295499801635742e+00 3.779636323451995850e-02
-9.737590551376342773e-01 -1.646495699882507324e+00 2.036638744175434113e-02
-1.043563365936279297e+00 -1.606812357902526855e+00 1.081246808171272278e-01
-9.788769483566284180e-01 -1.634147763252258301e+00 8.949954062700271606e-02
-1.013969779014587402e+00 -1.560053586959838867e+00 3.767489641904830933e-02
-9.833291172981262207e-01 -1.639632225036621094e+00 2.035574056208133698e-02
-1.036934971809387207e+00 -1.575359940528869629e+00 1.064343452453613281e-01
-9.945896267890930176e-01 -1.637502074241638184e+00 9.001579135656356812e-02
-1.009223341941833496e+00 -1.532094478607177734e+00 3.714854270219802856e-02
-9.855780005455017090e-01 -1.620752096176147461e+00 2.019604668021202087e-02
-1.005330920219421387e+00 -1.633802652359008789e+00 1.600754410028457642e-01
-1.003570795059204102e+00 -1.629667520523071289e+00 8.992192894220352173e-02
-1.000286817550659180e+00 -1.498432397842407227e+00 3.648047521710395813e-02
-1.001801490783691406e+00 -1.624888181686401367e+00 2.032380178570747375e-02
-1.016391634941101074e+00 -1.629294276237487793e+00 1.602417528629302979e-01
-1.013551354408264160e+00 -1.623479008674621582e+00 8.992192894220352173e-02
-1.014402747154235840e+00 -1.622950434684753418e+00 2.037703245878219604e-02
-1.030630707740783691e+00 -1.629765152931213379e+00 1.609070003032684326e-01
-1.021891236305236816e+00 -1.614697217941284180e+00 8.978113532066345215e-02
-1.021665930747985840e+00 -1.612472295761108398e+00 2.032380178570747375e-02
-1.027166843414306641e+00 -1.602436423301696777e+00 1.588280946016311646e-01
-1.032318949699401855e+00 -1.609237313270568848e+00 8.982805907726287842e-02
-1.033161759376525879e+00 -1.608697175979614258e+00 2.035574056208133698e-02
-9.484434723854064941e-01 -1.601178050041198730e+00 2.273639896884560585e-03
-1.044896125793457031e+00 -1.607060194015502930e+00 9.006273001432418823e-02
-9.719331264495849609e-01 -1.619388461112976074e+00 7.090481370687484741e-02
-1.028284430503845215e+00 -1.579700589179992676e+00 2.006828971207141876e-02
-9.901747703552246094e-01 -1.648477435111999512e+00 2.349387155845761299e-03
-1.008031368255615234e+00 -1.658368468284606934e+00 1.435377001762390137e-01
-1.046492695808410645e+00 -1.588107109069824219e+00 8.935873955488204956e-02
-9.901632070541381836e-01 -1.627052664756774902e+00 7.150506973266601562e-02
-1.033552765846252441e+00 -1.566684007644653320e+00 1.998312026262283325e-02
-1.008073449134826660e+00 -1.655181765556335449e+00 2.367713255807757378e-03
-1.016618251800537109e+00 -1.649605154991149902e+00 1.433164179325103760e-01
-9.954053759574890137e-01 -1.613292455673217773e+00 7.116742432117462158e-02
-1.078158617019653320e+00 -1.612683296203613281e+00 2.065383642911911011e-02
-1.002448678016662598e+00 -1.623439431190490723e+00 2.331061288714408875e-03
-1.018794536590576172e+00 -1.630649685859680176e+00 1.422100216150283813e-01
-1.004225730895996094e+00 -1.605460047721862793e+00 7.109239697456359863e-02
-1.012391090393066406e+00 -1.617257952690124512e+00 2.331061288714408875e-03
-1.035184025764465332e+00 -1.634477853775024414e+00 1.430951356887817383e-01
-1.016733407974243164e+00 -1.603487610816955566e+00 7.127997279167175293e-02
-1.019080519676208496e+00 -1.605949521064758301e+00 2.323730848729610443e-03
-1.035495877265930176e+00 -1.612989306449890137e+00 1.417674571275711060e-01
-1.010344386100769043e+00 -1.571999669075012207e+00 7.015450298786163330e-02
-1.031079173088073730e+00 -1.603030562400817871e+00 2.328617963939905167e-03
-1.042534112930297852e+00 -1.599186778068542480e+00 2.332282951101660728e-03
-1.056185603141784668e+00 -1.598600268363952637e+00 2.340835053473711014e-03
-1.084334254264831543e+00 -1.619510769844055176e+00 2.381152240559458733e-03
-4.597650527954101562e+00 -6.776520729064941406e+00 1.000474859029054642e-02
-4.652173995971679688e+00 -6.767136573791503906e+00 1.003284938633441925e-02
-4.695894718170166016e+00 -6.741745948791503906e+00 1.003773603588342667e-02
-4.764848232269287109e+00 -6.752022743225097656e+00 1.009637769311666489e-02
-4.720696449279785156e+00 -6.603076934814453125e+00 9.916784241795539856e-03
-4.522392272949218750e+00 -6.244356155395507812e+00 9.419539943337440491e-03
-4.577775955200195312e+00 -6.239871978759765625e+00 9.454970248043537140e-03
-4.769266128540039062e+00 -6.417945384979248047e+00 9.768954478204250336e-03
-4.817576885223388672e+00 -6.400546073913574219e+00 9.787281043827533722e-03
-4.822808265686035156e+00 -6.326330184936523438e+00 9.718864224851131439e-03
-4.852979660034179688e+00 -6.285537719726562500e+00 9.701759554445743561e-03
-4.877903938293457031e+00 -6.238310813903808594e+00 9.674881584942340851e-03
-4.912985801696777344e+00 -6.204343795776367188e+00 9.668773040175437927e-03
-4.884649276733398438e+00 -6.091385841369628906e+00 9.539269842207431793e-03
-4.917520999908447266e+00 -6.055865764617919922e+00 9.530717507004737854e-03
-4.961572647094726562e+00 -6.034074306488037109e+00 9.544156491756439209e-03
-4.998503684997558594e+00 -6.003517150878906250e+00 9.544156491756439209e-03
-4.993350505828857422e+00 -5.923037528991699219e+00 9.464743547141551971e-03
-5.067903995513916016e+00 -5.937162399291992188e+00 9.536826051771640778e-03
-4.970191955566406250e+00 -5.750853061676025391e+00 9.286371059715747833e-03
-4.995507240295410156e+00 -5.708960056304931641e+00 9.268045425415039062e-03
-5.205506801605224609e+00 -5.875807285308837891e+00 9.590581990778446198e-03
-4.981058120727539062e+00 -5.553429603576660156e+00 9.114108048379421234e-03
-5.214700222015380859e+00 -5.742636203765869141e+00 9.476961567997932434e-03
-5.211261272430419922e+00 -5.668569087982177734e+00 9.407322853803634644e-03
-5.253438949584960938e+00 -5.644538879394531250e+00 9.420761838555335999e-03
-5.266715526580810547e+00 -5.589635372161865234e+00 9.382887743413448334e-03
-5.306435108184814453e+00 -5.563003063201904297e+00 9.392661973834037781e-03
-5.015373229980468750e+00 -5.193684577941894531e+00 8.820892311632633209e-03
-5.261056423187255859e+00 -5.381624698638916016e+00 9.194741956889629364e-03
-5.281316757202148438e+00 -5.336448192596435547e+00 9.172750636935234070e-03
-7.179116725921630859e+00 -6.665630340576171875e+00 1.043018847703933716e-01
-5.190808296203613281e+00 -5.181021690368652344e+00 8.960168808698654175e-03
-7.407802104949951172e+00 -6.793799877166748047e+00 1.070166826248168945e-01
-5.004600048065185547e+00 -4.934237003326416016e+00 8.586320094764232635e-03
-7.413035869598388672e+00 -6.715323448181152344e+00 1.064950153231620789e-01
-5.409453392028808594e+00 -5.268333911895751953e+00 9.225285612046718597e-03
-7.418332576751708984e+00 -6.637707233428955078e+00 1.059839949011802673e-01
-5.501491546630859375e+00 -5.292585849761962891e+00 9.326688945293426514e-03
-7.480648994445800781e+00 -6.611267089843750000e+00 1.062927320599555969e-01
-5.059780597686767578e+00 -4.808217525482177734e+00 8.527677506208419800e-03
-7.535387039184570312e+00 -6.577736377716064453e+00 1.064950153231620789e-01
-5.364791393280029297e+00 -5.035782337188720703e+00 8.989490568637847900e-03
-7.564246177673339844e+00 -6.521582126617431641e+00 1.063353270292282104e-01
-5.563513755798339844e+00 -5.158468723297119141e+00 9.269267320632934570e-03
-7.451092720031738281e+00 -6.344741344451904297e+00 1.041954159736633301e-01
-5.164388179779052734e+00 -4.729803085327148438e+00 8.555776439607143402e-03
-7.447027206420898438e+00 -6.262861251831054688e+00 1.035992279648780823e-01
-4.713507652282714844e+00 -4.263980388641357422e+00 7.765317335724830627e-03
-7.563006401062011719e+00 -6.281577110290527344e+00 1.046745032072067261e-01
-5.222786903381347656e+00 -4.666738033294677734e+00 8.556998334825038910e-03
-7.434411048889160156e+00 -6.098074436187744141e+00 1.023748964071273804e-01
-5.446260929107666016e+00 -4.806648254394531250e+00 8.874648250639438629e-03
-7.574252605438232422e+00 -6.135424613952636719e+00 1.037802025675773621e-01
-5.257047653198242188e+00 -4.582582473754882812e+00 8.520347066223621368e-03
-7.604728698730468750e+00 -6.083212852478027344e+00 1.036843881011009216e-01
-5.363122463226318359e+00 -4.617442607879638672e+00 8.646184578537940979e-03
-7.470068931579589844e+00 -5.900695800781250000e+00 1.013528481125831604e-01
-5.341835975646972656e+00 -4.542341709136962891e+00 8.566772565245628357e-03
-7.465922832489013672e+00 -5.823384761810302734e+00 1.008098945021629333e-01
-5.211091518402099609e+00 -4.376355648040771484e+00 8.313873782753944397e-03
-7.500721454620361328e+00 -5.776854515075683594e+00 1.007992401719093323e-01
-5.503394603729248047e+00 -4.564546108245849609e+00 8.735371753573417664e-03
-7.565476417541503906e+00 -5.753117084503173828e+00 1.011931523680686951e-01
-5.617168903350830078e+00 -4.601027965545654297e+00 8.870982564985752106e-03
-7.322357654571533203e+00 -5.497656822204589844e+00 9.748823940753936768e-02
-5.663954257965087891e+00 -4.581569194793701172e+00 8.900304324924945831e-03
-7.300524234771728516e+00 -5.411537170410156250e+00 9.675364196300506592e-02
-5.444279193878173828e+00 -4.348882675170898438e+00 8.513016626238822937e-03
-1.025852108001708984e+01 -6.952396869659423828e+00 2.509298026561737061e-01
-7.670897960662841797e+00 -5.613477706909179688e+00 1.012037992477416992e-01
-5.771569728851318359e+00 -4.552593708038330078e+00 8.980939164757728577e-03
-1.020292186737060547e+01 -6.823734760284423828e+00 2.485409528017044067e-01
-7.462839603424072266e+00 -5.391222953796386719e+00 9.802056103944778442e-02
-5.812807083129882812e+00 -4.527540683746337891e+00 9.001708589494228363e-03
-1.021205615997314453e+01 -6.739525318145751953e+00 2.477514296770095825e-01
-7.528344154357910156e+00 -5.368553161621093750e+00 9.844641387462615967e-02
-5.770721912384033203e+00 -4.438140392303466797e+00 8.894195780158042908e-03
-1.022137928009033203e+01 -6.656006813049316406e+00 2.469821423292160034e-01
-7.547242641448974609e+00 -5.312474250793457031e+00 9.826542437076568604e-02
-5.711833477020263672e+00 -4.337334632873535156e+00 8.762249723076820374e-03
-1.024940967559814453e+01 -6.585057735443115234e+00 2.466784715652465820e-01
-7.344833374023437500e+00 -5.102890968322753906e+00 9.522057324647903442e-02
-5.757542133331298828e+00 -4.316602706909179688e+00 8.791571483016014099e-03
-1.189168071746826172e+01 -6.948502063751220703e+00 4.087711870670318604e-01
-1.016295528411865234e+01 -6.441756725311279297e+00 2.436418086290359497e-01
-7.671243667602539062e+00 -5.260172843933105469e+00 9.903194755315780640e-02
-5.762217521667480469e+00 -4.265130043029785156e+00 8.758584037423133850e-03
-1.172016429901123047e+01 -6.752158164978027344e+00 4.014436304569244385e-01
-1.019974613189697266e+01 -6.377686500549316406e+00 2.435810714960098267e-01
-7.727391242980957031e+00 -5.229256153106689453e+00 9.934069961309432983e-02
-5.816538810729980469e+00 -4.250343799591064453e+00 8.801344782114028931e-03
-1.175442028045654297e+01 -6.676167964935302734e+00 4.012062847614288330e-01
-1.019784069061279297e+01 -6.289789199829101562e+00 2.426093220710754395e-01
-7.746026992797851562e+00 -5.172858238220214844e+00 9.917035698890686035e-02
-5.755730628967285156e+00 -4.151975154876708984e+00 8.670618757605552673e-03
-1.179167461395263672e+01 -6.601965427398681641e+00 4.010876417160034180e-01
-1.025076293945312500e+01 -6.235931396484375000e+00 2.429534941911697388e-01
-7.685776710510253906e+00 -5.064708709716796875e+00 9.799926728010177612e-02
-5.815311431884765625e+00 -4.140942573547363281e+00 8.721931837499141693e-03
-1.160704898834228516e+01 -6.405370712280273438e+00 3.934634029865264893e-01
-1.028540420532226562e+01 -6.170859336853027344e+00 2.428725212812423706e-01
-7.775390148162841797e+00 -5.055609703063964844e+00 9.874450415372848511e-02
-5.849609375000000000e+00 -4.111508369445800781e+00 8.735371753573417664e-03
-1.164086532592773438e+01 -6.331165313720703125e+00 3.932854235172271729e-01
-1.030930709838867188e+01 -6.099487781524658203e+00 2.425486147403717041e-01
-7.812156200408935547e+00 -5.011585235595703125e+00 9.881903231143951416e-02
-5.896911621093750000e+00 -4.090928554534912109e+00 8.768358267843723297e-03
-1.160725021362304688e+01 -6.220900535583496094e+00 3.908527791500091553e-01
-9.979516983032226562e+00 -5.821998119354248047e+00 2.339447140693664551e-01
-7.757420539855957031e+00 -4.909546852111816406e+00 9.774375706911087036e-02
-5.920251369476318359e+00 -4.053538322448730469e+00 8.765914477407932281e-03
-1.157979583740234375e+01 -6.115022659301757812e+00 3.886574804782867432e-01
-1.028458118438720703e+01 -5.915688037872314453e+00 2.402407377958297729e-01
-7.773826599121093750e+00 -4.853382587432861328e+00 9.757340699434280396e-02
-5.940040588378906250e+00 -4.013776779174804688e+00 8.758584037423133850e-03
-1.155591392517089844e+01 -6.012023448944091797e+00 3.866105079650878906e-01
-1.024763202667236328e+01 -5.811045646667480469e+00 2.385402172803878784e-01
-7.648498535156250000e+00 -4.710162162780761719e+00 9.563578665256500244e-02
-5.952908992767333984e+00 -3.969486951828002930e+00 8.741479367017745972e-03
-1.154543972015380859e+01 -5.916843414306640625e+00 3.850382268428802490e-01
-1.021676921844482422e+01 -5.710983276367187500e+00 2.370016276836395264e-01
-7.769556999206542969e+00 -4.719206333160400391e+00 9.678558260202407837e-02
-5.876072406768798828e+00 -3.866375923156738281e+00 8.593650534749031067e-03
-1.163060474395751953e+01 -5.870662689208984375e+00 3.866698443889617920e-01
-1.022885131835937500e+01 -5.635642528533935547e+00 2.364752739667892456e-01
-7.851551532745361328e+00 -4.703303813934326172e+00 9.744565933942794800e-02
-6.016269683837890625e+00 -3.905938386917114258e+00 8.763470686972141266e-03
-1.148918247222900391e+01 -5.711092472076416016e+00 3.807959258556365967e-01
-1.016395282745361328e+01 -5.518863677978515625e+00 2.341876477003097534e-01
-7.808804035186767578e+00 -4.612826347351074219e+00 9.656201303005218506e-02
-5.934864997863769531e+00 -3.801527738571166992e+00 8.610754273831844330e-03
-1.155902385711669922e+01 -5.657626628875732422e+00 3.819529116153717041e-01
-1.015971851348876953e+01 -5.436112403869628906e+00 2.333171367645263672e-01
-7.773884773254394531e+00 -4.528085708618164062e+00 9.578483551740646362e-02
-5.988511562347412109e+00 -3.784271478652954102e+00 8.654736913740634918e-03
-1.151698017120361328e+01 -5.549713134765625000e+00 3.794312775135040283e-01
-1.017607879638671875e+01 -5.364812374114990234e+00 2.329324930906295776e-01
-7.817130088806152344e+00 -4.489264488220214844e+00 9.597646445035934448e-02
-6.017559528350830078e+00 -3.751158714294433594e+00 8.663289248943328857e-03
-1.157429695129394531e+01 -5.490079402923583984e+00 3.802026212215423584e-01
-1.019549560546875000e+01 -5.295359134674072266e+00 2.326288223266601562e-01
-7.862802028656005859e+00 -4.451560497283935547e+00 9.620003402233123779e-02
-6.104351520538330078e+00 -3.753448963165283203e+00 8.754919283092021942e-03
-1.163674831390380859e+01 -5.432487964630126953e+00 3.811519145965576172e-01
-1.022067546844482422e+01 -5.229058742523193359e+00 2.324668765068054199e-01
-7.880363941192626953e+00 -4.397871017456054688e+00 9.608293324708938599e-02
-5.674947261810302734e+00 -3.441610097885131836e+00 8.108623325824737549e-03
-1.145005416870117188e+01 -5.260006427764892578e+00 3.739727139472961426e-01
-1.019989013671875000e+01 -5.139702796936035156e+00 2.312724590301513672e-01
-7.863392829895019531e+00 -4.325338840484619141e+00 9.555061161518096924e-02
-5.864167213439941406e+00 -3.507329940795898438e+00 8.348082192242145538e-03
-1.148029136657714844e+01 -5.188827991485595703e+00 3.739133775234222412e-01
-1.017660427093505859e+01 -5.049911499023437500e+00 2.300375401973724365e-01
-7.749131202697753906e+00 -4.200760841369628906e+00 9.384720772504806519e-02
-6.106943607330322266e+00 -3.601842403411865234e+00 8.662067353725433350e-03
-1.146715831756591797e+01 -5.098390102386474609e+00 3.724597096443176270e-01
-1.015349960327148438e+01 -4.961039066314697266e+00 2.288228720426559448e-01
-7.896475315093994141e+00 -4.218151569366455078e+00 9.531638771295547485e-02
-6.011364459991455078e+00 -3.495933055877685547e+00 8.495911955833435059e-03
-1.160079860687255859e+01 -5.072785854339599609e+00 3.757823407649993896e-01
-1.011527442932128906e+01 -4.865706920623779297e+00 2.272842973470687866e-01
-7.870001316070556641e+00 -4.142142772674560547e+00 9.468825906515121460e-02
-5.907779693603515625e+00 -3.387355089187622070e+00 8.319983258843421936e-03
-1.159681224822998047e+01 -4.986505031585693359e+00 3.746550083160400391e-01
-1.015668678283691406e+01 -4.809111595153808594e+00 2.275474816560745239e-01
-7.846445560455322266e+00 -4.068459987640380859e+00 9.410271793603897095e-02
-5.838786125183105469e+00 -3.300358057022094727e+00 8.194144815206527710e-03
-1.168150997161865234e+01 -4.938217639923095703e+00 3.764053285121917725e-01
-1.018872261047363281e+01 -4.747967720031738281e+00 2.276082187891006470e-01
-8.027992248535156250e+00 -4.100288391113281250e+00 9.597646445035934448e-02
-6.039752483367919922e+00 -3.365222215652465820e+00 8.447042666375637054e-03
-1.179004955291748047e+01 -4.899049758911132812e+00 3.789269626140594482e-01
-1.018494701385498047e+01 -4.670358657836914062e+00 2.268794178962707520e-01
-7.764467239379882812e+00 -3.905810117721557617e+00 9.253770858049392700e-02
-6.065546512603759766e+00 -3.330987691879272461e+00 8.454373106360435486e-03
-1.171624469757080078e+01 -4.784293174743652344e+00 3.756043314933776855e-01
-1.017695808410644531e+01 -4.591331005096435547e+00 2.260696291923522949e-01
-7.883265972137451172e+00 -3.905144691467285156e+00 9.366621822118759155e-02
-6.058607578277587891e+00 -3.278952360153198242e+00 8.416499942541122437e-03
-9.633454322814941406e+00 -3.874760389328002930e+00 3.059971094131469727e+00
-1.179083728790283203e+01 -4.730550765991210938e+00 3.770579993724822998e-01
-1.022321510314941406e+01 -4.536911010742187500e+00 2.264745086431503296e-01
-8.088623046875000000e+00 -3.945249080657958984e+00 9.581676870584487915e-02
-6.065377712249755859e+00 -3.234657287597656250e+00 8.398174308240413666e-03
-9.634745597839355469e+00 -3.806765556335449219e+00 3.052904129028320312e+00
-9.812191009521484375e+00 -3.878855705261230469e+00 2.679624795913696289e+00
-9.990084648132324219e+00 -3.951195001602172852e+00 2.307039022445678711e+00
-1.181406116485595703e+01 -4.655915737152099609e+00 3.768799901008605957e-01
-1.024811172485351562e+01 -4.472897529602050781e+00 2.264138013124465942e-01
-8.039665222167968750e+00 -3.860484361648559570e+00 9.495442360639572144e-02
-6.099274635314941406e+00 -3.204822063446044922e+00 8.417720906436443329e-03
-1.002416515350341797e+01 -3.893716573715209961e+00 2.309348583221435547e+00
-1.019889640808105469e+01 -3.959539175033569336e+00 1.933050394058227539e+00
-1.037486743927001953e+01 -4.025773525238037109e+00 1.550154089927673340e+00
-1.194215011596679688e+01 -4.621941566467285156e+00 3.800542652606964111e-01
-1.020553874969482422e+01 -4.379964828491210938e+00 2.248752117156982422e-01
-7.933921813964843750e+00 -3.749977111816406250e+00 9.343199431896209717e-02
-5.772475719451904297e+00 -2.988054275512695312e+00 7.941246964037418365e-03
-1.020735645294189453e+01 -3.890922546386718750e+00 1.930092573165893555e+00
-1.040585327148437500e+01 -3.964507341384887695e+00 1.551119923591613770e+00
-1.060640144348144531e+01 -4.036674499511718750e+00 1.162754297256469727e+00
-1.080069255828857422e+01 -4.106303691864013672e+00 7.614017724990844727e-01
-1.102750015258789062e+01 -4.190330982208251953e+00 3.501210510730743408e-01
-1.024327564239501953e+01 -4.321926116943359375e+00 2.251181453466415405e-01
-7.870650768280029297e+00 -3.661159515380859375e+00 9.242060035467147827e-02
-6.135470867156982422e+00 -3.128370761871337891e+00 8.414056152105331421e-03
-1.060114955902099609e+01 -3.960378408432006836e+00 1.159492611885070801e+00
-1.082474994659423828e+01 -4.039605617523193359e+00 7.613359689712524414e-01
-1.028463077545166016e+01 -4.714032649993896484e+00 5.315530896186828613e-01
-1.099962139129638672e+01 -4.102677822113037109e+00 3.484300673007965088e-01
-1.026128959655761719e+01 -4.255546092987060547e+00 2.249359339475631714e-01
-7.881146430969238281e+00 -3.607386827468872070e+00 9.228219091892242432e-02
-5.951692581176757812e+00 -2.988794803619384766e+00 8.136723190546035767e-03
-1.031063079833984375e+01 -4.649607181549072266e+00 5.314123630523681641e-01
-1.090913295745849609e+01 -3.992850303649902344e+00 3.447811007499694824e-01
-1.030109596252441406e+01 -4.198163986206054688e+00 2.252396047115325928e-01
-7.949633121490478516e+00 -3.579901218414306641e+00 9.282515943050384521e-02
-6.205668449401855469e+00 -3.068801403045654297e+00 8.458038792014122009e-03
-9.614602088928222656e+00 -3.877050399780273438e+00 2.937438726425170898e+00
-1.202846240997314453e+01 -4.319029808044433594e+00 3.793126046657562256e-01
-1.035172176361083984e+01 -4.144913196563720703e+00 2.257862091064453125e-01
-8.141501426696777344e+00 -3.606382846832275391e+00 9.480537474155426025e-02
-6.231574058532714844e+00 -3.034168481826782227e+00 8.467812091112136841e-03
-9.646260261535644531e+00 -3.821172237396240234e+00 2.939892292022705078e+00
-9.875267028808593750e+00 -3.907901287078857422e+00 2.583080530166625977e+00
-1.003855609893798828e+01 -3.968466520309448242e+00 2.207941293716430664e+00
-1.201891040802001953e+01 -4.232526302337646484e+00 3.781852722167968750e-01
-1.025321388244628906e+01 -4.032648086547851562e+00 2.230937033891677856e-01
-8.165309906005859375e+00 -3.557158231735229492e+00 9.482666850090026855e-02
-6.232038974761962891e+00 -2.987230300903320312e+00 8.443377912044525146e-03
-9.851059913635253906e+00 -3.828579187393188477e+00 2.570555210113525391e+00
-1.008006954193115234e+01 -3.913533687591552734e+00 2.211748600006103516e+00
-1.024035263061523438e+01 -3.971649885177612305e+00 1.830137610435485840e+00
-1.040974712371826172e+01 -4.033168315887451172e+00 1.445955395698547363e+00
-1.211646175384521484e+01 -4.183493137359619141e+00 3.804399371147155762e-01
-1.028895664215087891e+01 -3.973982095718383789e+00 2.233366370201110840e-01
-8.117126464843750000e+00 -3.477066040039062500e+00 9.401754289865493774e-02
-6.231258869171142578e+00 -2.939974308013916016e+00 8.417720906436443329e-03
-1.023226547241210938e+01 -3.896455287933349609e+00 1.824385046958923340e+00
-1.045376300811767578e+01 -3.976624250411987305e+00 1.448652744293212891e+00
-1.063592720031738281e+01 -4.041669845581054688e+00 1.057504653930664062e+00
-1.086969757080078125e+01 -4.126161575317382812e+00 6.561291813850402832e-01
-1.212296676635742188e+01 -4.102661132812500000e+00 3.798466026782989502e-01
-1.022340202331542969e+01 -3.876744270324707031e+00 2.213931679725646973e-01
-8.197288513183593750e+00 -3.452032327651977539e+00 9.469890594482421875e-02
-6.248273849487304688e+00 -2.901263475418090820e+00 8.416499942541122437e-03
-1.062507438659667969e+01 -3.963109970092773438e+00 1.053987979888916016e+00
-1.087797069549560547e+01 -4.053114414215087891e+00 6.551150083541870117e-01
-1.019191360473632812e+01 -4.660911560058593750e+00 4.207394123077392578e-01
-1.232722759246826172e+01 -4.087658882141113281e+00 3.854535520076751709e-01
-1.021607589721679688e+01 -3.802432775497436523e+00 2.207251042127609253e-01
-8.075107574462890625e+00 -3.342394113540649414e+00 9.304873645305633545e-02
-6.181368827819824219e+00 -2.824222087860107422e+00 8.302878588438034058e-03
-1.220567321777343750e+01 -3.964391708374023438e+00 3.808849155902862549e-01
-1.014436340332031250e+01 -3.705033779144287109e+00 2.186803966760635376e-01
-8.065823554992675781e+00 -3.280726909637451172e+00 9.270804375410079956e-02
-6.185812473297119141e+00 -2.780501127243041992e+00 8.285774849355220795e-03
-9.673363685607910156e+00 -3.904794931411743164e+00 2.845977544784545898e+00
-1.225358200073242188e+01 -3.896997928619384766e+00 3.816265761852264404e-01
-1.016220092773437500e+01 -3.641033649444580078e+00 2.185792028903961182e-01
-8.112730026245117188e+00 -3.241935014724731445e+00 9.301678836345672607e-02
-6.206415176391601562e+00 -2.744110584259033203e+00 8.290661498904228210e-03
-9.716870307922363281e+00 -3.853190422058105469e+00 2.851767539978027344e+00
-9.918873786926269531e+00 -3.927285194396972656e+00 2.486462593078613281e+00
-1.007636928558349609e+01 -3.981508731842041016e+00 2.109931707382202148e+00
-1.237174701690673828e+01 -3.851149559020996094e+00 3.845635354518890381e-01
-1.007304573059082031e+01 -3.539500474929809570e+00 2.161903530359268188e-01
-8.154808998107910156e+00 -3.200863838195800781e+00 9.327230602502822876e-02
-6.251564502716064453e+00 -2.718338727951049805e+00 8.328534662723541260e-03
-9.924631118774414062e+00 -3.859291076660156250e+00 2.481922864913940430e+00
-1.012806320190429688e+01 -3.930259704589843750e+00 2.115666389465332031e+00
-1.028448867797851562e+01 -3.988896608352661133e+00 1.731346845626831055e+00
-1.048217964172363281e+01 -4.055052280426025391e+00 1.350141525268554688e+00
-1.285794258117675781e+01 -3.916119098663330078e+00 3.989219963550567627e-01
-1.008890247344970703e+01 -3.475672721862792969e+00 2.160688787698745728e-01
-8.146303176879882812e+00 -3.139977216720581055e+00 9.295290708541870117e-02
-6.255253791809082031e+00 -2.674424886703491211e+00 8.311430923640727997e-03
-1.026907157897949219e+01 -3.910599231719970703e+00 1.724679470062255859e+00
-1.050315093994140625e+01 -3.989248275756835938e+00 1.349664568901062012e+00
-1.070740509033203125e+01 -4.062551021575927734e+00 9.556295871734619141e-01
-1.089485836029052734e+01 -4.129323482513427734e+00 5.474161505699157715e-01
-1.235580825805664062e+01 -3.680491447448730469e+00 3.826352357864379883e-01
-1.010056591033935547e+01 -3.410504341125488281e+00 2.158664315938949585e-01
-8.041032791137695312e+00 -3.042864322662353516e+00 9.153695404529571533e-02
-6.205170631408691406e+00 -2.608094930648803711e+00 8.223466575145721436e-03
-1.064995002746582031e+01 -3.966169595718383789e+00 9.483118653297424316e-01
-1.092373466491699219e+01 -4.063788890838623047e+00 5.476039052009582520e-01
-1.276875495910644531e+01 -3.718352556228637695e+00 3.947093784809112549e-01
-1.012510013580322266e+01 -3.349720716476440430e+00 2.159474194049835205e-01
-8.231091499328613281e+00 -3.057181119918823242e+00 9.348522871732711792e-02
-6.270041465759277344e+00 -2.590207576751708984e+00 8.288217708468437195e-03
-1.296149635314941406e+01 -3.688358068466186523e+00 3.999603092670440674e-01
-1.014831542968750000e+01 -3.288455486297607422e+00 2.160081416368484497e-01
-8.121924400329589844e+00 -2.960052251815795898e+00 9.203733503818511963e-02
-6.231149196624755859e+00 -2.529494762420654297e+00 8.216136135160923004e-03
-1.321212768554687500e+01 -3.672196865081787109e+00 4.069912135601043701e-01
-1.014733695983886719e+01 -3.219473123550415039e+00 2.155627757310867310e-01
-8.251039505004882812e+00 -2.949883699417114258e+00 9.329359978437423706e-02
-6.341295719146728516e+00 -2.528998374938964844e+00 8.340751752257347107e-03
-9.791501045227050781e+00 -3.884886264801025391e+00 2.769447565078735352e+00
-9.940998077392578125e+00 -3.934163808822631836e+00 2.389759302139282227e+00
-1.006375217437744141e+01 -3.972589254379272461e+00 2.001360893249511719e+00
-1.325466918945312500e+01 -3.596556425094604492e+00 4.076142013072967529e-01
-1.016117095947265625e+01 -3.155370473861694336e+00 2.154413014650344849e-01
-8.191607475280761719e+00 -2.872071504592895508e+00 9.242060035467147827e-02
-6.158367156982421875e+00 -2.412352800369262695e+00 8.080523461103439331e-03
-9.948576927185058594e+00 -3.866728782653808594e+00 2.385832786560058594e+00
-1.016220188140869141e+01 -3.939554214477539062e+00 2.016094207763671875e+00
-1.032363986968994141e+01 -3.993850231170654297e+00 1.632591128349304199e+00
-1.053553009033203125e+01 -4.069482326507568359e+00 1.248882293701171875e+00
-1.279818630218505859e+01 -3.388521909713745117e+00 3.929294347763061523e-01
-1.020712566375732422e+01 -3.101101160049438477e+00 2.160081416368484497e-01
-8.216640472412109375e+00 -2.824354887008666992e+00 9.250576794147491455e-02
-6.150653362274169922e+00 -2.365904092788696289e+00 8.051201701164245605e-03
-1.033592891693115234e+01 -3.925863981246948242e+00 1.630694389343261719e+00
-1.056308937072753906e+01 -4.005817890167236328e+00 1.249211907386779785e+00
-1.075451564788818359e+01 -4.071972846984863281e+00 8.505309224128723145e-01
-1.095322990417480469e+01 -4.140655994415283203e+00 4.396098554134368896e-01
-1.313134193420410156e+01 -3.390647649765014648e+00 4.025116264820098877e-01
-1.029304885864257812e+01 -3.058346509933471680e+00 2.174252569675445557e-01
-8.122945785522460938e+00 -2.736534118652343750e+00 9.126015007495880127e-02
-6.152892589569091797e+00 -2.323527097702026367e+00 8.035319857299327850e-03
-1.076995086669921875e+01 -4.002433776855468750e+00 8.497933745384216309e-01
-1.097749423980712891e+01 -4.073022842407226562e+00 4.395723640918731689e-01
-1.338259983062744141e+01 -3.368073225021362305e+00 4.095721840858459473e-01
-1.027417564392089844e+01 -2.984255552291870117e+00 2.166357189416885376e-01
-8.019939422607421875e+00 -2.647150039672851562e+00 8.991871029138565063e-02
-6.144529819488525391e+00 -2.277389287948608398e+00 8.005998097360134125e-03
-1.352048301696777344e+01 -3.314694404602050781e+00 4.131618142127990723e-01
-1.021919727325439453e+01 -2.900412082672119141e+00 2.150971591472625732e-01
-7.829564094543457031e+00 -2.531144142150878906e+00 8.760846406221389771e-02
-6.292776584625244141e+00 -2.288517951965332031e+00 8.180704899132251740e-03
-1.265581607818603516e+01 -3.020512104034423828e+00 3.861654996871948242e-01
-1.020500659942626953e+01 -2.828840255737304688e+00 2.144290953874588013e-01
-8.083279609680175781e+00 -2.558491230010986328e+00 9.027004241943359375e-02
-6.382049560546875000e+00 -2.276743173599243164e+00 8.278444409370422363e-03
-1.321936035156250000e+01 -3.069401741027832031e+00 4.027786254882812500e-01
-1.012180328369140625e+01 -2.739009857177734375e+00 2.123236656188964844e-01
-8.119840621948242188e+00 -2.515354633331298828e+00 9.050426632165908813e-02
-6.343039989471435547e+00 -2.219048738479614258e+00 8.210026659071445465e-03
-1.359967994689941406e+01 -3.069886922836303711e+00 4.137848019599914551e-01
-1.021188545227050781e+01 -2.696249485015869141e+00 2.138622254133224487e-01
-8.246129035949707031e+00 -2.499127626419067383e+00 9.173923730850219727e-02
-6.349915027618408203e+00 -2.177815914154052734e+00 8.201475255191326141e-03
-1.333023452758789062e+01 -2.923221111297607422e+00 4.050332605838775635e-01
-1.023598289489746094e+01 -2.635534048080444336e+00 2.140241861343383789e-01
-8.023545265197753906e+00 -2.378015279769897461e+00 8.909895271062850952e-02
-6.096802711486816406e+00 -2.049283742904663086e+00 7.858168333768844604e-03
-1.343395423889160156e+01 -2.859687328338623047e+00 4.076438844203948975e-01
-1.022868824005126953e+01 -2.566837310791015625e+00 2.135383188724517822e-01
-8.309791564941406250e+00 -2.407485723495483398e+00 9.211185574531555176e-02
-6.184298038482666016e+00 -2.036545991897583008e+00 7.954685017466545105e-03
-1.390546321868896484e+01 -2.870983600616455078e+00 4.214090108871459961e-01
-1.024036121368408203e+01 -2.503077507019042969e+00 2.134573459625244141e-01
-8.290732383728027344e+00 -2.346920013427734375e+00 9.173923730850219727e-02
-6.311836242675781250e+00 -2.035702705383300781e+00 8.102514781057834625e-03
-1.304167652130126953e+01 -2.609313011169433594e+00 3.947390615940093994e-01
-1.021078491210937500e+01 -2.429550886154174805e+00 2.125260978937149048e-01
-8.269317626953125000e+00 -2.286146163940429688e+00 9.134532511234283447e-02
-6.340419292449951172e+00 -2.002054452896118164e+00 8.123284205794334412e-03
-1.338323879241943359e+01 -2.592349052429199219e+00 4.045882523059844971e-01
-1.022160434722900391e+01 -2.365951061248779297e+00 2.124451249837875366e-01
-8.309254646301269531e+00 -2.242397785186767578e+00 9.163276851177215576e-02
-6.450992584228515625e+00 -1.993523359298706055e+00 8.249122649431228638e-03
-1.314836406707763672e+01 -2.463247537612915039e+00 3.970233500003814697e-01
-1.024763393402099609e+01 -2.305821657180786133e+00 2.126880586147308350e-01
-8.266772270202636719e+00 -2.176604270935058594e+00 9.101528674364089966e-02
-6.480333328247070312e+00 -1.959112167358398438e+00 8.271113969385623932e-03
-1.335502910614013672e+01 -2.417239427566528320e+00 4.028082787990570068e-01
-1.021958923339843750e+01 -2.233720064163208008e+00 2.118175476789474487e-01
-8.052366256713867188e+00 -2.067402839660644531e+00 8.851339668035507202e-02
-6.472093582153320312e+00 -1.913359165191650391e+00 8.245457895100116730e-03
-1.333317756652832031e+01 -2.328885316848754883e+00 4.017106294631958008e-01
-1.014899253845214844e+01 -2.153127670288085938e+00 2.100765258073806763e-01
-8.052289962768554688e+00 -2.014800310134887695e+00 8.837500214576721191e-02
-6.400131225585937500e+00 -1.849458694458007812e+00 8.139166980981826782e-03
-1.353745365142822266e+01 -2.279057502746582031e+00 4.074361920356750488e-01
-1.014340686798095703e+01 -2.086985826492309570e+00 2.096918821334838867e-01
-8.118906021118164062e+00 -1.978612899780273438e+00 8.897119760513305664e-02
-6.219846248626708984e+00 -1.756082534790039062e+00 7.896042428910732269e-03
-1.355118274688720703e+01 -2.195950508117675781e+00 4.074361920356750488e-01
-1.010797595977783203e+01 -2.015129566192626953e+00 2.086998969316482544e-01
-8.148406028747558594e+00 -1.932913303375244141e+00 8.916282653808593750e-02
-6.406920909881591797e+00 -1.766527175903320312e+00 8.119619451463222504e-03
-1.335897159576416016e+01 -2.080763101577758789e+00 4.012656509876251221e-01
-1.001216602325439453e+01 -1.932230353355407715e+00 2.064730077981948853e-01
-8.126985549926757812e+00 -1.875235319137573242e+00 8.880085498094558716e-02
-6.404120922088623047e+00 -1.723543405532836914e+00 8.102514781057834625e-03
-1.407733058929443359e+01 -2.104263544082641602e+00 4.224473237991333008e-01
-1.007002639770507812e+01 -1.879381537437438965e+00 2.074245065450668335e-01
-8.238836288452148438e+00 -1.847874164581298828e+00 8.989742398262023926e-02
-6.402968883514404297e+00 -1.681168556213378906e+00 8.087853901088237762e-03
-1.368825435638427734e+01 -1.960315823554992676e+00 4.104028344154357910e-01
-1.007448005676269531e+01 -1.816315889358520508e+00 2.072827965021133423e-01
-8.274445533752441406e+00 -1.802608132362365723e+00 9.016358852386474609e-02
-6.159349918365478516e+00 -1.576869487762451172e+00 7.767760660499334335e-03
-1.407733535766601562e+01 -1.927963972091674805e+00 4.217056930065155029e-01
-1.001648616790771484e+01 -1.742471337318420410e+00 2.058656811714172363e-01
-8.324482917785644531e+00 -1.760077118873596191e+00 9.058943390846252441e-02
-6.531786441802978516e+00 -1.629578948020935059e+00 8.224687539041042328e-03
-1.385499382019042969e+01 -1.810976982116699219e+00 4.147044718265533447e-01
-1.003783512115478516e+01 -1.682796835899353027e+00 2.060883641242980957e-01
-8.329248428344726562e+00 -1.707760691642761230e+00 9.052555263042449951e-02
-6.498906135559082031e+00 -1.579081296920776367e+00 8.170931600034236908e-03
-1.380434608459472656e+01 -1.718275427818298340e+00 4.128651320934295654e-01
-1.015062236785888672e+01 -1.637736201286315918e+00 2.081937938928604126e-01
-8.242472648620605469e+00 -1.637333393096923828e+00 8.947157114744186401e-02
-6.532802104949951172e+00 -1.544928550720214844e+00 8.201475255191326141e-03
-1.373422527313232422e+01 -1.624033570289611816e+00 4.104621708393096924e-01
-1.012491226196289062e+01 -1.569907426834106445e+00 2.074649930000305176e-01
-8.153186798095703125e+00 -1.567658305168151855e+00 8.839629590511322021e-02
-6.560675144195556641e+00 -1.509074091911315918e+00 8.224687539041042328e-03
-1.327606582641601562e+01 -1.487316370010375977e+00 3.964893817901611328e-01
-1.014127731323242188e+01 -1.508782505989074707e+00 2.076067030429840088e-01
-8.290454864501953125e+00 -1.541362881660461426e+00 8.978031575679779053e-02
-6.636172771453857422e+00 -1.483626365661621094e+00 8.307765237987041473e-03
-4.402470111846923828e+00 -4.658744931221008301e-01 1.313918083906173706e-01
-1.026219081878662109e+01 -1.462467670440673828e+00 2.098943144083023071e-01
-8.281056404113769531e+00 -1.487106442451477051e+00 8.957803249359130859e-02
-6.609971046447753906e+00 -1.435240864753723145e+00 8.263783529400825500e-03
-4.389331340789794922e+00 -4.372672438621520996e-01 1.309171319007873535e-01
-1.036409187316894531e+01 -1.412160754203796387e+00 2.117973119020462036e-01
-8.493974685668945312e+00 -1.471601605415344238e+00 9.178181737661361694e-02
-6.585383892059326172e+00 -1.387645483016967773e+00 8.222244679927825928e-03
-4.368046283721923828e+00 -4.080950617790222168e-01 1.302051544189453125e-01
-1.041321086883544922e+01 -1.353826045989990234e+00 2.126273214817047119e-01
-8.496927261352539062e+00 -1.418467998504638672e+00 9.171794354915618896e-02
-6.609450340270996094e+00 -1.350414991378784180e+00 8.241792209446430206e-03
-4.370468139648437500e+00 -3.812855780124664307e-01 1.302051544189453125e-01
-1.030920028686523438e+01 -1.276028394699096680e+00 2.103396952152252197e-01
-8.411678314208984375e+00 -1.351238489151000977e+00 9.070654213428497314e-02
-6.608783245086669922e+00 -1.308087348937988281e+00 8.230797015130519867e-03
-1.248054885864257812e+01 -1.011697769165039062e+00 3.716290593147277832e-01
-1.040123748779296875e+01 -1.222669720649719238e+00 2.120604813098907471e-01
-8.551247596740722656e+00 -1.319887161254882812e+00 9.212250262498855591e-02
-6.600970745086669922e+00 -1.264501690864562988e+00 8.211248554289340973e-03
-1.257224369049072266e+01 -9.415191411972045898e-01 3.741803765296936035e-01
-1.041152477264404297e+01 -1.159157872200012207e+00 2.121212184429168701e-01
-8.165499687194824219e+00 -1.209098339080810547e+00 8.788526803255081177e-02
-6.616471290588378906e+00 -1.225431919097900391e+00 8.221022784709930420e-03
-1.255883789062500000e+01 -8.630574941635131836e-01 3.736166954040527344e-01
-4.391893386840820312e+00 -4.617034494876861572e-01 8.941967785358428955e-02
-8.068811416625976562e+00 -1.144231438636779785e+00 8.676741272211074829e-02
-6.185818672180175781e+00 -1.106457471847534180e+00 7.677352987229824066e-03
-1.218480491638183594e+01 -7.622661590576171875e-01 3.623435199260711670e-01
-4.380714416503906250e+00 -4.333686530590057373e-01 8.913625776767730713e-02
-8.494822502136230469e+00 -1.151517510414123535e+00 9.127078950405120850e-02
-6.516700267791748047e+00 -1.124421715736389160e+00 8.079302497208118439e-03
-1.246369552612304688e+01 -7.029661536216735840e-01 3.705017268657684326e-01
-4.387272834777832031e+00 -4.068501889705657959e-01 8.921723067760467529e-02
-8.484869956970214844e+00 -1.097192645072937012e+00 9.108981490135192871e-02
-6.633960723876953125e+00 -1.102780818939208984e+00 8.216136135160923004e-03
-1.203650760650634766e+01 -6.048069596290588379e-01 3.576859235763549805e-01
-4.368769168853759766e+00 -3.781123459339141846e-01 8.879210054874420166e-02
-7.945592403411865234e+00 -9.779276251792907715e-01 8.523434400558471680e-02
-6.678125858306884766e+00 -1.068056106567382812e+00 8.262561634182929993e-03
-1.193214511871337891e+01 -5.261850953102111816e-01 3.544819653034210205e-01
-1.037441539764404297e+01 -8.337944149971008301e-01 2.107446044683456421e-01
-8.569204330444335938e+00 -1.001343607902526855e+00 9.185634553432464600e-02
-6.692460536956787109e+00 -1.028274655342102051e+00 8.272335864603519440e-03
-1.188021373748779297e+01 -4.508760273456573486e-01 3.528503477573394775e-01
-1.039828014373779297e+01 -7.715281248092651367e-01 2.111292481422424316e-01
-8.506608963012695312e+00 -9.411578178405761719e-01 9.112174808979034424e-02
-6.696665287017822266e+00 -9.868996143341064453e-01 8.269892074167728424e-03
-1.171891021728515625e+01 -3.727602362632751465e-01 3.479850590229034424e-01
-1.042077255249023438e+01 -7.089323997497558594e-01 2.114936411380767822e-01
-4.381920814514160156e+00 -4.576106667518615723e-01 4.690762981772422791e-02
-6.668928146362304688e+00 -9.410403966903686523e-01 8.228353224694728851e-03
-4.439480781555175781e+00 -4.384486675262451172e-01 2.095988094806671143e-01
-1.111244583129882812e+01 -2.852278947830200195e-01 3.299182951450347900e-01
-1.040397071838378906e+01 -6.436818838119506836e-01 2.110685110092163086e-01
-4.374694824218750000e+00 -4.297375380992889404e-01 4.680117219686508179e-02
-6.704307556152343750e+00 -9.041122794151306152e-01 8.265005424618721008e-03
-4.442087173461914062e+00 -4.112002849578857422e-01 2.095988094806671143e-01
-1.061830043792724609e+01 -2.073579132556915283e-01 3.152038753032684326e-01
-1.046761894226074219e+01 -5.831690430641174316e-01 2.122831642627716064e-01
-4.380236148834228516e+00 -4.031617641448974609e-01 4.683310911059379578e-02
-6.747418880462646484e+00 -8.678057789802551270e-01 8.311430923640727997e-03
-1.066834640502929688e+01 -1.428571343421936035e-01 3.166575133800506592e-01
-1.047199916839599609e+01 -5.189794898033142090e-01 2.123034149408340454e-01
-4.366687297821044922e+00 -3.749089837074279785e-01 4.666277021169662476e-02
-6.762542247772216797e+00 -8.276028037071228027e-01 8.323648013174533844e-03
-1.057506561279296875e+01 -7.671313732862472534e-02 3.138688802719116211e-01
-1.046599674224853516e+01 -4.543244838714599609e-01 2.121212184429168701e-01
-8.559387207031250000e+00 -6.820002198219299316e-01 9.141985327005386353e-02
-6.784379482269287109e+00 -7.880545258522033691e-01 8.344417437911033630e-03
-1.041040992736816406e+01 -1.163990050554275513e-02 3.089739680290222168e-01
-1.045959568023681641e+01 -3.897627294063568115e-01 2.119390219449996948e-01
-8.391881942749023438e+00 -6.168594956398010254e-01 8.958867192268371582e-02
-4.480002403259277344e+00 -4.925442039966583252e-01 5.506338551640510559e-03
-4.395141601562500000e+00 -4.574889540672302246e-01 1.658947616815567017e-01
-1.042227935791015625e+01 5.229757726192474365e-02 3.093299269676208496e-01
-1.044580078125000000e+01 -3.250789046287536621e-01 2.116151005029678345e-01
-8.387528419494628906e+00 -5.648188591003417969e-01 8.950351178646087646e-02
-4.433207035064697266e+00 -4.598869681358337402e-01 5.445251706987619400e-03
-4.410795211791992188e+00 -4.317778944969177246e-01 1.663824766874313354e-01
-1.041976356506347656e+01 1.162241995334625244e-01 3.092705905437469482e-01
-1.045459556579589844e+01 -2.611533105373382568e-01 2.117568105459213257e-01
-8.454712867736816406e+00 -5.172512531280517578e-01 9.018487483263015747e-02
-4.418030261993408203e+00 -4.309292435646057129e-01 5.423260387033224106e-03
-4.398434162139892578e+00 -4.033367931842803955e-01 1.658197194337844849e-01
-1.044284057617187500e+01 1.805712282657623291e-01 3.099825978279113770e-01
-1.043101024627685547e+01 -1.965293884277343750e-01 2.112507075071334839e-01
-8.493670463562011719e+00 -4.673420488834381104e-01 9.056813269853591919e-02
-4.423579216003417969e+00 -4.040855467319488525e-01 5.426926072686910629e-03
-1.042654705047607422e+01 2.442927211523056030e-01 3.095376193523406982e-01
-1.044501686096191406e+01 -1.326873153448104858e-01 2.115138918161392212e-01
-8.328588485717773438e+00 -4.070172011852264404e-01 8.877956122159957886e-02
-4.408040046691894531e+00 -3.754079341888427734e-01 5.404934752732515335e-03
-1.410422134399414062e+01 -9.754447638988494873e-02 7.959756851196289062e-01
-1.042685031890869141e+01 3.083232939243316650e-01 3.095969557762145996e-01
-1.041664028167724609e+01 -6.840499490499496460e-02 2.109268009662628174e-01
-8.578689575195312500e+00 -3.664908707141876221e-01 9.141985327005386353e-02
-6.823741912841796875e+00 -5.389874577522277832e-01 8.362743072211742401e-03
-1.409157466888427734e+01 -1.099064107984304428e-02 7.952432036399841309e-01
-1.043674945831298828e+01 3.727235198020935059e-01 3.099529445171356201e-01
-1.042586231231689453e+01 -4.492276813834905624e-03 2.111089974641799927e-01
-8.593766212463378906e+00 -3.143212199211120605e-01 9.155824780464172363e-02
-6.842878341674804688e+00 -4.982696175575256348e-01 8.382291533052921295e-03
-1.043526363372802734e+01 4.367969930171966553e-01 3.099825978279113770e-01
-1.044368934631347656e+01 5.958236381411552429e-02 2.114733904600143433e-01
-8.500582695007324219e+00 -2.586953341960906982e-01 9.054684638977050781e-02
-6.851793289184570312e+00 -4.566721320152282715e-01 8.389621041715145111e-03
-1.043737888336181641e+01 5.010579824447631836e-01 3.101309239864349365e-01
-1.043013095855712891e+01 1.235086247324943542e-01 2.112102210521697998e-01
-8.522003173828125000e+00 -2.070175558328628540e-01 9.075977653264999390e-02
-6.684777259826660156e+00 -4.043573439121246338e-01 8.181927725672721863e-03
-1.334594821929931641e+01 -2.492648661136627197e-01 6.271538138389587402e-01
-1.043810081481933594e+01 5.653073191642761230e-01 3.102495968341827393e-01
-1.042517852783203125e+01 1.874324977397918701e-01 2.111292481422424316e-01
-8.606095314025878906e+00 -1.562300324440002441e-01 9.164342284202575684e-02
-6.776000976562500000e+00 -3.681612014770507812e-01 8.290661498904228210e-03
-1.277090740203857422e+01 -1.601440757513046265e-01 6.000739932060241699e-01
-1.043144226074218750e+01 6.291631460189819336e-01 3.101606070995330811e-01
-1.042583084106445312e+01 2.514448761940002441e-01 2.111697345972061157e-01
-8.501904487609863281e+00 -1.021595597267150879e-01 9.052555263042449951e-02
-6.924962043762207031e+00 -3.336519300937652588e-01 8.470255881547927856e-03
-1.275866413116455078e+01 -8.169709891080856323e-02 5.994638800621032715e-01
-1.046728038787841797e+01 6.958094239234924316e-01 3.113472461700439453e-01
-1.042808914184570312e+01 3.155327737331390381e-01 2.112507075071334839e-01
-8.670359611511230469e+00 -5.097863823175430298e-02 9.231413900852203369e-02
-6.957851409912109375e+00 -2.924567162990570068e-01 8.508129045367240906e-03
-1.121163272857666016e+01 -2.996348543092608452e-03 5.267660617828369141e-01
-1.044088077545166016e+01 7.584291100502014160e-01 3.106945753097534180e-01
-1.038599205017089844e+01 3.780576288700103760e-01 2.104409188032150269e-01
-8.618512153625488281e+00 2.209314377978444099e-03 9.176053106784820557e-02
-6.976504325866699219e+00 -2.503683567047119141e-01 8.528898470103740692e-03
-1.055080890655517578e+01 4.452075958251953125e-01 5.959534645080566406e-01
-1.122941970825195312e+01 6.590250879526138306e-02 5.276108384132385254e-01
-1.045695686340332031e+01 8.241280913352966309e-01 3.113175928592681885e-01
-1.041843700408935547e+01 4.432652294635772705e-01 2.111494690179824829e-01
-8.940310478210449219e+00 5.714964494109153748e-02 9.518863260746002197e-02
-6.919934749603271484e+00 -2.058321684598922729e-01 8.458038792014122009e-03
-1.207266902923583984e+01 5.836538076400756836e-01 6.821038722991943359e-01
-1.299972248077392578e+01 1.560638695955276489e-01 6.108214259147644043e-01
-1.249561119079589844e+01 -2.993169724941253662e-01 4.692473113536834717e-01
-1.044871520996093750e+01 8.880212903022766113e-01 3.112285733222961426e-01
-1.037058353424072266e+01 5.049949884414672852e-01 2.102384716272354126e-01
-9.059776306152343750e+00 1.135085523128509521e-01 9.646619856357574463e-02
-6.856085300445556641e+00 -1.618345081806182861e-01 8.378625847399234772e-03
-1.155834674835205078e+01 2.096973657608032227e-01 5.431453585624694824e-01
-1.218747997283935547e+01 -2.171217948198318481e-01 4.576174318790435791e-01
-1.044306945800781250e+01 9.521166682243347168e-01 3.112285733222961426e-01
-1.032136917114257812e+01 5.660995244979858398e-01 2.093072384595870972e-01
-8.836960792541503906e+00 1.649532020092010498e-01 9.410271793603897095e-02
-6.977931022644042969e+00 -1.218763813376426697e-01 8.526455610990524292e-03
-1.170263767242431641e+01 2.841542065143585205e-01 5.499974489212036133e-01
-1.059481430053710938e+01 -1.237249076366424561e-01 3.977797627449035645e-01
-1.047284603118896484e+01 1.019663214683532715e+00 3.122965693473815918e-01
-1.033067417144775391e+01 6.302109956741333008e-01 2.095704078674316406e-01
-9.116680145263671875e+00 2.261403650045394897e-01 9.709433466196060181e-02
-6.984546661376953125e+00 -7.912626862525939941e-02 8.533785119652748108e-03
-1.182547855377197266e+01 3.597516715526580811e-01 5.558639764785766602e-01
-1.037952899932861328e+01 -5.751791968941688538e-02 3.896763324737548828e-01
-1.046639156341552734e+01 1.083904266357421875e+00 3.122965693473815918e-01
-1.044332599639892578e+01 7.014260292053222656e-01 2.119390219449996948e-01
-9.017172813415527344e+00 2.790439128875732422e-01 9.605098515748977661e-02
-6.966901302337646484e+00 -3.617494553327560425e-02 8.511794731020927429e-03
-1.245301437377929688e+01 9.088245630264282227e-01 7.046415805816650391e-01
-1.166932106018066406e+01 4.266836643218994141e-01 5.486363768577575684e-01
-1.039767456054687500e+01 6.181446835398674011e-03 3.903516530990600586e-01
-1.046550655364990234e+01 1.148758888244628906e+00 3.124745786190032959e-01
-1.033911323547363281e+01 7.581798434257507324e-01 2.099145650863647461e-01
-8.782464027404785156e+00 3.257317245006561279e-01 9.357040375471115112e-02
-6.919992446899414062e+00 6.529489532113075256e-03 8.454373106360435486e-03
-1.157366943359375000e+01 4.943131804466247559e-01 5.442717075347900391e-01
-1.039544200897216797e+01 6.996680796146392822e-02 3.902766108512878418e-01
-1.044138145446777344e+01 1.210994720458984375e+00 3.119702339172363281e-01
-1.044589233398437500e+01 8.304797410964965820e-01 2.121819555759429932e-01
-8.725354194641113281e+00 3.772382140159606934e-01 9.298484772443771362e-02
-6.802824974060058594e+00 4.816134646534919739e-02 8.311430923640727997e-03
-1.155545425415039062e+01 5.645874142646789551e-01 5.435677170753479004e-01
-1.035584735870361328e+01 1.332492977380752563e-01 3.888134956359863281e-01
-1.040894889831542969e+01 1.272007703781127930e+00 3.112285733222961426e-01
-1.041669178009033203e+01 8.925104737281799316e-01 2.116960883140563965e-01
-8.877678871154785156e+00 4.384136497974395752e-01 9.463503211736679077e-02
-6.810400485992431641e+00 9.000750631093978882e-02 8.321204222738742828e-03
-1.153980350494384766e+01 6.348212957382202148e-01 5.430045723915100098e-01
-1.038980388641357422e+01 1.974536478519439697e-01 3.901265263557434082e-01
-1.044258880615234375e+01 1.341199994087219238e+00 3.124745786190032959e-01
-1.042495822906494141e+01 9.576897025108337402e-01 2.119795083999633789e-01
-9.103455543518066406e+00 5.055753588676452637e-01 9.707303345203399658e-02
-6.994685173034667969e+00 1.353734135627746582e-01 8.547225035727024078e-03
-1.184477138519287109e+01 7.245221138000488281e-01 5.575534701347351074e-01
-1.040038394927978516e+01 2.615019679069519043e-01 3.905767202377319336e-01
-1.044307804107666016e+01 1.406449913978576660e+00 3.127415776252746582e-01
-1.046764183044433594e+01 1.026418805122375488e+00 2.129714787006378174e-01
-8.737891197204589844e+00 5.390725731849670410e-01 9.320842474699020386e-02
-6.962732791900634766e+00 1.774994283914566040e-01 8.509350940585136414e-03
-1.184508609771728516e+01 7.975221276283264160e-01 5.577881336212158203e-01
-1.036662292480468750e+01 3.243127167224884033e-01 3.893762230873107910e-01
-1.044315910339355469e+01 1.471756339073181152e+00 3.130085468292236328e-01
-1.048501205444335938e+01 1.093115925788879395e+00 2.134573459625244141e-01
-8.944923400878906250e+00 6.069609522819519043e-01 9.545479714870452881e-02
-7.037474632263183594e+00 2.226215749979019165e-01 8.602202869951725006e-03
-1.181606101989746094e+01 8.684300184249877930e-01 5.566617846488952637e-01
-1.036843109130859375e+01 3.880645036697387695e-01 3.895262777805328369e-01
-1.045568847656250000e+01 1.539009094238281250e+00 3.136612176895141602e-01
-1.047214508056640625e+01 1.156771421432495117e+00 2.133358716964721680e-01
-8.942027091979980469e+00 6.619083285331726074e-01 9.546543657779693604e-02
-6.703213691711425781e+00 2.532277405261993408e-01 8.195365779101848602e-03
-1.190311336517333984e+01 9.482932090759277344e-01 5.610264539718627930e-01
-1.038282775878906250e+01 4.524162411689758301e-01 3.901640772819519043e-01
-1.046580791473388672e+01 1.606167435646057129e+00 3.142545223236083984e-01
-1.045491981506347656e+01 1.219846963882446289e+00 2.131334394216537476e-01
-8.815198898315429688e+00 7.069313526153564453e-01 9.415595233440399170e-02
-6.922320842742919922e+00 3.040508031845092773e-01 8.465369231998920441e-03
-1.191100406646728516e+01 1.022507548332214355e+00 5.616835355758666992e-01
-1.036189079284667969e+01 5.152223110198974609e-01 3.894887864589691162e-01
-1.045575523376464844e+01 1.670354127883911133e+00 3.142545223236083984e-01
-1.043235301971435547e+01 1.282144784927368164e+00 2.128297686576843262e-01
-8.859510421752929688e+00 7.652234435081481934e-01 9.467761963605880737e-02
-7.029188156127929688e+00 3.519707024097442627e-01 8.598537184298038483e-03
-1.187267589569091797e+01 1.092643618583679199e+00 5.601817369461059570e-01
-1.037050628662109375e+01 5.794609189033508301e-01 3.899389505386352539e-01
-1.042164421081542969e+01 1.730548262596130371e+00 3.135425448417663574e-01
-1.044511222839355469e+01 1.348821282386779785e+00 2.132548987865447998e-01
-9.214091300964355469e+00 8.528393507003784180e-01 9.852093458175659180e-02
-7.065834999084472656e+00 3.972837328910827637e-01 8.646184578537940979e-03
-1.225842285156250000e+01 1.204041481018066406e+00 5.787198543548583984e-01
-1.036276721954345703e+01 6.428347826004028320e-01 3.897888958454132080e-01
-1.041673946380615234e+01 1.795480489730834961e+00 3.137205541133880615e-01
-1.043862056732177734e+01 1.413154125213623047e+00 2.132953852415084839e-01
-8.325033187866210938e+00 8.220990300178527832e-01 8.906701207160949707e-02
-7.098196506500244141e+00 4.428106248378753662e-01 8.688945323228836060e-03
-1.364368724822998047e+01 1.424680590629577637e+00 6.445187330245971680e-01
-1.035962486267089844e+01 7.064754366874694824e-01 3.898264169692993164e-01
-1.043209362030029297e+01 1.864109873771667480e+00 3.145215213298797607e-01
-1.044658184051513672e+01 1.479561209678649902e+00 2.136395424604415894e-01
-8.952322959899902344e+00 9.395448565483093262e-01 9.583806991577148438e-02
-7.092352867126464844e+00 4.861508309841156006e-01 8.685279637575149536e-03
-1.331201553344726562e+01 1.472673296928405762e+00 6.292657852172851562e-01
-1.039595222473144531e+01 7.730658650398254395e-01 3.913645446300506592e-01
-1.043323707580566406e+01 1.930449128150939941e+00 3.149071931838989258e-01
-1.041950416564941406e+01 1.540999531745910645e+00 2.132751494646072388e-01
-8.976203918457031250e+00 9.977716803550720215e-01 9.615745395421981812e-02
-7.083252906799316406e+00 5.292124748229980469e-01 8.677949197590351105e-03
-1.319557571411132812e+01 1.541806578636169434e+00 6.241970658302307129e-01
-1.037906074523925781e+01 8.358770608901977539e-01 3.909143507480621338e-01
-1.042610454559326172e+01 1.995369434356689453e+00 3.150555491447448730e-01
-1.041281700134277344e+01 1.605360269546508789e+00 2.133358716964721680e-01
-8.956008911132812500e+00 1.051197886466979980e+00 9.600840508937835693e-02
-7.118745326995849609e+00 5.758088231086730957e-01 8.725597523152828217e-03
-1.241355228424072266e+01 1.527697801589965820e+00 5.876370072364807129e-01
-1.039762973785400391e+01 9.016179442405700684e-01 3.918147385120391846e-01
-1.044602394104003906e+01 2.065704107284545898e+00 3.160345256328582764e-01
-1.044423198699951172e+01 1.675874829292297363e+00 2.141861468553543091e-01
-9.086339950561523438e+00 1.123057961463928223e+00 9.747759252786636353e-02
-7.111093521118164062e+00 6.191309094429016113e-01 8.720710873603820801e-03
-1.217213249206542969e+01 1.573863625526428223e+00 5.766548514366149902e-01
-1.036702728271484375e+01 9.630887508392333984e-01 3.908768594264984131e-01
-1.044196605682373047e+01 2.131560087203979492e+00 3.163015246391296387e-01
-1.043375301361083984e+01 1.739927887916564941e+00 2.141861468553543091e-01
-8.895829200744628906e+00 1.154971718788146973e+00 9.550803154706954956e-02
-7.124086856842041016e+00 6.643304824829101562e-01 8.741479367017745972e-03
-1.242653560638427734e+01 1.684343576431274414e+00 5.891857743263244629e-01
-1.037981700897216797e+01 1.028553724288940430e+00 3.915896713733673096e-01
-1.043064689636230469e+01 2.196002483367919922e+00 3.163608312606811523e-01
-1.044356822967529297e+01 1.807495951652526855e+00 2.146112918853759766e-01
-8.408030509948730469e+00 1.144142627716064453e+00 9.034456312656402588e-02
-6.974593639373779297e+00 6.935829520225524902e-01 8.563106879591941833e-03
-1.285211753845214844e+01 1.822405099868774414e+00 6.098828315734863281e-01
-1.038821697235107422e+01 1.093793272972106934e+00 3.921523690223693848e-01
-1.042576789855957031e+01 2.261869668960571289e+00 3.166278302669525146e-01
-1.045097827911376953e+01 1.874896764755249023e+00 2.149959355592727661e-01
-8.767138481140136719e+00 1.247846245765686035e+00 9.428369998931884766e-02
-7.004018306732177734e+00 7.399372458457946777e-01 8.604645729064941406e-03
-1.284464550018310547e+01 1.901815056800842285e+00 6.100705265998840332e-01
-1.037634468078613281e+01 1.156960010528564453e+00 3.919648230075836182e-01
-1.044778633117675781e+01 2.333861351013183594e+00 3.177254796028137207e-01
-1.045893669128417969e+01 1.942638993263244629e+00 2.154008150100708008e-01
-8.752393722534179688e+00 1.300588011741638184e+00 9.420917183160781860e-02
-7.064937114715576172e+00 7.902356982231140137e-01 8.685279637575149536e-03
-1.412795352935791016e+01 2.180495500564575195e+00 6.716454625129699707e-01
-1.037401199340820312e+01 1.221190333366394043e+00 3.921523690223693848e-01
-1.047418498992919922e+01 2.407327413558959961e+00 3.189714848995208740e-01
-1.044092941284179688e+01 2.005645751953125000e+00 2.152793556451797485e-01
-9.476477622985839844e+00 1.467671275138854980e+00 1.020980924367904663e-01
-7.098686218261718750e+00 8.381434679031372070e-01 8.732927963137626648e-03
-1.361723613739013672e+01 2.187298536300659180e+00 6.479917168617248535e-01
-1.036136531829833984e+01 1.284206628799438477e+00 3.919648230075836182e-01
-1.047769927978515625e+01 2.475918054580688477e+00 3.195351362228393555e-01
-1.043333053588867188e+01 2.070645332336425781e+00 2.153805792331695557e-01
-9.078334808349609375e+00 1.463103890419006348e+00 9.790344536304473877e-02
-6.795701503753662109e+00 8.446803092956542969e-01 8.366408757865428925e-03
-1.459670543670654297e+01 2.436594724655151367e+00 6.952992677688598633e-01
-1.037013626098632812e+01 1.349951386451721191e+00 3.926025629043579102e-01
-1.046036720275878906e+01 2.539689540863037109e+00 3.194757699966430664e-01
-1.043903827667236328e+01 2.138436317443847656e+00 2.157652229070663452e-01
-9.120469093322753906e+00 1.527368187904357910e+00 9.845705330371856689e-02
-7.308990478515625000e+00 9.540558457374572754e-01 9.005373343825340271e-03
-1.279016780853271484e+01 2.215783596038818359e+00 6.098828315734863281e-01
-1.039730262756347656e+01 1.418418645858764648e+00 3.939531445503234863e-01
-1.045428562164306641e+01 2.606243371963500977e+00 3.197724521160125732e-01
-1.042963314056396484e+01 2.203275442123413086e+00 2.158461958169937134e-01
-9.270524978637695312e+00 1.611036896705627441e+00 1.001817584037780762e-01
-7.117724418640136719e+00 9.735436439514160156e-01 8.776910603046417236e-03
-1.278026390075683594e+01 2.294927120208740234e+00 6.100705265998840332e-01
-1.043292140960693359e+01 1.488540291786193848e+00 3.956413567066192627e-01
-1.045068645477294922e+01 2.673561334609985352e+00 3.201581239700317383e-01
-1.042959403991699219e+01 2.270205974578857422e+00 2.161296159029006958e-01
-9.051835060119628906e+00 1.630313158035278320e+00 9.792474657297134399e-02
-7.052221298217773438e+00 1.008703351020812988e+00 8.703606203198432922e-03
-1.407798862457275391e+01 2.617223262786865234e+00 6.727718710899353027e-01
-1.040580081939697266e+01 1.549877643585205078e+00 3.949660956859588623e-01
-1.046308994293212891e+01 2.745245218276977539e+00 3.210481107234954834e-01
-1.043595600128173828e+01 2.338749408721923828e+00 2.165547460317611694e-01
-9.088844299316406250e+00 1.694620847702026367e+00 9.843575954437255859e-02
-6.996447086334228516e+00 1.044572710990905762e+00 8.642519824206829071e-03
-1.041979312896728516e+01 1.617375731468200684e+00 3.958664536476135254e-01
-1.045956230163574219e+01 2.813028335571289062e+00 3.214634358882904053e-01
-1.046037864685058594e+01 2.411723852157592773e+00 2.173645198345184326e-01
-9.288393020629882812e+00 1.790869355201721191e+00 1.007140651345252991e-01
-7.095633983612060547e+00 1.103931546211242676e+00 8.773244917392730713e-03
-1.041657924652099609e+01 1.682395458221435547e+00 3.961290717124938965e-01
-1.045656013488769531e+01 2.881136894226074219e+00 3.219084441661834717e-01
-1.046678638458251953e+01 2.480935335159301758e+00 2.178099006414413452e-01
-9.292921066284179688e+00 1.850953578948974609e+00 1.008844152092933655e-01
-7.234825134277343750e+00 1.171097636222839355e+00 8.954061195254325867e-03
-1.041000175476074219e+01 1.746940255165100098e+00 3.962791264057159424e-01
-6.986059188842773438e+00 1.971095204353332520e+00 2.154362797737121582e-01
-1.045525169372558594e+01 2.546057701110839844e+00 2.178908735513687134e-01
-8.899397850036621094e+00 1.829414606094360352e+00 9.673235565423965454e-02
-7.264977455139160156e+00 1.221769690513610840e+00 9.000486694276332855e-03
-1.040007114410400391e+01 1.810953259468078613e+00 3.963166475296020508e-01
-6.979594707489013672e+00 2.015587568283081055e+00 2.156142592430114746e-01
-1.044525241851806641e+01 2.611616849899291992e+00 2.180123329162597656e-01
-9.550252914428710938e+00 2.024362087249755859e+00 1.039399057626724243e-01
-7.207102775573730469e+00 1.257557272911071777e+00 8.938178420066833496e-03
-1.040056419372558594e+01 1.876862406730651855e+00 3.967668116092681885e-01
-1.045543766021728516e+01 3.088979482650756836e+00 3.235697448253631592e-01
-1.044646358489990234e+01 2.680130958557128906e+00 2.183767408132553101e-01
-9.375483512878417969e+00 2.047507286071777344e+00 1.021726131439208984e-01
-7.281910419464111328e+00 1.316701889038085938e+00 9.040803648531436920e-03
-1.085544776916503906e+01 2.027803897857666016e+00 4.145868420600891113e-01
-1.047073364257812500e+01 3.163481950759887695e+00 3.246377408504486084e-01
-1.045205974578857422e+01 2.750030040740966797e+00 2.188423573970794678e-01
-8.957873344421386719e+00 2.013969898223876953e+00 9.775439649820327759e-02
-7.229462623596191406e+00 1.353079557418823242e+00 8.985825814306735992e-03
-1.066422939300537109e+01 2.059880971908569336e+00 4.077589511871337891e-01
-1.049028205871582031e+01 3.239762544631958008e+00 3.258540332317352295e-01
-1.045139980316162109e+01 2.818536281585693359e+00 2.191865295171737671e-01
-9.308733940124511719e+00 2.152941226959228516e+00 1.017254665493965149e-01
-7.189606666564941406e+00 1.391333341598510742e+00 8.946730755269527435e-03
-1.040737533569335938e+01 2.076588392257690430e+00 3.984175324440002441e-01
-1.047973823547363281e+01 3.307076930999755859e+00 3.261506855487823486e-01
-1.045511054992675781e+01 2.888469219207763672e+00 2.196319103240966797e-01
-9.713664054870605469e+00 2.309474706649780273e+00 1.063033863902091980e-01
-7.115234375000000000e+00 1.422288775444030762e+00 8.864874951541423798e-03
-1.042184257507324219e+01 2.146050930023193359e+00 3.994679749011993408e-01
-1.049159622192382812e+01 3.381743192672729492e+00 3.271593749523162842e-01
-6.965181350708007812e+00 1.970373272895812988e+00 1.465697288513183594e-01
-9.631313323974609375e+00 2.352425098419189453e+00 1.055581495165824890e-01
-7.156321525573730469e+00 1.476223587989807129e+00 8.927182294428348541e-03
-1.040163612365722656e+01 2.208505153656005859e+00 3.992053568363189697e-01
-1.047919368743896484e+01 3.448867082595825195e+00 3.274263441562652588e-01
-6.979849815368652344e+00 2.020859003067016602e+00 1.471365690231323242e-01
-9.126891136169433594e+00 2.288653850555419922e+00 1.001817584037780762e-01
-7.363293647766113281e+00 1.566081762313842773e+00 9.197184816002845764e-03
-1.040350818634033203e+01 2.275703430175781250e+00 3.998056054115295410e-01
-1.046636199951171875e+01 3.515965938568115234e+00 3.276933431625366211e-01
-1.045385456085205078e+01 3.096324682235717773e+00 2.207655906677246094e-01
-9.532963752746582031e+00 2.452748537063598633e+00 1.048022583127021790e-01
-7.348661422729492188e+00 1.610162496566772461e+00 9.191076271235942841e-03
-1.042639541625976562e+01 2.347837209701538086e+00 4.012312293052673340e-01
-1.048146820068359375e+01 3.592760562896728516e+00 3.288503587245941162e-01
-1.046814918518066406e+01 3.170553445816040039e+00 2.214741408824920654e-01
-9.398810386657714844e+00 2.479818344116210938e+00 1.034927591681480408e-01
-7.262554645538330078e+00 1.638061046600341797e+00 9.095781482756137848e-03
-1.043028926849365234e+01 2.416052818298339844e+00 4.019440114498138428e-01
-1.050262928009033203e+01 3.672181606292724609e+00 3.302149772644042969e-01
-1.047714996337890625e+01 3.243595361709594727e+00 2.220814675092697144e-01
-9.752152442932128906e+00 2.637153863906860352e+00 1.075596511363983154e-01
-7.378029346466064453e+00 1.711746811866760254e+00 9.253384545445442200e-03
-1.042984962463378906e+01 2.483478307723999023e+00 4.025067389011383057e-01
-1.051285171508789062e+01 3.748304367065429688e+00 3.312532901763916016e-01
-1.048850727081298828e+01 3.317771673202514648e+00 2.227495312690734863e-01
-9.752169609069824219e+00 2.701480388641357422e+00 1.077406406402587891e-01
-7.356687545776367188e+00 1.754433512687683105e+00 9.239945560693740845e-03
-1.043577003479003906e+01 2.552651643753051758e+00 4.033320844173431396e-01
-1.051783752441406250e+01 3.822983264923095703e+00 3.321432769298553467e-01
-1.050125026702880859e+01 3.392823457717895508e+00 2.234580963850021362e-01
-6.991794109344482422e+00 1.983092188835144043e+00 7.737736403942108154e-02
-7.394348144531250000e+00 1.811437368392944336e+00 9.301031939685344696e-03
-1.044511032104492188e+01 2.622964143753051758e+00 4.043075144290924072e-01
-1.051948928833007812e+01 3.896822452545166016e+00 3.329442739486694336e-01
-1.048023509979248047e+01 3.457194089889526367e+00 2.234580963850021362e-01
-6.957407474517822266e+00 2.019544363021850586e+00 7.713250070810317993e-02
-7.415097713470458984e+00 1.864822626113891602e+00 9.341349825263023376e-03
-1.043752861022949219e+01 2.689248800277709961e+00 4.046451449394226074e-01
-1.052343559265136719e+01 3.971884250640869141e+00 3.338342607021331787e-01
-1.046166706085205078e+01 3.522391796112060547e+00 2.235188335180282593e-01
-9.986447334289550781e+00 2.965349912643432617e+00 1.109132319688796997e-01
-7.390927791595458984e+00 1.907037734985351562e+00 9.325467050075531006e-03
-1.043628978729248047e+01 2.757325649261474609e+00 4.052453935146331787e-01
-1.051845932006835938e+01 4.043912887573242188e+00 3.344572484493255615e-01
-1.050793743133544922e+01 3.609905242919921875e+00 2.249764353036880493e-01
-9.968064308166503906e+00 3.026569843292236328e+00 1.109132319688796997e-01
-7.407122611999511719e+00 1.959769248962402344e+00 9.360896423459053040e-03
-1.045293426513671875e+01 2.830451250076293945e+00 4.065584540367126465e-01
-1.052323341369628906e+01 4.120038032531738281e+00 3.354065716266632080e-01
-1.050068664550781250e+01 3.679602861404418945e+00 2.253003418445587158e-01
-9.687632560729980469e+00 3.006467819213867188e+00 1.079961434006690979e-01
-7.422947883605957031e+00 2.012771129608154297e+00 9.396327659487724304e-03
-1.044981384277343750e+01 2.898542404174804688e+00 4.071211814880371094e-01
-1.053211021423339844e+01 4.198224067687988281e+00 3.365042209625244141e-01
-1.048638439178466797e+01 3.746992349624633789e+00 2.254825383424758911e-01
-9.952096939086914062e+00 3.155616998672485352e+00 1.111581027507781982e-01
-6.972054958343505859e+00 1.936511635780334473e+00 8.840439841151237488e-03
-7.014474868774414062e+00 1.992088198661804199e+00 2.737525999546051025e-01
-1.052097129821777344e+01 4.268781661987304688e+00 3.369788825511932373e-01
-1.050546932220458984e+01 3.826663494110107422e+00 2.263935357332229614e-01
-9.852636337280273438e+00 3.190743923187255859e+00 1.102638095617294312e-01
-6.935994625091552734e+00 1.972416758537292480e+00 8.809897117316722870e-03
-1.045088195800781250e+01 3.037436485290527344e+00 4.085843265056610107e-01
-1.053246021270751953e+01 4.348897457122802734e+00 3.381952047348022461e-01
-1.052115821838378906e+01 3.905665397644042969e+00 2.272438108921051025e-01
-9.882242202758789062e+00 3.267461776733398438e+00 1.108174175024032593e-01
-6.889195442199707031e+00 2.004878759384155273e+00 8.765914477407932281e-03
-1.046940422058105469e+01 3.112610816955566406e+00 4.100474119186401367e-01
-1.053875350952148438e+01 4.427379131317138672e+00 3.392632007598876953e-01
-1.051850318908691406e+01 3.978283166885375977e+00 2.277094274759292603e-01
-9.835478782653808594e+00 3.319084167480468750e+00 1.105193197727203369e-01
-7.270680427551269531e+00 2.164375543594360352e+00 9.268045425415039062e-03
-1.046444988250732422e+01 3.181151151657104492e+00 4.106101691722869873e-01
-1.053896331787109375e+01 4.503743648529052734e+00 3.401531577110290527e-01
-1.052748203277587891e+01 4.055687904357910156e+00 2.284382283687591553e-01
-1.010140609741210938e+01 3.478008031845092773e+00 1.137451604008674622e-01
-7.268743515014648438e+00 2.212440967559814453e+00 9.282706305384635925e-03
-1.045332241058349609e+01 3.247968435287475586e+00 4.109477996826171875e-01
-1.052671527862548828e+01 4.575098037719726562e+00 3.406575024127960205e-01
-1.052566719055175781e+01 4.129335403442382812e+00 2.289443463087081909e-01
-1.007798767089843750e+01 3.539260625839233398e+00 1.137238591909408569e-01
-6.779510498046875000e+00 2.109067678451538086e+00 8.674284443259239197e-03
-1.048748683929443359e+01 3.329282283782958984e+00 4.130862057209014893e-01
-1.054415798187255859e+01 4.659804821014404297e+00 3.421408236026763916e-01
-1.055769729614257812e+01 4.216834068298339844e+00 2.301994860172271729e-01
-9.970413208007812500e+00 3.570354461669921875e+00 1.127550452947616577e-01
-7.464052200317382812e+00 2.372352838516235352e+00 9.568590670824050903e-03
-1.047446537017822266e+01 3.396034955978393555e+00 4.133863151073455811e-01
-1.053269100189208984e+01 4.732198238372802734e+00 3.427044749259948730e-01
-1.054366493225097656e+01 4.286430358886718750e+00 2.304626852273941040e-01
-1.013148498535156250e+01 3.698326349258422852e+00 1.148310750722885132e-01
-7.512130737304687500e+00 2.438483953475952148e+00 9.649225510656833649e-03
-1.404130554199218750e+01 5.215028762817382812e+00 7.037470340728759766e-01
-1.045058536529541016e+01 3.459299325942993164e+00 4.132737815380096436e-01
-1.056346607208251953e+01 4.824141502380371094e+00 3.446624577045440674e-01
-1.056520652770996094e+01 4.370919227600097656e+00 2.315153926610946655e-01
-1.010485363006591797e+01 3.759027957916259766e+00 1.147884875535964966e-01
-7.338505744934082031e+00 2.431997299194335938e+00 9.445196017622947693e-03
-1.046135044097900391e+01 3.534232139587402344e+00 4.145492911338806152e-01
-1.056449317932128906e+01 4.903173923492431641e+00 3.456710875034332275e-01
-1.055661678314208984e+01 4.443420886993408203e+00 2.319202721118927002e-01
-1.006102752685546875e+01 3.813162803649902344e+00 1.145542711019515991e-01
-7.637943267822265625e+00 2.583351135253906250e+00 9.850811213254928589e-03
-1.045647430419921875e+01 3.604217052459716797e+00 4.152246117591857910e-01
-1.056585121154785156e+01 4.982826709747314453e+00 3.467094004154205322e-01
-1.054661655426025391e+01 4.515588283538818359e+00 2.323049157857894897e-01
-1.006729221343994141e+01 3.886348247528076172e+00 1.148949563503265381e-01
-7.610604763031005859e+00 2.626253604888916016e+00 9.836150333285331726e-03
-1.048318386077880859e+01 3.685543298721313477e+00 4.171754419803619385e-01
-1.056752967834472656e+01 5.063111782073974609e+00 3.477773964405059814e-01
-1.055904483795166016e+01 4.597778797149658203e+00 2.331956773996353149e-01
-1.014097118377685547e+01 3.986458778381347656e+00 1.160128116607666016e-01
-7.742441654205322266e+00 2.725025415420532227e+00 1.002796180546283722e-02
-1.051587295532226562e+01 3.769693136215209961e+00 4.193888604640960693e-01
-1.054615020751953125e+01 5.132669448852539062e+00 3.481037020683288574e-01
-1.054251861572265625e+01 4.667743206024169922e+00 2.334588468074798584e-01
-1.012467479705810547e+01 4.051951408386230469e+00 1.161086261272430420e-01
-7.776401519775390625e+00 2.790720701217651367e+00 1.009393483400344849e-02
-1.252010345458984375e+01 5.092320442199707031e+00 6.350384354591369629e-01
-1.055449199676513672e+01 3.856782913208007812e+00 4.218648970127105713e-01
-1.054761314392089844e+01 5.213671207427978516e+00 3.492013812065124512e-01
-1.052370834350585938e+01 4.736856937408447266e+00 2.336815297603607178e-01
-1.026353549957275391e+01 4.180767536163330078e+00 1.179930269718170166e-01
-7.457669734954833984e+00 2.728104829788208008e+00 9.701759554445743561e-03
-1.489294242858886719e+01 6.164196014404296875e+00 7.572966217994689941e-01
-1.054186630249023438e+01 3.925656318664550781e+00 4.223150908946990967e-01
-1.055741119384765625e+01 5.299367427825927734e+00 3.505956828594207764e-01
-1.051444721221923828e+01 4.810491085052490234e+00 2.341269105672836304e-01
-1.018318939208984375e+01 4.221073627471923828e+00 1.173648908734321594e-01
-7.699404239654541016e+00 2.870220422744750977e+00 1.003895699977874756e-02
-1.055214977264404297e+01 4.003381252288818359e+00 4.237031638622283936e-01
-1.058703517913818359e+01 5.395818710327148438e+00 3.526723384857177734e-01
-1.056632614135742188e+01 4.912853240966796875e+00 2.359489202499389648e-01
-1.017460346221923828e+01 4.290859699249267578e+00 1.175671741366386414e-01
-7.741478443145751953e+00 2.940131902694702148e+00 1.011714804917573929e-02
-1.055721473693847656e+01 4.079578876495361328e+00 4.249036610126495361e-01
-1.056615638732910156e+01 5.467108726501464844e+00 3.530876636505126953e-01
-1.055948638916015625e+01 4.988698482513427734e+00 2.364752739667892456e-01
-1.016646289825439453e+01 4.361093521118164062e+00 1.177801042795181274e-01
-7.746609210968017578e+00 2.996597051620483398e+00 1.014769170433282852e-02
-1.052919483184814453e+01 4.143182277679443359e+00 4.247911274433135986e-01
-1.056515407562255859e+01 5.549035549163818359e+00 3.541852831840515137e-01
-1.056112575531005859e+01 5.068970680236816406e+00 2.372040748596191406e-01
-1.012209892272949219e+01 4.415794849395751953e+00 1.175778210163116455e-01
-7.788553237915039062e+00 3.067894697189331055e+00 1.022710371762514114e-02
-1.052490997314453125e+01 4.216257095336914062e+00 4.256539940834045410e-01
-1.056530761718750000e+01 5.632095813751220703e+00 3.553422987461090088e-01
-1.054959487915039062e+01 5.143315792083740234e+00 2.376494407653808594e-01
-1.007836055755615234e+01 4.470521450042724609e+00 1.173861920833587646e-01
-7.826200008392333984e+00 3.138330221176147461e+00 1.030162908136844635e-02
-1.050346755981445312e+01 4.282643795013427734e+00 4.258415699005126953e-01
-1.057714557647705078e+01 5.722023963928222656e+00 3.569145798683166504e-01
-1.054919624328613281e+01 5.223477840423583984e+00 2.383579909801483154e-01
-1.005529689788818359e+01 4.534331798553466797e+00 1.174394190311431885e-01
-7.696619987487792969e+00 3.141324281692504883e+00 1.015624403953552246e-02
-1.054529380798339844e+01 4.375350475311279297e+00 4.286177158355712891e-01
-1.065574645996093750e+01 5.849345684051513672e+00 3.607712090015411377e-01
-1.053570556640625000e+01 5.297540187835693359e+00 2.387831509113311768e-01
-1.020545196533203125e+01 4.677606105804443359e+00 1.195260956883430481e-01
-7.655035972595214844e+00 3.179285287857055664e+00 1.012692227959632874e-02
-1.489620208740234375e+01 6.929009914398193359e+00 7.718924283981323242e-01
-1.289900970458984375e+01 5.444941997528076172e+00 5.256335139274597168e-01
-1.064934539794921875e+01 5.931154251098632812e+00 3.617798686027526855e-01
-1.056711578369140625e+01 5.394817829132080078e+00 2.402407377958297729e-01
-9.704305648803710938e+00 4.520166873931884766e+00 1.139793694019317627e-01
-7.803032875061035156e+00 3.297032833099365234e+00 1.034927740693092346e-02
-1.290667819976806641e+01 5.541728019714355469e+00 5.273217558860778809e-01
-1.060666084289550781e+01 5.992943763732910156e+00 3.615722060203552246e-01
-1.057375907897949219e+01 5.480257511138916016e+00 2.411517351865768433e-01
-1.010118675231933594e+01 4.780674934387207031e+00 1.189831346273422241e-01
-7.915872573852539062e+00 3.402103662490844727e+00 1.052642706781625748e-02
-1.299606418609619141e+01 5.674802303314208984e+00 5.323863625526428223e-01
-1.058096218109130859e+01 6.064373493194580078e+00 3.619578480720520020e-01
-1.057444095611572266e+01 5.563188076019287109e+00 2.419412583112716675e-01
-1.017710208892822266e+01 4.893260478973388672e+00 1.202287524938583374e-01
-7.866443157196044922e+00 3.438195228576660156e+00 1.048855390399694443e-02
-1.306785869598388672e+01 5.801881313323974609e+00 5.367757081985473633e-01
-1.059626674652099609e+01 6.159826755523681641e+00 3.637675046920776367e-01
-1.058067703247070312e+01 5.649629592895507812e+00 2.428725212812423706e-01
-1.017384147644042969e+01 4.968778610229492188e+00 1.205481439828872681e-01
-7.845198631286621094e+00 3.486398220062255859e+00 1.048855390399694443e-02
-1.315133094787597656e+01 5.935808658599853516e+00 5.416902899742126465e-01
-1.059357452392578125e+01 6.245541572570800781e+00 3.649838268756866455e-01
-1.055987644195556641e+01 5.722065925598144531e+00 2.431964278221130371e-01
-1.015122413635253906e+01 5.035109519958496094e+00 1.206439658999443054e-01
-7.870136737823486328e+00 3.555466890335083008e+00 1.055086217820644379e-02
-1.359241771697998047e+01 6.235563755035400391e+00 5.614235997200012207e-01
-1.060309696197509766e+01 6.339148044586181641e+00 3.666451275348663330e-01
-1.058852291107177734e+01 5.821917057037353516e+00 2.446742653846740723e-01
-1.013532066345214844e+01 5.104948520660400391e+00 1.208249479532241821e-01
-7.900881290435791016e+00 3.627892732620239258e+00 1.062172278761863708e-02
-1.355118370056152344e+01 6.317580699920654297e+00 5.613110065460205078e-01
-1.059904670715332031e+01 6.425333499908447266e+00 3.678614497184753418e-01
-1.060498905181884766e+01 5.916002273559570312e+00 2.458889335393905640e-01
-1.019817638397216797e+01 5.215301990509033203e+00 1.219534575939178467e-01
-7.923781871795654297e+00 3.697446107864379883e+00 1.068280916661024094e-02
-1.356544685363769531e+01 6.425850391387939453e+00 5.635244846343994141e-01
-1.060285091400146484e+01 6.516940593719482422e+00 3.693744242191314697e-01
-1.060677433013916016e+01 6.002628326416015625e+00 2.467796951532363892e-01
-1.018905830383300781e+01 5.289757728576660156e+00 1.222302615642547607e-01
-7.988593578338623047e+00 3.787551403045654297e+00 1.080131717026233673e-02
-1.354287242889404297e+01 6.517198562622070312e+00 5.642372369766235352e-01
-1.058387374877929688e+01 6.595091342926025391e+00 3.701160848140716553e-01
-1.061049652099609375e+01 6.090991497039794922e+00 2.477311789989471436e-01
-1.019975566864013672e+01 5.375019550323486328e+00 1.227519288659095764e-01
-7.931868553161621094e+00 3.820441484451293945e+00 1.075611356645822525e-02
-1.348108196258544922e+01 6.589641094207763672e+00 5.633368492126464844e-01
-1.058968639373779297e+01 6.689268589019775391e+00 3.717477023601531982e-01
-1.063253974914550781e+01 6.190692901611328125e+00 2.491280436515808105e-01
-1.019568061828613281e+01 5.453065872192382812e+00 1.231032609939575195e-01
-7.863364696502685547e+00 3.847065210342407227e+00 1.069502718746662140e-02
-1.291588211059570312e+01 6.411850929260253906e+00 5.413526296615600586e-01
-1.060905170440673828e+01 6.792927265167236328e+00 3.738836944103240967e-01
-1.060382461547851562e+01 6.261408329010009766e+00 2.493507266044616699e-01
-1.022530555725097656e+01 5.549866199493408203e+00 1.238697916269302368e-01
-7.757221221923828125e+00 3.854304552078247070e+00 1.058262772858142853e-02
-1.314756488800048828e+01 6.627727985382080078e+00 5.527574419975280762e-01
-1.062250995635986328e+01 6.893809318542480469e+00 3.758416771888732910e-01
-1.064926815032958984e+01 6.376689910888671875e+00 2.513346970081329346e-01
-1.018580436706542969e+01 5.609608650207519531e+00 1.238059177994728088e-01
-7.737889766693115234e+00 3.904081821441650391e+00 1.058873627334833145e-02
-1.309419631958007812e+01 6.701900482177734375e+00 5.522322058677673340e-01
-1.060756874084472656e+01 6.976984024047851562e+00 3.768206536769866943e-01
-1.062617778778076172e+01 6.451771259307861328e+00 2.517193257808685303e-01
-1.034410858154296875e+01 5.779794216156005859e+00 1.261587440967559814e-01
-7.744049072265625000e+00 3.966988325119018555e+00 1.063027419149875641e-02
-1.319914054870605469e+01 6.858141422271728516e+00 5.584223270416259766e-01
-1.064513683319091797e+01 6.553014755249023438e+00 2.531161904335021973e-01
-1.032845687866210938e+01 5.854496479034423828e+00 1.264036148786544800e-01
-7.708915710449218750e+00 4.008893489837646484e+00 1.061561331152915955e-02
-1.063526248931884766e+01 6.637264728546142578e+00 2.538450062274932861e-01
-1.031487846374511719e+01 5.930719375610351562e+00 1.266804188489913940e-01
-7.799139022827148438e+00 4.116804599761962891e+00 1.077443826943635941e-02
-8.432524681091308594e+00 5.771506309509277344e+00 3.032780289649963379e-01
-1.066868972778320312e+01 6.749434471130371094e+00 2.556264996528625488e-01
-1.025410842895507812e+01 5.979794502258300781e+00 1.263823211193084717e-01
-8.003797531127929688e+00 4.287833690643310547e+00 1.109331101179122925e-02
-1.066158103942871094e+01 6.836896896362304688e+00 2.564565241336822510e-01
-1.047887325286865234e+01 6.197342395782470703e+00 1.296187937259674072e-01
-7.872787952423095703e+00 4.280025482177734375e+00 1.094792503863573074e-02
-1.068481636047363281e+01 6.944684982299804688e+00 2.580356001853942871e-01
-1.052297496795654297e+01 6.310895442962646484e+00 1.306408494710922241e-01
-8.042515754699707031e+00 4.436445713043212891e+00 1.122159231454133987e-02
-1.058743286132812500e+01 6.438209056854248047e+00 1.319290399551391602e-01
-8.078845024108886719e+00 4.521361351013183594e+00 1.131077855825424194e-02
-1.059794807434082031e+01 6.534012794494628906e+00 1.325571686029434204e-01
-8.147478103637695312e+00 4.625649929046630859e+00 1.144639030098915100e-02
-1.063566684722900391e+01 6.647676944732666016e+00 1.335366368293762207e-01
-8.080813407897949219e+00 4.653596878051757812e+00 1.139263436198234558e-02
-8.428065299987792969e+00 5.776963233947753906e+00 2.068981379270553589e-01
-1.066140651702880859e+01 6.755090713500976562e+00 1.343777030706405640e-01
-8.199765205383300781e+00 4.789336204528808594e+00 1.160155050456523895e-02
-1.064668083190917969e+01 6.837672233581542969e+00 1.347183734178543091e-01
-8.150435447692871094e+00 4.827837467193603516e+00 1.157345063984394073e-02
-1.063720893859863281e+01 6.924145221710205078e+00 1.351335942745208740e-01
-8.179808616638183594e+00 4.913285732269287109e+00 1.165775023400783539e-02
-8.292136192321777344e+00 5.050250530242919922e+00 1.186177879571914673e-02
-8.478812217712402344e+00 5.235535144805908203e+00 1.217454113066196442e-02
-8.456532478332519531e+00 5.729001522064208984e+00 1.087520271539688110e-01
-8.366851806640625000e+00 5.237585067749023438e+00 1.205969881266355515e-02
-8.412977218627929688e+00 5.775123119354248047e+00 1.086455732583999634e-01
-8.093072891235351562e+00 5.135587215423583984e+00 1.171028334647417068e-02
-8.571923255920410156e+00 5.513514518737792969e+00 1.245187409222126007e-02
-8.348609924316406250e+00 5.442584991455078125e+00 1.217576395720243454e-02
-8.161539077758789062e+00 5.392279624938964844e+00 1.195096503943204880e-02
-8.372595787048339844e+00 5.605823993682861328e+00 1.231015380471944809e-02
-8.385210037231445312e+00 5.689094066619873047e+00 1.237979251891374588e-02
-8.364977836608886719e+00 5.750634670257568359e+00 1.240178290754556656e-02
-8.504314422607421875e+00 5.923594474792480469e+00 1.266201213002204895e-02
-8.482515335083007812e+00 5.986042976379394531e+00 1.268400344997644424e-02
-8.530227661132812500e+00 6.098462104797363281e+00 1.281106285750865936e-02
-8.673256874084472656e+00 6.281491756439208984e+00 1.308350916951894760e-02
-8.644227027893066406e+00 6.341689586639404297e+00 1.309817004948854446e-02
-8.661336898803710938e+00 6.436362266540527344e+00 1.318369060754776001e-02
-8.445907592773437500e+00 6.357084274291992188e+00 1.291490998119115829e-02
-8.794036865234375000e+00 6.704037189483642578e+00 1.350989285856485367e-02
-8.529524803161621094e+00 6.585531711578369141e+00 1.316536590456962585e-02
-8.664627075195312500e+00 6.775106430053710938e+00 1.343781128525733948e-02
-8.829076766967773438e+00 6.991413116455078125e+00 1.375912502408027649e-02
-8.413102149963378906e+00 6.746421337127685547e+00 1.317513827234506607e-02
-2.635500669479370117e+00 4.332294464111328125e+00 1.026797816157341003e-01
-2.594466447830200195e+00 4.324378967285156250e+00 1.021129414439201355e-01
-2.591903686523437500e+00 4.267230987548828125e+00 5.315701290965080261e-02
-2.568241119384765625e+00 4.287343025207519531e+00 5.321024730801582336e-02
-2.608820199966430664e+00 4.301741600036621094e+00 6.146524567157030106e-03
-2.581349611282348633e+00 4.315951824188232422e+00 6.144081242382526398e-03
-4.315238073468208313e-02 6.935532093048095703e-01 3.921562060713768005e-02
-6.406230479478836060e-02 6.960184574127197266e-01 7.441769354045391083e-03
-2.643342502415180206e-02 7.093622088432312012e-01 1.437355019152164459e-02
-5.277942493557929993e-02 7.180219888687133789e-01 7.665341719985008240e-03
-9.753431193530559540e-03 7.677806615829467773e-01 1.554772723466157913e-02
-3.142633661627769470e-02 6.902340054512023926e-01 1.544454097747802734e-01
