-2.141954563558101654e-02 -7.243642807006835938e-01 2.150802686810493469e-02 1.470000000000000000e+02 2.457191000000000000e+07 8.000000000000000000e+00 2.800000000000000000e+01 9.000000000000000000e+00 7.250000000000000000e+02
-4.246951267123222351e-02 -7.061899304389953613e-01 4.661777615547180176e-02 9.500000000000000000e+01 2.506154000000000000e+07 3.000000000000000000e+00 2.400000000000000000e+01 4.000000000000000000e+00 7.090000000000000000e+02
-1.317256968468427658e-02 -7.403094768524169922e-01 6.178496032953262329e-02 1.190000000000000000e+02 2.555077000000000000e+07 5.000000000000000000e+00 2.200000000000000000e+01 1.700000000000000000e+01 7.430000000000000000e+02
-5.569718033075332642e-02 -7.036760449409484863e-01 3.983540832996368408e-02 6.200000000000000000e+01 2.594457000000000000e+07 3.000000000000000000e+00 2.500000000000000000e+01 9.000000000000000000e+00 7.070000000000000000e+02
-3.862698376178741455e-02 -7.021626234054565430e-01 3.304020687937736511e-02 1.270000000000000000e+02 2.614085000000000000e+07 6.000000000000000000e+00 2.600000000000000000e+01 1.600000000000000000e+01 7.040000000000000000e+02
-6.914462894201278687e-02 -7.526757717132568359e-01 1.530479453504085541e-02 3.380000000000000000e+02 2.614085000000000000e+07 1.900000000000000000e+01 2.900000000000000000e+01 2.000000000000000000e+01 7.560000000000000000e+02
-2.337276376783847809e-02 -7.471079230308532715e-01 2.806179970502853394e-02 2.220000000000000000e+02 2.633802000000000000e+07 1.200000000000000000e+01 2.700000000000000000e+01 6.000000000000000000e+00 7.480000000000000000e+02
-7.350347936153411865e-02 -7.443372011184692383e-01 7.963438518345355988e-03 1.950000000000000000e+02 2.682950000000000000e+07 1.100000000000000000e+01 3.000000000000000000e+01 1.600000000000000000e+01 7.480000000000000000e+02
-1.031893342733383179e-01 -7.285780906677246094e-01 1.489990670233964920e-02 2.230000000000000000e+02 2.692636000000000000e+07 1.200000000000000000e+01 2.900000000000000000e+01 1.600000000000000000e+01 7.360000000000000000e+02
-1.220690011978149414e-01 -7.024319171905517578e-01 7.590817753225564957e-03 1.560000000000000000e+02 2.799895000000000000e+07 8.000000000000000000e+00 3.000000000000000000e+01 1.600000000000000000e+01 7.130000000000000000e+02
-1.113552951812744141e+01 -7.826816558837890625e+00 1.662897132337093353e-02 4.400000000000000000e+01 4.110515200000000000e+07 8.040000000000000000e+02 3.100000000000000000e+01 6.800000000000000000e+01 1.361100000000000000e+04
-1.139039707183837891e+01 -7.901983737945556641e+00 1.693684607744216919e-02 3.300000000000000000e+01 4.120304000000000000e+07 6.220000000000000000e+02 3.100000000000000000e+01 7.100000000000000000e+01 1.386300000000000000e+04
-1.151870536804199219e+01 -7.886745452880859375e+00 1.705535501241683960e-02 8.300000000000000000e+01 4.130031200000000000e+07 1.590000000000000000e+03 3.100000000000000000e+01 5.000000000000000000e+01 1.396000000000000000e+04
-1.106393718719482422e+01 -7.476072311401367188e+00 1.631376333534717560e-02 6.700000000000000000e+01 4.139866000000000000e+07 1.176000000000000000e+03 3.100000000000000000e+01 1.180000000000000000e+02 1.335300000000000000e+04
-1.112873649597167969e+01 -7.420804500579833984e+00 1.634186320006847382e-02 7.500000000000000000e+01 4.149684800000000000e+07 1.330000000000000000e+03 3.100000000000000000e+01 7.700000000000000000e+01 1.337600000000000000e+04
-1.141130924224853516e+01 -7.508486747741699219e+00 1.668883487582206726e-02 3.800000000000000000e+01 4.159546000000000000e+07 6.820000000000000000e+02 3.100000000000000000e+01 5.400000000000000000e+01 1.366000000000000000e+04
-1.150161838531494141e+01 -7.467186927795410156e+00 1.675358600914478302e-02 6.500000000000000000e+01 4.169196000000000000e+07 1.195000000000000000e+03 3.100000000000000000e+01 5.000000000000000000e+01 1.371300000000000000e+04
-1.172489547729492188e+01 -7.510282516479492188e+00 1.701137237250804901e-02 2.900000000000000000e+01 4.178934000000000000e+07 5.500000000000000000e+02 3.100000000000000000e+01 7.000000000000000000e+01 1.392400000000000000e+04
-1.891800761222839355e+00 -9.263614416122436523e-01 1.388013064861297607e-01 3.900000000000000000e+01 4.188568000000000000e+07 1.700000000000000000e+01 2.400000000000000000e+01 2.900000000000000000e+01 2.111000000000000000e+03
-1.865603804588317871e+00 -9.131299257278442383e-01 6.164645776152610779e-02 5.200000000000000000e+01 4.188568000000000000e+07 2.200000000000000000e+01 2.800000000000000000e+01 1.700000000000000000e+01 2.078000000000000000e+03
-1.169382858276367188e+01 -7.389585971832275391e+00 1.690019294619560242e-02 4.000000000000000000e+01 4.188568000000000000e+07 7.370000000000000000e+02 3.100000000000000000e+01 5.300000000000000000e+01 1.383300000000000000e+04
-1.909134030342102051e+00 -9.203692674636840820e-01 1.396560668945312500e-01 1.470000000000000000e+02 4.198367200000000000e+07 6.600000000000000000e+01 2.400000000000000000e+01 3.300000000000000000e+01 2.124000000000000000e+03
-1.863967895507812500e+00 -8.981943726539611816e-01 6.140913069248199463e-02 5.100000000000000000e+01 4.198367200000000000e+07 2.100000000000000000e+01 2.800000000000000000e+01 1.900000000000000000e+01 2.070000000000000000e+03
-1.155480003356933594e+01 -7.202901363372802734e+00 1.663507893681526184e-02 3.900000000000000000e+01 4.198367200000000000e+07 7.110000000000000000e+02 3.100000000000000000e+01 7.500000000000000000e+01 1.361600000000000000e+04
-1.917449831962585449e+00 -9.099211096763610840e-01 1.398533284664154053e-01 2.100000000000000000e+02 4.208268000000000000e+07 9.400000000000000000e+01 2.400000000000000000e+01 3.900000000000000000e+01 2.127000000000000000e+03
-1.891118764877319336e+00 -8.970213532447814941e-01 6.212111935019493103e-02 9.100000000000000000e+01 4.208268000000000000e+07 3.900000000000000000e+01 2.800000000000000000e+01 3.100000000000000000e+01 2.094000000000000000e+03
-1.153148269653320312e+01 -7.090487957000732422e+00 1.653856225311756134e-02 3.300000000000000000e+01 4.208268000000000000e+07 5.930000000000000000e+02 3.100000000000000000e+01 7.200000000000000000e+01 1.353700000000000000e+04
-1.887737512588500977e+00 -8.816707134246826172e-01 1.372890174388885498e-01 1.660000000000000000e+02 4.217944000000000000e+07 7.200000000000000000e+01 2.400000000000000000e+01 3.600000000000000000e+01 2.088000000000000000e+03
-1.888435602188110352e+00 -8.815953135490417480e-01 6.185412034392356873e-02 1.170000000000000000e+02 4.217944000000000000e+07 5.000000000000000000e+01 2.800000000000000000e+01 2.700000000000000000e+01 2.085000000000000000e+03
-1.120111656188964844e+01 -6.792992591857910156e+00 1.600466482341289520e-02 2.150000000000000000e+02 4.217944000000000000e+07 3.648000000000000000e+03 3.100000000000000000e+01 5.200000000000000000e+01 1.310000000000000000e+04
-1.885858535766601562e+00 -8.667376041412353516e-01 1.367630064487457275e-01 8.300000000000000000e+01 4.227770000000000000e+07 3.500000000000000000e+01 2.400000000000000000e+01 3.000000000000000000e+01 2.080000000000000000e+03
-1.879276514053344727e+00 -8.633152842521667480e-01 6.137945875525474548e-02 5.500000000000000000e+01 4.227770000000000000e+07 2.300000000000000000e+01 2.800000000000000000e+01 3.200000000000000000e+01 2.069000000000000000e+03
-1.146915435791015625e+01 -6.859645366668701172e+00 1.632720232009887695e-02 5.500000000000000000e+01 4.227770000000000000e+07 9.710000000000000000e+02 3.100000000000000000e+01 7.200000000000000000e+01 1.336400000000000000e+04
-1.905487775802612305e+00 -8.612366914749145508e-01 6.206178292632102966e-02 4.900000000000000000e+01 4.237558000000000000e+07 2.100000000000000000e+01 2.800000000000000000e+01 3.600000000000000000e+01 2.092000000000000000e+03
-1.870890021324157715e+00 -9.283872246742248535e-01 4.229062795639038086e-02 3.400000000000000000e+01 4.237558000000000000e+07 1.400000000000000000e+01 2.900000000000000000e+01 3.600000000000000000e+01 2.089000000000000000e+03
-1.124228954315185547e+01 -6.630641460418701172e+00 1.594602316617965698e-02 1.650000000000000000e+02 4.237558000000000000e+07 2.800000000000000000e+03 3.100000000000000000e+01 7.200000000000000000e+01 1.305200000000000000e+04
-1.889778971672058105e+00 -9.241705536842346191e-01 1.187174022197723389e-01 6.400000000000000000e+01 4.247255200000000000e+07 2.800000000000000000e+01 2.500000000000000000e+01 2.200000000000000000e+01 2.107000000000000000e+03
-1.854093909263610840e+00 -9.059174060821533203e-01 4.178451746702194214e-02 5.000000000000000000e+01 4.247255200000000000e+07 2.100000000000000000e+01 2.900000000000000000e+01 2.000000000000000000e+01 2.064000000000000000e+03
-1.208151149749755859e+01 -7.026051044464111328e+00 1.707490161061286926e-02 5.300000000000000000e+01 4.247255200000000000e+07 1.022000000000000000e+03 3.100000000000000000e+01 7.800000000000000000e+01 1.397600000000000000e+04
-1.913405537605285645e+00 -9.212198257446289062e-01 1.198442876338958740e-01 1.470000000000000000e+02 4.257018000000000000e+07 6.600000000000000000e+01 2.500000000000000000e+01 5.300000000000000000e+01 2.127000000000000000e+03
-1.882141947746276855e+00 -9.053586125373840332e-01 4.229062795639038086e-02 3.900000000000000000e+01 4.257018000000000000e+07 1.600000000000000000e+01 2.900000000000000000e+01 2.900000000000000000e+01 2.089000000000000000e+03
-1.179473876953125000e+01 -6.762772560119628906e+00 1.661064475774765015e-02 6.300000000000000000e+01 4.257018000000000000e+07 1.155000000000000000e+03 3.100000000000000000e+01 6.000000000000000000e+01 1.359600000000000000e+04
-1.918119907379150391e+00 -9.090344905853271484e-01 1.197879463434219360e-01 1.550000000000000000e+02 4.266750000000000000e+07 6.900000000000000000e+01 2.500000000000000000e+01 4.000000000000000000e+01 2.126000000000000000e+03
-1.863263964653015137e+00 -8.822408318519592285e-01 4.174402728676795959e-02 6.300000000000000000e+01 4.266750000000000000e+07 2.600000000000000000e+01 2.900000000000000000e+01 1.900000000000000000e+01 2.062000000000000000e+03
-1.181337833404541016e+01 -6.677480220794677734e+00 1.657887920737266541e-02 4.100000000000000000e+01 4.266750000000000000e+07 7.420000000000000000e+02 3.100000000000000000e+01 8.300000000000000000e+01 1.357000000000000000e+04
-1.916422724723815918e+00 -8.938716650009155273e-01 1.193371862173080444e-01 1.190000000000000000e+02 4.276478000000000000e+07 5.300000000000000000e+01 2.500000000000000000e+01 4.600000000000000000e+01 2.118000000000000000e+03
-1.896735429763793945e+00 -8.838829994201660156e-01 4.237160831689834595e-02 8.600000000000000000e+01 4.276478000000000000e+07 3.700000000000000000e+01 2.900000000000000000e+01 3.900000000000000000e+01 2.093000000000000000e+03
-1.158419990539550781e+01 -6.454470634460449219e+00 1.620136387646198273e-02 4.700000000000000000e+01 4.276478000000000000e+07 8.170000000000000000e+02 3.100000000000000000e+01 6.500000000000000000e+01 1.326100000000000000e+04
-1.894649386405944824e+00 -8.696016073226928711e-01 1.176468580961227417e-01 4.900000000000000000e+01 4.286164000000000000e+07 2.100000000000000000e+01 2.500000000000000000e+01 4.300000000000000000e+01 2.088000000000000000e+03
-1.892126202583312988e+00 -8.676440119743347168e-01 4.214891791343688965e-02 4.900000000000000000e+01 4.286164000000000000e+07 2.100000000000000000e+01 2.900000000000000000e+01 4.300000000000000000e+01 2.082000000000000000e+03
-1.875013589859008789e+00 -9.432001709938049316e-01 2.234660089015960693e-02 6.700000000000000000e+01 4.286164000000000000e+07 2.900000000000000000e+01 3.000000000000000000e+01 6.000000000000000000e+01 2.099000000000000000e+03
-1.188479042053222656e+01 -6.526714324951171875e+00 1.656544022262096405e-02 3.000000000000000000e+01 4.286164000000000000e+07 5.250000000000000000e+02 3.100000000000000000e+01 5.300000000000000000e+01 1.355900000000000000e+04
-1.856835365295410156e+00 -9.210342764854431152e-01 9.738413244485855103e-02 2.700000000000000000e+01 4.295931200000000000e+07 1.100000000000000000e+01 2.600000000000000000e+01 5.200000000000000000e+01 2.075000000000000000e+03
-1.877364873886108398e+00 -8.469725251197814941e-01 4.170354083180427551e-02 3.900000000000000000e+01 4.295931200000000000e+07 1.600000000000000000e+01 2.900000000000000000e+01 4.000000000000000000e+01 2.060000000000000000e+03
-1.878077507019042969e+00 -9.303459525108337402e-01 2.231466211378574371e-02 1.280000000000000000e+02 4.295931200000000000e+07 5.600000000000000000e+01 3.000000000000000000e+01 5.200000000000000000e+01 2.096000000000000000e+03
-1.193516731262207031e+01 -6.459379196166992188e+00 1.658010110259056091e-02 7.400000000000000000e+01 4.295931200000000000e+07 1.338000000000000000e+03 3.100000000000000000e+01 4.000000000000000000e+01 1.357100000000000000e+04
-1.910022735595703125e+00 -9.328573346138000488e-01 9.987153112888336182e-02 9.400000000000000000e+01 4.305587200000000000e+07 4.200000000000000000e+01 2.600000000000000000e+01 4.600000000000000000e+01 2.128000000000000000e+03
-1.883750677108764648e+00 -9.188047647476196289e-01 2.231466211378574371e-02 2.140000000000000000e+02 4.305587200000000000e+07 9.300000000000000000e+01 3.000000000000000000e+01 6.400000000000000000e+01 2.096000000000000000e+03
-1.206281280517578125e+01 -6.433081150054931641e+00 1.670227386057376862e-02 3.300000000000000000e+01 4.305587200000000000e+07 6.070000000000000000e+02 3.100000000000000000e+01 6.200000000000000000e+01 1.367100000000000000e+04
-1.909409046173095703e+00 -9.180901050567626953e-01 9.954301267862319946e-02 1.380000000000000000e+02 4.315364800000000000e+07 6.200000000000000000e+01 2.600000000000000000e+01 3.100000000000000000e+01 2.121000000000000000e+03
-1.883944392204284668e+00 -9.046319127082824707e-01 2.225078456103801727e-02 2.110000000000000000e+02 4.315364800000000000e+07 9.200000000000000000e+01 3.000000000000000000e+01 6.200000000000000000e+01 2.090000000000000000e+03
-1.175238990783691406e+01 -6.175213336944580078e+00 1.621969044208526611e-02 3.700000000000000000e+01 4.315364800000000000e+07 6.270000000000000000e+02 3.100000000000000000e+01 5.200000000000000000e+01 1.327600000000000000e+04
-1.917715072631835938e+00 -9.076389074325561523e-01 9.968380630016326904e-02 1.170000000000000000e+02 4.325144000000000000e+07 5.200000000000000000e+01 2.600000000000000000e+01 4.900000000000000000e+01 2.124000000000000000e+03
-1.896691918373107910e+00 -8.964735865592956543e-01 2.233595401048660278e-02 1.940000000000000000e+02 4.325144000000000000e+07 8.500000000000000000e+01 3.000000000000000000e+01 7.000000000000000000e+01 2.098000000000000000e+03
-1.177673816680908203e+01 -6.096090316772460938e+00 1.620136387646198273e-02 4.800000000000000000e+01 4.325144000000000000e+07 8.330000000000000000e+02 3.100000000000000000e+01 7.000000000000000000e+01 1.326100000000000000e+04
-1.896989107131958008e+00 -8.836234211921691895e-01 9.832277148962020874e-02 8.600000000000000000e+01 4.334988000000000000e+07 3.700000000000000000e+01 2.600000000000000000e+01 4.200000000000000000e+01 2.095000000000000000e+03
-1.894903779029846191e+00 -8.814449310302734375e-01 2.225078456103801727e-02 1.910000000000000000e+02 4.334988000000000000e+07 8.300000000000000000e+01 3.000000000000000000e+01 7.200000000000000000e+01 2.090000000000000000e+03
-1.859260559082031250e+00 -9.480049014091491699e-01 2.549750963225960732e-03 2.700000000000000000e+01 4.334988000000000000e+07 1.100000000000000000e+01 3.100000000000000000e+01 6.900000000000000000e+01 2.087000000000000000e+03
-1.925984621047973633e+00 -8.827885985374450684e-01 9.954301267862319946e-02 3.700000000000000000e+01 4.344671200000000000e+07 1.600000000000000000e+01 2.600000000000000000e+01 3.300000000000000000e+01 2.121000000000000000e+03
-1.883939862251281738e+00 -9.468922615051269531e-01 7.915828377008438110e-02 2.500000000000000000e+01 4.344671200000000000e+07 1.000000000000000000e+01 2.700000000000000000e+01 5.500000000000000000e+01 2.110000000000000000e+03
-1.879364490509033203e+00 -8.602294325828552246e-01 2.200591936707496643e-02 1.360000000000000000e+02 4.344671200000000000e+07 5.800000000000000000e+01 3.000000000000000000e+01 6.900000000000000000e+01 2.067000000000000000e+03
-1.883808970451354980e+00 -9.460029006004333496e-01 2.575407270342111588e-03 8.500000000000000000e+01 4.344671200000000000e+07 3.700000000000000000e+01 3.100000000000000000e+01 3.700000000000000000e+01 2.108000000000000000e+03
-1.870011210441589355e+00 -9.255626797676086426e-01 7.833293825387954712e-02 7.600000000000000000e+01 4.354490000000000000e+07 3.300000000000000000e+01 2.700000000000000000e+01 3.600000000000000000e+01 2.088000000000000000e+03
-1.883695363998413086e+00 -8.482710123062133789e-01 2.199527062475681305e-02 7.800000000000000000e+01 4.354490000000000000e+07 3.300000000000000000e+01 3.000000000000000000e+01 4.900000000000000000e+01 2.066000000000000000e+03
-1.870754003524780273e+00 -9.251174926757812500e-01 2.549750963225960732e-03 1.290000000000000000e+02 4.354490000000000000e+07 5.600000000000000000e+01 3.100000000000000000e+01 4.600000000000000000e+01 2.087000000000000000e+03
-1.881044983863830566e+00 -9.166977405548095703e-01 7.855803519487380981e-02 1.500000000000000000e+02 4.364276800000000000e+07 6.500000000000000000e+01 2.700000000000000000e+01 5.400000000000000000e+01 2.094000000000000000e+03
-1.888982415199279785e+00 -9.197500944137573242e-01 2.566855167970061302e-03 1.770000000000000000e+02 4.364276800000000000e+07 7.800000000000000000e+01 3.100000000000000000e+01 5.800000000000000000e+01 2.101000000000000000e+03
-1.918304324150085449e+00 -9.215686321258544922e-01 1.574046611785888672e-01 8.900000000000000000e+01 4.374092000000000000e+07 4.000000000000000000e+01 2.300000000000000000e+01 4.600000000000000000e+01 2.134000000000000000e+03
-1.901049852371215820e+00 -9.120547175407409668e-01 7.915828377008438110e-02 1.570000000000000000e+02 4.374092000000000000e+07 6.900000000000000000e+01 2.700000000000000000e+01 5.100000000000000000e+01 2.110000000000000000e+03
-1.893688678741455078e+00 -9.077099561691284180e-01 2.565633505582809448e-03 1.680000000000000000e+02 4.374092000000000000e+07 7.300000000000000000e+01 3.100000000000000000e+01 5.000000000000000000e+01 2.100000000000000000e+03
-1.918513417243957520e+00 -9.072228074073791504e-01 1.569620966911315918e-01 9.600000000000000000e+01 4.383763200000000000e+07 4.300000000000000000e+01 2.300000000000000000e+01 3.500000000000000000e+01 2.128000000000000000e+03
-1.913839101791381836e+00 -9.037865996360778809e-01 7.945840805768966675e-02 1.440000000000000000e+02 4.383763200000000000e+07 6.400000000000000000e+01 2.700000000000000000e+01 7.000000000000000000e+01 2.118000000000000000e+03
-1.895605087280273438e+00 -8.943666815757751465e-01 2.560746623203158379e-03 1.860000000000000000e+02 4.383763200000000000e+07 8.100000000000000000e+01 3.100000000000000000e+01 7.400000000000000000e+01 2.096000000000000000e+03
-1.884261131286621094e+00 -8.769193887710571289e-01 1.537166386842727661e-01 2.700000000000000000e+01 4.393542000000000000e+07 1.100000000000000000e+01 2.300000000000000000e+01 4.400000000000000000e+01 2.084000000000000000e+03
-1.897599697113037109e+00 -8.819185495376586914e-01 7.855803519487380981e-02 1.420000000000000000e+02 4.393542000000000000e+07 6.200000000000000000e+01 2.700000000000000000e+01 5.000000000000000000e+01 2.094000000000000000e+03
-1.893801093101501465e+00 -8.793494105339050293e-01 2.550972625613212585e-03 1.440000000000000000e+02 4.393542000000000000e+07 6.200000000000000000e+01 3.100000000000000000e+01 5.300000000000000000e+01 2.088000000000000000e+03
-1.925694823265075684e+00 -8.806484341621398926e-01 7.949592918157577515e-02 5.500000000000000000e+01 4.403288800000000000e+07 2.400000000000000000e+01 2.700000000000000000e+01 4.500000000000000000e+01 2.119000000000000000e+03
-1.898251533508300781e+00 -8.672971725463867188e-01 2.549750963225960732e-03 1.170000000000000000e+02 4.403288800000000000e+07 5.000000000000000000e+01 3.100000000000000000e+01 5.000000000000000000e+01 2.087000000000000000e+03
-1.920867204666137695e+00 -8.634230494499206543e-01 2.572963945567607880e-03 6.500000000000000000e+01 4.413184800000000000e+07 2.800000000000000000e+01 3.100000000000000000e+01 5.400000000000000000e+01 2.106000000000000000e+03
-1.154214000701904297e+01 -5.103253364562988281e+00 1.541823614388704300e-02 8.300000000000000000e+01 4.422826000000000000e+07 1.314000000000000000e+03 3.100000000000000000e+01 6.000000000000000000e+01 1.262000000000000000e+04
-1.193638896942138672e+01 -5.190244674682617188e+00 1.590204052627086639e-02 4.100000000000000000e+01 4.432542000000000000e+07 6.830000000000000000e+02 3.100000000000000000e+01 7.600000000000000000e+01 1.301600000000000000e+04
-1.235235595703125000e+01 -5.281232357025146484e+00 1.641272380948066711e-02 3.900000000000000000e+01 4.442316000000000000e+07 6.780000000000000000e+02 3.100000000000000000e+01 5.000000000000000000e+01 1.343400000000000000e+04
-1.239282512664794922e+01 -5.208827495574951172e+00 1.642371900379657745e-02 5.100000000000000000e+01 4.452044000000000000e+07 8.960000000000000000e+02 3.100000000000000000e+01 5.000000000000000000e+01 1.344300000000000000e+04
-1.244211292266845703e+01 -5.139943122863769531e+00 1.644693315029144287e-02 4.800000000000000000e+01 4.461811200000000000e+07 8.600000000000000000e+02 3.100000000000000000e+01 6.100000000000000000e+01 1.346200000000000000e+04
-1.115954780578613281e+01 -4.530146121978759766e+00 1.471451856195926666e-02 7.000000000000000000e+01 4.471482000000000000e+07 1.001000000000000000e+03 3.100000000000000000e+01 1.110000000000000000e+02 1.204400000000000000e+04
-1.163019847869873047e+01 -4.638287544250488281e+00 1.529728434979915619e-02 1.790000000000000000e+02 4.481240000000000000e+07 2.780000000000000000e+03 3.100000000000000000e+01 7.300000000000000000e+01 1.252100000000000000e+04
-1.165471458435058594e+01 -4.565379619598388672e+00 1.529239676892757416e-02 3.100000000000000000e+01 4.491086000000000000e+07 4.750000000000000000e+02 3.100000000000000000e+01 8.000000000000000000e+01 1.251700000000000000e+04
-1.238344001770019531e+01 -4.763401508331298828e+00 1.620991714298725128e-02 3.900000000000000000e+01 4.500720000000000000e+07 6.770000000000000000e+02 3.100000000000000000e+01 6.600000000000000000e+01 1.326800000000000000e+04
-1.221410465240478516e+01 -4.612432956695556641e+00 1.595091074705123901e-02 1.140000000000000000e+02 4.510422000000000000e+07 1.934000000000000000e+03 3.100000000000000000e+01 6.100000000000000000e+01 1.305600000000000000e+04
-1.213434505462646484e+01 -4.497435569763183594e+00 1.581041142344474792e-02 6.800000000000000000e+01 4.520298000000000000e+07 1.114000000000000000e+03 3.100000000000000000e+01 5.600000000000000000e+01 1.294100000000000000e+04
-1.217016983032226562e+01 -4.425971984863281250e+00 1.582140661776065826e-02 6.800000000000000000e+01 4.529932000000000000e+07 1.131000000000000000e+03 3.100000000000000000e+01 6.500000000000000000e+01 1.295000000000000000e+04
-1.219992446899414062e+01 -4.352221965789794922e+00 1.582507230341434479e-02 8.900000000000000000e+01 4.539684800000000000e+07 1.470000000000000000e+03 3.100000000000000000e+01 4.500000000000000000e+01 1.295300000000000000e+04
-1.248691654205322266e+01 -4.368422031402587891e+00 1.616226881742477417e-02 3.800000000000000000e+01 4.549423200000000000e+07 6.550000000000000000e+02 3.100000000000000000e+01 6.800000000000000000e+01 1.322900000000000000e+04
-1.223822498321533203e+01 -4.197315692901611328e+00 1.580674573779106140e-02 1.040000000000000000e+02 4.559298000000000000e+07 1.732000000000000000e+03 3.100000000000000000e+01 5.900000000000000000e+01 1.293800000000000000e+04
-1.245522117614746094e+01 -4.186502933502197266e+00 1.605353504419326782e-02 3.800000000000000000e+01 4.568948800000000000e+07 6.470000000000000000e+02 3.100000000000000000e+01 6.300000000000000000e+01 1.314000000000000000e+04
-1.272477912902832031e+01 -4.190386295318603516e+00 1.636751927435398102e-02 5.500000000000000000e+01 4.578644800000000000e+07 9.780000000000000000e+02 3.100000000000000000e+01 5.800000000000000000e+01 1.339700000000000000e+04
-1.274168586730957031e+01 -4.109467029571533203e+00 1.635652408003807068e-02 4.100000000000000000e+01 4.588486000000000000e+07 7.260000000000000000e+02 3.100000000000000000e+01 5.800000000000000000e+01 1.338800000000000000e+04
-1.265795230865478516e+01 -3.996882200241088867e+00 1.621724665164947510e-02 4.700000000000000000e+01 4.598234000000000000e+07 8.040000000000000000e+02 3.100000000000000000e+01 4.500000000000000000e+01 1.327400000000000000e+04
-1.289720821380615234e+01 -3.985570430755615234e+00 1.649213582277297974e-02 3.200000000000000000e+01 4.608026000000000000e+07 5.560000000000000000e+02 3.100000000000000000e+01 5.500000000000000000e+01 1.349900000000000000e+04
-1.305830097198486328e+01 -3.947741031646728516e+00 1.666684262454509735e-02 2.900000000000000000e+01 4.617876800000000000e+07 5.140000000000000000e+02 3.100000000000000000e+01 4.500000000000000000e+01 1.364200000000000000e+04
-1.292788505554199219e+01 -3.821898698806762695e+00 1.647014543414115906e-02 6.400000000000000000e+01 4.627572800000000000e+07 1.152000000000000000e+03 3.100000000000000000e+01 7.100000000000000000e+01 1.348100000000000000e+04
-1.283580875396728516e+01 -3.709189176559448242e+00 1.632353849709033966e-02 6.400000000000000000e+01 4.637408800000000000e+07 1.134000000000000000e+03 3.100000000000000000e+01 5.800000000000000000e+01 1.336100000000000000e+04
-1.321055603027343750e+01 -3.729807138442993164e+00 1.677069067955017090e-02 3.500000000000000000e+01 4.647135200000000000e+07 6.320000000000000000e+02 3.100000000000000000e+01 5.200000000000000000e+01 1.372700000000000000e+04
-1.329585552215576172e+01 -3.665955781936645508e+00 1.685010269284248352e-02 3.500000000000000000e+01 4.656862000000000000e+07 6.380000000000000000e+02 3.100000000000000000e+01 5.200000000000000000e+01 1.379200000000000000e+04
-1.317904663085937500e+01 -3.546881914138793945e+00 1.667417399585247040e-02 9.300000000000000000e+01 4.666590000000000000e+07 1.709000000000000000e+03 3.100000000000000000e+01 2.800000000000000000e+01 1.364800000000000000e+04
-1.322184085845947266e+01 -3.471537113189697266e+00 1.670105196535587311e-02 4.200000000000000000e+01 4.676342000000000000e+07 7.730000000000000000e+02 3.100000000000000000e+01 7.600000000000000000e+01 1.367000000000000000e+04
-1.322351741790771484e+01 -3.385383605957031250e+00 1.667661778628826141e-02 4.400000000000000000e+01 4.686055200000000000e+07 7.930000000000000000e+02 3.100000000000000000e+01 5.000000000000000000e+01 1.365000000000000000e+04
-1.335659122467041016e+01 -3.332261562347412109e+00 1.681833900511264801e-02 4.100000000000000000e+01 4.695966000000000000e+07 7.510000000000000000e+02 3.100000000000000000e+01 4.100000000000000000e+01 1.376600000000000000e+04
-1.326309490203857422e+01 -3.222619771957397461e+00 1.667539589107036591e-02 2.700000000000000000e+01 4.705595200000000000e+07 4.760000000000000000e+02 3.100000000000000000e+01 5.400000000000000000e+01 1.364900000000000000e+04
-1.328748321533203125e+01 -3.142328977584838867e+00 1.668150350451469421e-02 3.400000000000000000e+01 4.715492000000000000e+07 6.070000000000000000e+02 3.100000000000000000e+01 4.800000000000000000e+01 1.365400000000000000e+04
-1.346244335174560547e+01 -3.096605777740478516e+00 1.687698252499103546e-02 6.000000000000000000e+01 4.725224800000000000e+07 1.117000000000000000e+03 3.100000000000000000e+01 5.400000000000000000e+01 1.381400000000000000e+04
-1.308009147644042969e+01 -2.924271345138549805e+00 1.637485064566135406e-02 4.200000000000000000e+01 4.734931200000000000e+07 7.430000000000000000e+02 3.100000000000000000e+01 7.100000000000000000e+01 1.340300000000000000e+04
-1.349454307556152344e+01 -2.930106639862060547e+00 1.687087304890155792e-02 3.600000000000000000e+01 4.744678000000000000e+07 6.610000000000000000e+02 3.100000000000000000e+01 3.600000000000000000e+01 1.380900000000000000e+04
-1.357880687713623047e+01 -2.861271381378173828e+00 1.695395074784755707e-02 5.200000000000000000e+01 4.754463200000000000e+07 9.760000000000000000e+02 3.100000000000000000e+01 3.600000000000000000e+01 1.387700000000000000e+04
-1.347951602935791016e+01 -2.754077911376953125e+00 1.680856384336948395e-02 3.900000000000000000e+01 4.764210000000000000e+07 7.110000000000000000e+02 3.100000000000000000e+01 5.200000000000000000e+01 1.375800000000000000e+04
-1.347654151916503906e+01 -2.667434215545654297e+00 1.678412966430187225e-02 3.600000000000000000e+01 4.774004000000000000e+07 6.530000000000000000e+02 3.100000000000000000e+01 4.500000000000000000e+01 1.373800000000000000e+04
-1.358792304992675781e+01 -2.602943181991577148e+00 1.690263859927654266e-02 5.800000000000000000e+01 4.783767200000000000e+07 1.084000000000000000e+03 3.100000000000000000e+01 4.400000000000000000e+01 1.383500000000000000e+04
-1.341878223419189453e+01 -2.485283136367797852e+00 1.667295210063457489e-02 5.800000000000000000e+01 4.793560800000000000e+07 1.069000000000000000e+03 3.100000000000000000e+01 7.100000000000000000e+01 1.364700000000000000e+04
-1.356568622589111328e+01 -2.426494359970092773e+00 1.683666557073593140e-02 4.500000000000000000e+01 4.803344000000000000e+07 8.310000000000000000e+02 3.100000000000000000e+01 2.900000000000000000e+01 1.378100000000000000e+04
-1.356947898864746094e+01 -2.341340780258178711e+00 1.682322472333908081e-02 4.000000000000000000e+01 4.813051200000000000e+07 7.320000000000000000e+02 3.100000000000000000e+01 4.800000000000000000e+01 1.377000000000000000e+04
-1.384006977081298828e+01 -2.300671339035034180e+00 1.714087463915348053e-02 6.500000000000000000e+01 4.822767200000000000e+07 1.251000000000000000e+03 3.100000000000000000e+01 5.200000000000000000e+01 1.403000000000000000e+04
-1.384503936767578125e+01 -2.214285850524902344e+00 1.712987944483757019e-02 5.200000000000000000e+01 4.832612800000000000e+07 9.930000000000000000e+02 3.100000000000000000e+01 5.600000000000000000e+01 1.402100000000000000e+04
-1.386528396606445312e+01 -2.130355596542358398e+00 1.713843271136283875e-02 5.300000000000000000e+01 4.842212000000000000e+07 1.014000000000000000e+03 3.100000000000000000e+01 5.300000000000000000e+01 1.402800000000000000e+04
-1.387611579895019531e+01 -2.044948101043701172e+00 1.713598892092704773e-02 5.900000000000000000e+01 4.852006000000000000e+07 1.133000000000000000e+03 3.100000000000000000e+01 4.900000000000000000e+01 1.402600000000000000e+04
-1.385968685150146484e+01 -1.955715298652648926e+00 1.710055768489837646e-02 3.600000000000000000e+01 4.861820800000000000e+07 6.950000000000000000e+02 3.100000000000000000e+01 6.000000000000000000e+01 1.399700000000000000e+04
-1.384565925598144531e+01 -1.867162227630615234e+00 1.706879213452339172e-02 3.000000000000000000e+01 4.871702000000000000e+07 5.750000000000000000e+02 3.100000000000000000e+01 6.000000000000000000e+01 1.397100000000000000e+04
-1.370907211303710938e+01 -1.763164997100830078e+00 1.688675582408905029e-02 3.200000000000000000e+01 4.881436800000000000e+07 5.860000000000000000e+02 3.100000000000000000e+01 4.000000000000000000e+01 1.382200000000000000e+04
-1.396877384185791016e+01 -1.709504485130310059e+00 1.719341054558753967e-02 3.500000000000000000e+01 4.891048000000000000e+07 6.650000000000000000e+02 3.100000000000000000e+01 5.100000000000000000e+01 1.407300000000000000e+04
-1.396906757354736328e+01 -1.622607707977294922e+00 1.718119159340858459e-02 3.200000000000000000e+01 4.900759200000000000e+07 6.060000000000000000e+02 3.100000000000000000e+01 4.400000000000000000e+01 1.406300000000000000e+04
-1.396981430053710938e+01 -1.535881042480468750e+00 1.717019639909267426e-02 5.900000000000000000e+01 4.910516800000000000e+07 1.155000000000000000e+03 3.100000000000000000e+01 6.000000000000000000e+01 1.405400000000000000e+04
-1.378899478912353516e+01 -1.430426955223083496e+00 1.693684607744216919e-02 4.300000000000000000e+01 4.920188000000000000e+07 8.160000000000000000e+02 3.100000000000000000e+01 6.200000000000000000e+01 1.386300000000000000e+04
-1.407618904113769531e+01 -1.372974157333374023e+00 1.727893017232418060e-02 4.400000000000000000e+01 4.929976800000000000e+07 8.520000000000000000e+02 3.100000000000000000e+01 4.900000000000000000e+01 1.414300000000000000e+04
-1.411522006988525391e+01 -1.289398550987243652e+00 1.731680519878864288e-02 3.100000000000000000e+01 4.939652800000000000e+07 5.930000000000000000e+02 3.100000000000000000e+01 5.500000000000000000e+01 1.417400000000000000e+04
-1.413581943511962891e+01 -1.203868031501770020e+00 1.733268611133098602e-02 4.000000000000000000e+01 4.949487200000000000e+07 7.770000000000000000e+02 3.100000000000000000e+01 4.500000000000000000e+01 1.418700000000000000e+04
-1.393359184265136719e+01 -1.100573778152465820e+00 1.707612350583076477e-02 2.800000000000000000e+01 4.959286000000000000e+07 5.370000000000000000e+02 3.100000000000000000e+01 6.000000000000000000e+01 1.397700000000000000e+04
-1.391315460205078125e+01 -1.013097405433654785e+00 1.704313606023788452e-02 4.200000000000000000e+01 4.969044800000000000e+07 8.070000000000000000e+02 3.100000000000000000e+01 6.200000000000000000e+01 1.395000000000000000e+04
-1.395003986358642578e+01 -9.297704100608825684e-01 1.708101108670234680e-02 3.000000000000000000e+01 4.978731200000000000e+07 5.590000000000000000e+02 3.100000000000000000e+01 4.600000000000000000e+01 1.398100000000000000e+04
-1.399740600585937500e+01 -8.466929793357849121e-01 1.713232323527336121e-02 4.800000000000000000e+01 4.988427200000000000e+07 9.340000000000000000e+02 3.100000000000000000e+01 5.800000000000000000e+01 1.402300000000000000e+04
-1.411517047882080078e+01 -7.669211626052856445e-01 1.727037876844406128e-02 4.400000000000000000e+01 4.998206000000000000e+07 8.510000000000000000e+02 3.100000000000000000e+01 4.500000000000000000e+01 1.413600000000000000e+04
-1.411062145233154297e+01 -6.798645257949829102e-01 1.725938357412815094e-02 6.100000000000000000e+01 5.007974000000000000e+07 1.206000000000000000e+03 3.100000000000000000e+01 6.300000000000000000e+01 1.412700000000000000e+04
-1.403459835052490234e+01 -5.899109244346618652e-01 1.716164499521255493e-02 5.200000000000000000e+01 5.017720800000000000e+07 9.970000000000000000e+02 3.100000000000000000e+01 5.200000000000000000e+01 1.404700000000000000e+04
-1.401496887207031250e+01 -5.029602646827697754e-01 1.713354513049125671e-02 4.000000000000000000e+01 5.027592000000000000e+07 7.750000000000000000e+02 3.100000000000000000e+01 6.600000000000000000e+01 1.402400000000000000e+04
-1.409875392913818359e+01 -4.193648397922515869e-01 1.723250560462474823e-02 7.400000000000000000e+01 5.037324800000000000e+07 1.444000000000000000e+03 3.100000000000000000e+01 4.900000000000000000e+01 1.410500000000000000e+04
-1.358820629119873047e+01 -3.207429051399230957e-01 1.660575717687606812e-02 1.380000000000000000e+02 5.046968800000000000e+07 2.535000000000000000e+03 3.100000000000000000e+01 8.700000000000000000e+01 1.359200000000000000e+04
-1.421082210540771484e+01 -2.482058852910995483e-01 1.736445166170597076e-02 5.900000000000000000e+01 5.056732800000000000e+07 1.162000000000000000e+03 3.100000000000000000e+01 5.600000000000000000e+01 1.421300000000000000e+04
-1.423107624053955078e+01 -1.612204760313034058e-01 1.738766394555568695e-02 4.400000000000000000e+01 5.066526000000000000e+07 8.810000000000000000e+02 3.100000000000000000e+01 6.000000000000000000e+01 1.423200000000000000e+04
-1.332781124114990234e+01 -6.920334696769714355e-02 1.628322154283523560e-02 1.180000000000000000e+02 5.076152000000000000e+07 2.085000000000000000e+03 3.100000000000000000e+01 7.400000000000000000e+01 1.332800000000000000e+04
-1.374798488616943359e+01 1.297217048704624176e-02 1.679634861648082733e-02 1.110000000000000000e+02 5.085908800000000000e+07 2.081000000000000000e+03 3.100000000000000000e+01 1.050000000000000000e+02 1.374800000000000000e+04
-1.417463493347167969e+01 1.003508940339088440e-01 1.731802709400653839e-02 7.400000000000000000e+01 5.095692800000000000e+07 1.477000000000000000e+03 3.100000000000000000e+01 5.900000000000000000e+01 1.417500000000000000e+04
-1.413275623321533203e+01 1.867811083793640137e-01 1.726793497800827026e-02 4.800000000000000000e+01 5.105503200000000000e+07 9.470000000000000000e+02 3.100000000000000000e+01 6.600000000000000000e+01 1.413400000000000000e+04
-1.376941108703613281e+01 2.664898037910461426e-01 1.682566851377487183e-02 1.100000000000000000e+02 5.115174000000000000e+07 2.071000000000000000e+03 3.100000000000000000e+01 9.100000000000000000e+01 1.377200000000000000e+04
-1.408841228485107422e+01 3.591528236865997314e-01 1.721784472465515137e-02 5.900000000000000000e+01 5.124916000000000000e+07 1.161000000000000000e+03 3.100000000000000000e+01 6.200000000000000000e+01 1.409300000000000000e+04
-1.438279533386230469e+01 4.549814462661743164e-01 1.758069731295108795e-02 5.200000000000000000e+01 5.134764800000000000e+07 1.049000000000000000e+03 3.100000000000000000e+01 4.200000000000000000e+01 1.439000000000000000e+04
-1.421684837341308594e+01 5.370708107948303223e-01 1.738155633211135864e-02 7.000000000000000000e+01 5.144478000000000000e+07 1.387000000000000000e+03 3.100000000000000000e+01 5.600000000000000000e+01 1.422700000000000000e+04
-1.407342147827148438e+01 6.181502938270568848e-01 1.721051335334777832e-02 6.300000000000000000e+01 5.154230000000000000e+07 1.238000000000000000e+03 3.100000000000000000e+01 7.200000000000000000e+01 1.408700000000000000e+04
-1.426511859893798828e+01 7.142935395240783691e-01 1.744997315108776093e-02 6.400000000000000000e+01 5.164080000000000000e+07 1.295000000000000000e+03 3.100000000000000000e+01 5.900000000000000000e+01 1.428300000000000000e+04
-1.427344608306884766e+01 8.025389909744262695e-01 1.746585592627525330e-02 3.600000000000000000e+01 5.173776800000000000e+07 7.250000000000000000e+02 3.100000000000000000e+01 5.800000000000000000e+01 1.429600000000000000e+04
-1.436306858062744141e+01 8.960190415382385254e-01 1.758191920816898346e-02 3.300000000000000000e+01 5.183600800000000000e+07 6.550000000000000000e+02 3.100000000000000000e+01 4.400000000000000000e+01 1.439100000000000000e+04
-1.401310825347900391e+01 9.605394005775451660e-01 1.716042309999465942e-02 7.200000000000000000e+01 5.193324000000000000e+07 1.410000000000000000e+03 3.100000000000000000e+01 6.400000000000000000e+01 1.404600000000000000e+04
-1.389188385009765625e+01 2.557862281799316406e+00 4.162691593170166016e+00 3.300000000000000000e+02 5.202932800000000000e+07 7.105000000000000000e+03 0.000000000000000000e+00 4.300000000000000000e+01 1.472600000000000000e+04
-1.412031745910644531e+01 2.597374916076660156e+00 3.646268844604492188e+00 3.470000000000000000e+02 5.202932800000000000e+07 7.598000000000000000e+03 4.000000000000000000e+00 8.000000000000000000e+01 1.481300000000000000e+04
-1.432411670684814453e+01 2.632278442382812500e+00 3.127562284469604492e+00 2.180000000000000000e+02 5.202932800000000000e+07 4.799000000000000000e+03 8.000000000000000000e+00 8.500000000000000000e+01 1.489600000000000000e+04
-1.461270236968994141e+01 2.687947273254394531e+00 2.625190258026123047e+00 9.900000000000000000e+01 5.202932800000000000e+07 2.241000000000000000e+03 1.200000000000000000e+01 6.600000000000000000e+01 1.508800000000000000e+04
-1.482037544250488281e+01 2.728822231292724609e+00 2.099109649658203125e+00 7.300000000000000000e+01 5.202932800000000000e+07 1.673000000000000000e+03 1.600000000000000000e+01 8.600000000000000000e+01 1.521500000000000000e+04
-1.402689552307128906e+01 1.047994256019592285e+00 1.718485727906227112e-02 4.800000000000000000e+01 5.202932800000000000e+07 9.380000000000000000e+02 3.100000000000000000e+01 7.000000000000000000e+01 1.406600000000000000e+04
-1.430769538879394531e+01 2.720119953155517578e+00 3.127562284469604492e+00 1.140000000000000000e+02 5.212752000000000000e+07 2.505000000000000000e+03 8.000000000000000000e+00 1.280000000000000000e+02 1.489600000000000000e+04
-1.454272842407226562e+01 2.767433643341064453e+00 2.615620851516723633e+00 1.550000000000000000e+02 5.212752000000000000e+07 3.488000000000000000e+03 1.200000000000000000e+01 7.500000000000000000e+01 1.503300000000000000e+04
-1.484227085113525391e+01 2.827119827270507812e+00 2.104628086090087891e+00 2.310000000000000000e+02 5.212752000000000000e+07 5.342000000000000000e+03 1.600000000000000000e+01 4.900000000000000000e+01 1.525500000000000000e+04
-1.435012245178222656e+01 1.160728096961975098e+00 1.758925057947635651e-02 7.700000000000000000e+01 5.212752000000000000e+07 1.582000000000000000e+03 3.100000000000000000e+01 7.900000000000000000e+01 1.439700000000000000e+04
-5.721622943878173828e+00 9.180879592895507812e-01 1.173367649316787720e-01 1.400000000000000000e+01 5.222596800000000000e+07 4.200000000000000000e+01 2.900000000000000000e+01 5.000000000000000000e+01 5.796000000000000000e+03
-1.406677532196044922e+01 1.224730730056762695e+00 1.725083030760288239e-02 1.080000000000000000e+02 5.222596800000000000e+07 2.142000000000000000e+03 3.100000000000000000e+01 6.600000000000000000e+01 1.412000000000000000e+04
-1.352585220336914062e+01 2.746334791183471680e+00 3.505223035812377930e+00 6.400000000000000000e+01 5.232267200000000000e+07 1.287000000000000000e+03 4.000000000000000000e+00 6.400000000000000000e+01 1.424000000000000000e+04
-5.710950851440429688e+00 9.523555636405944824e-01 1.172355413436889648e-01 2.040000000000000000e+02 5.232267200000000000e+07 6.790000000000000000e+02 2.900000000000000000e+01 7.300000000000000000e+01 5.791000000000000000e+03
-1.436267757415771484e+01 1.339338541030883789e+00 1.762345992028713226e-02 6.800000000000000000e+01 5.232267200000000000e+07 1.402000000000000000e+03 3.100000000000000000e+01 7.400000000000000000e+01 1.442500000000000000e+04
-5.666578769683837891e+00 9.807298183441162109e-01 1.164460033178329468e-01 8.100000000000000000e+01 5.242088000000000000e+07 2.630000000000000000e+02 2.900000000000000000e+01 5.700000000000000000e+01 5.752000000000000000e+03
-1.431637573242187500e+01 1.423680782318115234e+00 1.757703348994255066e-02 5.400000000000000000e+01 5.242088000000000000e+07 1.087000000000000000e+03 3.100000000000000000e+01 5.400000000000000000e+01 1.438700000000000000e+04
-1.428549289703369141e+01 1.509186267852783203e+00 1.755015552043914795e-02 5.100000000000000000e+01 5.251732000000000000e+07 1.041000000000000000e+03 3.100000000000000000e+01 6.100000000000000000e+01 1.436500000000000000e+04
-1.392205810546875000e+01 2.550702095031738281e+00 4.010455608367919922e+00 3.640000000000000000e+02 5.261480000000000000e+07 7.803000000000000000e+03 1.000000000000000000e+00 5.100000000000000000e+01 1.471100000000000000e+04
-1.415491962432861328e+01 2.598472595214843750e+00 3.500275135040283203e+00 3.080000000000000000e+02 5.261480000000000000e+07 6.706000000000000000e+03 5.000000000000000000e+00 3.600000000000000000e+01 1.481100000000000000e+04
-1.442340373992919922e+01 2.652963876724243164e+00 2.999697923660278320e+00 1.960000000000000000e+02 5.261480000000000000e+07 4.375000000000000000e+03 9.000000000000000000e+00 8.600000000000000000e+01 1.496900000000000000e+04
-1.465960884094238281e+01 2.701700925827026367e+00 2.483793497085571289e+00 9.300000000000000000e+01 5.261480000000000000e+07 2.108000000000000000e+03 1.300000000000000000e+01 7.900000000000000000e+01 1.511200000000000000e+04
-1.489759540557861328e+01 2.750937938690185547e+00 1.962193608283996582e+00 6.300000000000000000e+01 5.261480000000000000e+07 1.452000000000000000e+03 1.700000000000000000e+01 9.100000000000000000e+01 1.527600000000000000e+04
-1.473410606384277344e+01 1.648056745529174805e+00 1.811337284743785858e-02 2.400000000000000000e+01 5.261480000000000000e+07 4.960000000000000000e+02 3.100000000000000000e+01 5.100000000000000000e+01 1.482600000000000000e+04
-1.416925621032714844e+01 2.691078186035156250e+00 3.507837533950805664e+00 8.100000000000000000e+01 5.271299200000000000e+07 1.752000000000000000e+03 5.000000000000000000e+00 5.700000000000000000e+01 1.484300000000000000e+04
-1.440781593322753906e+01 2.741597414016723633e+00 2.999898195266723633e+00 1.290000000000000000e+02 5.271299200000000000e+07 2.869000000000000000e+03 9.000000000000000000e+00 1.100000000000000000e+02 1.497000000000000000e+04
-1.464663219451904297e+01 2.792338848114013672e+00 2.484451055526733398e+00 1.800000000000000000e+02 5.271299200000000000e+07 4.072000000000000000e+03 1.300000000000000000e+01 9.300000000000000000e+01 1.511600000000000000e+04
-1.491842460632324219e+01 2.849552392959594727e+00 1.967203140258789062e+00 2.160000000000000000e+02 5.271299200000000000e+07 5.028000000000000000e+03 1.700000000000000000e+01 7.200000000000000000e+01 1.531500000000000000e+04
-1.467008876800537109e+01 1.732100605964660645e+00 1.804739795625209808e-02 5.500000000000000000e+01 5.271299200000000000e+07 1.169000000000000000e+03 3.100000000000000000e+01 5.200000000000000000e+01 1.477200000000000000e+04
-5.651747226715087891e+00 9.108602404594421387e-01 6.095011159777641296e-02 1.560000000000000000e+02 5.281007200000000000e+07 5.090000000000000000e+02 3.000000000000000000e+01 6.400000000000000000e+01 5.725000000000000000e+03
-1.476239013671875000e+01 1.834910035133361816e+00 1.817445829510688782e-02 3.200000000000000000e+01 5.281007200000000000e+07 6.760000000000000000e+02 3.100000000000000000e+01 5.000000000000000000e+01 1.487600000000000000e+04
-5.659858703613281250e+00 9.478337168693542480e-01 6.109916046261787415e-02 2.470000000000000000e+02 5.290806000000000000e+07 8.090000000000000000e+02 3.000000000000000000e+01 5.700000000000000000e+01 5.739000000000000000e+03
-1.449601554870605469e+01 1.892191410064697266e+00 1.786047406494617462e-02 6.600000000000000000e+01 5.290806000000000000e+07 1.398000000000000000e+03 3.100000000000000000e+01 6.700000000000000000e+01 1.461900000000000000e+04
-5.663788318634033203e+00 9.842561483383178711e-01 6.120562180876731873e-02 9.000000000000000000e+01 5.300568800000000000e+07 2.930000000000000000e+02 3.000000000000000000e+01 5.300000000000000000e+01 5.749000000000000000e+03
-1.452970886230468750e+01 1.987335443496704102e+00 1.791667379438877106e-02 5.200000000000000000e+01 5.300568800000000000e+07 1.100000000000000000e+03 3.100000000000000000e+01 9.600000000000000000e+01 1.466500000000000000e+04
-1.489539241790771484e+01 2.130538940429687500e+00 1.838337443768978119e-02 3.700000000000000000e+01 5.310358000000000000e+07 8.050000000000000000e+02 3.100000000000000000e+01 5.100000000000000000e+01 1.504700000000000000e+04
-1.396276569366455078e+01 2.552965641021728516e+00 3.872455835342407227e+00 2.830000000000000000e+02 5.319956800000000000e+07 6.096000000000000000e+03 2.000000000000000000e+00 4.900000000000000000e+01 1.471300000000000000e+04
-1.421940994262695312e+01 2.607585430145263672e+00 3.369458675384521484e+00 2.310000000000000000e+02 5.319956800000000000e+07 5.056000000000000000e+03 6.000000000000000000e+00 6.200000000000000000e+01 1.484400000000000000e+04
-1.447909259796142578e+01 2.665656328201293945e+00 2.867083549499511719e+00 1.700000000000000000e+02 5.319956800000000000e+07 3.787000000000000000e+03 1.000000000000000000e+01 7.600000000000000000e+01 1.499900000000000000e+04
-1.472572803497314453e+01 2.713720321655273438e+00 2.350172281265258789e+00 1.240000000000000000e+02 5.319956800000000000e+07 2.831000000000000000e+03 1.400000000000000000e+01 8.900000000000000000e+01 1.515700000000000000e+04
-1.497294425964355469e+01 2.772790670394897461e+00 1.829250931739807129e+00 6.500000000000000000e+01 5.319956800000000000e+07 1.514000000000000000e+03 1.800000000000000000e+01 7.200000000000000000e+01 1.533700000000000000e+04
-1.490676403045654297e+01 2.225586652755737305e+00 1.841391809284687042e-02 5.300000000000000000e+01 5.319956800000000000e+07 1.171000000000000000e+03 3.100000000000000000e+01 5.400000000000000000e+01 1.507200000000000000e+04
-1.367762756347656250e+01 2.587659835815429688e+00 3.797707319259643555e+00 2.570000000000000000e+02 5.329700000000000000e+07 5.319000000000000000e+03 2.000000000000000000e+00 5.800000000000000000e+01 1.442900000000000000e+04
-1.420983982086181641e+01 2.696055889129638672e+00 3.371047496795654297e+00 1.220000000000000000e+02 5.329700000000000000e+07 2.674000000000000000e+03 6.000000000000000000e+00 8.800000000000000000e+01 1.485100000000000000e+04
-1.448560523986816406e+01 2.758855581283569336e+00 2.871671199798583984e+00 1.510000000000000000e+02 5.329700000000000000e+07 3.388000000000000000e+03 1.000000000000000000e+01 1.040000000000000000e+02 1.502300000000000000e+04
-1.472044563293457031e+01 2.806244611740112305e+00 2.352033138275146484e+00 1.880000000000000000e+02 5.329700000000000000e+07 4.291000000000000000e+03 1.400000000000000000e+01 5.600000000000000000e+01 1.516900000000000000e+04
-1.493029594421386719e+01 2.859754562377929688e+00 1.826149940490722656e+00 2.030000000000000000e+02 5.329700000000000000e+07 4.742000000000000000e+03 1.800000000000000000e+01 8.100000000000000000e+01 1.531100000000000000e+04
-1.460528755187988281e+01 2.272275686264038086e+00 1.805839501321315765e-02 6.000000000000000000e+01 5.329700000000000000e+07 1.298000000000000000e+03 3.100000000000000000e+01 6.600000000000000000e+01 1.478100000000000000e+04
-1.360279083251953125e+01 2.660056114196777344e+00 3.781388759613037109e+00 1.860000000000000000e+02 5.339354000000000000e+07 3.827000000000000000e+03 2.000000000000000000e+00 6.700000000000000000e+01 1.436700000000000000e+04
-5.671179294586181641e+00 9.179909825325012207e-01 7.018840406090021133e-03 2.740000000000000000e+02 5.339354000000000000e+07 8.930000000000000000e+02 3.100000000000000000e+01 5.600000000000000000e+01 5.745000000000000000e+03
-5.651633739471435547e+00 9.504495859146118164e-01 7.001736201345920563e-03 2.610000000000000000e+02 5.349200000000000000e+07 8.490000000000000000e+02 3.100000000000000000e+01 4.700000000000000000e+01 5.731000000000000000e+03
-1.407301235198974609e+01 2.392353296279907227e+00 3.752942085266113281e+00 4.100000000000000000e+01 5.358819200000000000e+07 8.810000000000000000e+02 3.000000000000000000e+00 6.400000000000000000e+01 1.476000000000000000e+04
-5.646680355072021484e+00 9.852813482284545898e-01 7.002957630902528763e-03 1.610000000000000000e+02 5.358819200000000000e+07 5.240000000000000000e+02 3.100000000000000000e+01 6.700000000000000000e+01 5.732000000000000000e+03
-1.401901817321777344e+01 2.471773624420166016e+00 3.742517471313476562e+00 7.400000000000000000e+01 5.368643200000000000e+07 1.576000000000000000e+03 3.000000000000000000e+00 2.700000000000000000e+01 1.471900000000000000e+04
-1.461499023437500000e+01 2.642656087875366211e+00 1.814513653516769409e-02 5.100000000000000000e+01 5.368643200000000000e+07 1.092000000000000000e+03 3.100000000000000000e+01 5.700000000000000000e+01 1.485200000000000000e+04
-1.394935894012451172e+01 2.547841072082519531e+00 3.728024244308471680e+00 2.190000000000000000e+02 5.378422000000000000e+07 4.662000000000000000e+03 3.000000000000000000e+00 1.800000000000000000e+01 1.466200000000000000e+04
-1.427439022064208984e+01 2.620082378387451172e+00 3.244008302688598633e+00 1.920000000000000000e+02 5.378422000000000000e+07 4.211000000000000000e+03 7.000000000000000000e+00 7.100000000000000000e+01 1.487100000000000000e+04
-1.451475811004638672e+01 2.677297592163085938e+00 2.730203628540039062e+00 1.750000000000000000e+02 5.378422000000000000e+07 3.905000000000000000e+03 1.100000000000000000e+01 7.600000000000000000e+01 1.501000000000000000e+04
-1.478401374816894531e+01 2.737636327743530273e+00 2.217545986175537109e+00 1.230000000000000000e+02 5.378422000000000000e+07 2.825000000000000000e+03 1.500000000000000000e+01 8.200000000000000000e+01 1.519800000000000000e+04
-1.442157363891601562e+01 2.699168443679809570e+00 1.792522706091403961e-02 1.220000000000000000e+02 5.378422000000000000e+07 2.609000000000000000e+03 3.100000000000000000e+01 9.300000000000000000e+01 1.467200000000000000e+04
-1.357329463958740234e+01 2.565314054489135742e+00 3.631658315658569336e+00 2.170000000000000000e+02 5.388216000000000000e+07 4.381000000000000000e+03 3.000000000000000000e+00 2.900000000000000000e+01 1.428300000000000000e+04
-1.425804519653320312e+01 2.707618951797485352e+00 3.244008302688598633e+00 1.750000000000000000e+02 5.388216000000000000e+07 3.832000000000000000e+03 7.000000000000000000e+00 8.600000000000000000e+01 1.487100000000000000e+04
-1.449805736541748047e+01 2.766308069229125977e+00 2.730203628540039062e+00 1.420000000000000000e+02 5.388216000000000000e+07 3.166000000000000000e+03 1.100000000000000000e+01 5.500000000000000000e+01 1.501000000000000000e+04
-1.476985263824462891e+01 2.828856229782104492e+00 2.217983722686767578e+00 1.630000000000000000e+02 5.388216000000000000e+07 3.754000000000000000e+03 1.500000000000000000e+01 6.000000000000000000e+01 1.520100000000000000e+04
-1.458538818359375000e+01 2.822565793991088867e+00 1.815002411603927612e-02 7.400000000000000000e+01 5.388216000000000000e+07 1.615000000000000000e+03 3.100000000000000000e+01 9.400000000000000000e+01 1.485600000000000000e+04
-1.354211235046386719e+01 2.645583152770996094e+00 3.627589941024780273e+00 2.800000000000000000e+02 5.398019200000000000e+07 5.689000000000000000e+03 3.000000000000000000e+00 5.800000000000000000e+01 1.426700000000000000e+04
-1.459329032897949219e+01 2.917103290557861328e+00 1.818178966641426086e-02 1.090000000000000000e+02 5.398019200000000000e+07 2.401000000000000000e+03 3.100000000000000000e+01 6.700000000000000000e+01 1.488200000000000000e+04
-1.345736503601074219e+01 2.714855670928955078e+00 3.609282970428466797e+00 2.710000000000000000e+02 5.407895200000000000e+07 5.431000000000000000e+03 3.000000000000000000e+00 5.300000000000000000e+01 1.419500000000000000e+04
-1.446934413909912109e+01 2.984771966934204102e+00 1.804984360933303833e-02 1.750000000000000000e+02 5.407895200000000000e+07 3.781000000000000000e+03 3.100000000000000000e+01 8.900000000000000000e+01 1.477400000000000000e+04
-1.341488838195800781e+01 2.792056560516357422e+00 3.602417707443237305e+00 8.600000000000000000e+01 5.417648800000000000e+07 1.712000000000000000e+03 3.000000000000000000e+00 8.300000000000000000e+01 1.416800000000000000e+04
-1.460334396362304688e+01 3.105951309204101562e+00 1.824043132364749908e-02 1.010000000000000000e+02 5.417648800000000000e+07 2.240000000000000000e+03 3.100000000000000000e+01 5.900000000000000000e+01 1.493000000000000000e+04
-1.459182548522949219e+01 3.197209596633911133e+00 1.825020648539066315e-02 1.190000000000000000e+02 5.427375200000000000e+07 2.624000000000000000e+03 3.100000000000000000e+01 4.500000000000000000e+01 1.493800000000000000e+04
-1.457095718383789062e+01 3.286463022232055664e+00 1.824898459017276764e-02 1.210000000000000000e+02 5.437159200000000000e+07 2.685000000000000000e+03 3.100000000000000000e+01 7.600000000000000000e+01 1.493700000000000000e+04
-1.441803741455078125e+01 3.345070600509643555e+00 1.808282919228076935e-02 1.810000000000000000e+02 5.446840000000000000e+07 3.951000000000000000e+03 3.100000000000000000e+01 7.300000000000000000e+01 1.480100000000000000e+04
-1.447019481658935547e+01 3.450873136520385742e+00 1.817445829510688782e-02 1.120000000000000000e+02 5.456716000000000000e+07 2.461000000000000000e+03 3.100000000000000000e+01 9.000000000000000000e+01 1.487600000000000000e+04
-1.449536991119384766e+01 3.551016807556152344e+00 1.823310181498527527e-02 1.270000000000000000e+02 5.466356800000000000e+07 2.817000000000000000e+03 3.100000000000000000e+01 5.800000000000000000e+01 1.492400000000000000e+04
-1.450822162628173828e+01 3.648672103881835938e+00 1.827708445489406586e-02 1.260000000000000000e+02 5.476032800000000000e+07 2.808000000000000000e+03 3.100000000000000000e+01 6.000000000000000000e+01 1.496000000000000000e+04
-1.442262172698974609e+01 3.721384525299072266e+00 1.819767057895660400e-02 1.230000000000000000e+02 5.485924000000000000e+07 2.714000000000000000e+03 3.100000000000000000e+01 7.500000000000000000e+01 1.489500000000000000e+04
-1.437921428680419922e+01 3.804438591003417969e+00 1.817201450467109680e-02 1.300000000000000000e+02 5.495639200000000000e+07 2.843000000000000000e+03 3.100000000000000000e+01 5.700000000000000000e+01 1.487400000000000000e+04
-1.419924640655517578e+01 3.850200176239013672e+00 1.797409541904926300e-02 2.110000000000000000e+02 5.505347200000000000e+07 4.553000000000000000e+03 3.100000000000000000e+01 7.300000000000000000e+01 1.471200000000000000e+04
-1.432084655761718750e+01 3.977663516998291016e+00 1.815857738256454468e-02 1.490000000000000000e+02 5.515243200000000000e+07 3.277000000000000000e+03 3.100000000000000000e+01 7.700000000000000000e+01 1.486300000000000000e+04
-1.430771350860595703e+01 4.068741798400878906e+00 1.817323826253414154e-02 1.490000000000000000e+02 5.524984800000000000e+07 3.282000000000000000e+03 3.100000000000000000e+01 7.600000000000000000e+01 1.487500000000000000e+04
-1.425751399993896484e+01 4.149190902709960938e+00 1.814147271215915680e-02 1.470000000000000000e+02 5.534732800000000000e+07 3.228000000000000000e+03 3.100000000000000000e+01 6.900000000000000000e+01 1.484900000000000000e+04
-1.414265251159667969e+01 4.210061073303222656e+00 1.802785135805606842e-02 1.620000000000000000e+02 5.544588800000000000e+07 3.511000000000000000e+03 3.100000000000000000e+01 8.600000000000000000e+01 1.475600000000000000e+04
-1.418638992309570312e+01 4.318016052246093750e+00 1.811703667044639587e-02 1.290000000000000000e+02 5.554203200000000000e+07 2.823000000000000000e+03 3.100000000000000000e+01 7.200000000000000000e+01 1.482900000000000000e+04
-1.411093044281005859e+01 4.389831542968750000e+00 1.805472932755947113e-02 1.710000000000000000e+02 5.563899200000000000e+07 3.719000000000000000e+03 3.100000000000000000e+01 8.100000000000000000e+01 1.477800000000000000e+04
-1.402273654937744141e+01 4.456945896148681641e+00 1.797653920948505402e-02 2.050000000000000000e+02 5.573698000000000000e+07 4.402000000000000000e+03 3.100000000000000000e+01 7.900000000000000000e+01 1.471400000000000000e+04
-1.397229766845703125e+01 4.535493850708007812e+00 1.794721744954586029e-02 1.900000000000000000e+02 5.583460800000000000e+07 4.047000000000000000e+03 3.100000000000000000e+01 5.500000000000000000e+01 1.469000000000000000e+04
-1.391287994384765625e+01 4.610759735107421875e+00 1.790690049529075623e-02 2.130000000000000000e+02 5.593143200000000000e+07 4.557000000000000000e+03 3.100000000000000000e+01 9.700000000000000000e+01 1.465700000000000000e+04
-1.391179847717285156e+01 4.705332279205322266e+00 1.794232986867427826e-02 1.970000000000000000e+02 5.602726000000000000e+07 4.233000000000000000e+03 3.100000000000000000e+01 8.300000000000000000e+01 1.468600000000000000e+04
-1.384674358367919922e+01 4.778209209442138672e+00 1.789590530097484589e-02 2.160000000000000000e+02 5.612547200000000000e+07 4.597000000000000000e+03 3.100000000000000000e+01 8.300000000000000000e+01 1.464800000000000000e+04
-1.388413810729980469e+01 4.886652946472167969e+00 1.798264682292938232e-02 1.990000000000000000e+02 5.622324000000000000e+07 4.291000000000000000e+03 3.100000000000000000e+01 1.070000000000000000e+02 1.471900000000000000e+04
-1.386612796783447266e+01 4.976143360137939453e+00 1.799852959811687469e-02 1.540000000000000000e+02 5.632036800000000000e+07 3.328000000000000000e+03 3.100000000000000000e+01 7.900000000000000000e+01 1.473200000000000000e+04
-1.392549133300781250e+01 5.094111442565917969e+00 1.811581663787364960e-02 2.160000000000000000e+02 5.641824000000000000e+07 4.713000000000000000e+03 3.100000000000000000e+01 7.100000000000000000e+01 1.482800000000000000e+04
-1.394176006317138672e+01 5.197275161743164062e+00 1.817812398076057434e-02 1.800000000000000000e+02 5.651684800000000000e+07 3.944000000000000000e+03 3.100000000000000000e+01 9.800000000000000000e+01 1.487900000000000000e+04
-1.392643451690673828e+01 5.289113044738769531e+00 1.820011436939239502e-02 2.140000000000000000e+02 5.661423200000000000e+07 4.709000000000000000e+03 3.100000000000000000e+01 9.300000000000000000e+01 1.489700000000000000e+04
-1.411487102508544922e+01 6.668395996093750000e+00 3.160966336727142334e-01 7.200000000000000000e+01 5.671140000000000000e+07 1.736000000000000000e+03 2.900000000000000000e+01 9.000000000000000000e+01 1.561400000000000000e+04
-8.311081886291503906e+00 3.565192937850952148e+00 9.628520905971527100e-02 2.450000000000000000e+02 5.671140000000000000e+07 1.990000000000000000e+03 3.000000000000000000e+01 8.200000000000000000e+01 9.044000000000000000e+03
-1.396180248260498047e+01 5.400801181793212891e+00 1.828930154442787170e-02 1.960000000000000000e+02 5.671140000000000000e+07 4.376000000000000000e+03 3.100000000000000000e+01 8.700000000000000000e+01 1.497000000000000000e+04
-1.395380973815917969e+01 6.697340011596679688e+00 3.134041428565979004e-01 1.040000000000000000e+02 5.680903200000000000e+07 2.473000000000000000e+03 2.900000000000000000e+01 9.500000000000000000e+01 1.548100000000000000e+04
-1.393863582611083984e+01 5.490398883819580078e+00 1.830274052917957306e-02 1.390000000000000000e+02 5.680903200000000000e+07 3.106000000000000000e+03 3.100000000000000000e+01 6.800000000000000000e+01 1.498100000000000000e+04
-1.410656738281250000e+01 6.877470970153808594e+00 3.177769184112548828e-01 1.750000000000000000e+02 5.690624800000000000e+07 4.266000000000000000e+03 2.900000000000000000e+01 1.010000000000000000e+02 1.569700000000000000e+04
-1.392139148712158203e+01 5.582520961761474609e+00 1.832473091781139374e-02 2.020000000000000000e+02 5.690624800000000000e+07 4.508000000000000000e+03 3.100000000000000000e+01 7.300000000000000000e+01 1.499900000000000000e+04
-1.424240112304687500e+01 7.052183151245117188e+00 3.218055665493011475e-01 1.150000000000000000e+02 5.700418000000000000e+07 2.875000000000000000e+03 2.900000000000000000e+01 1.380000000000000000e+02 1.589600000000000000e+04
-1.383965778350830078e+01 5.648563861846923828e+00 1.826242357492446899e-02 2.080000000000000000e+02 5.700418000000000000e+07 4.634000000000000000e+03 3.100000000000000000e+01 7.000000000000000000e+01 1.494800000000000000e+04
-1.425424289703369141e+01 7.167286396026611328e+00 3.230607509613037109e-01 1.220000000000000000e+02 5.710150000000000000e+07 3.078000000000000000e+03 2.900000000000000000e+01 1.290000000000000000e+02 1.595800000000000000e+04
-1.384721946716308594e+01 5.751019477844238281e+00 1.831862330436706543e-02 1.930000000000000000e+02 5.710150000000000000e+07 4.304000000000000000e+03 3.100000000000000000e+01 6.500000000000000000e+01 1.499400000000000000e+04
-1.423760032653808594e+01 7.268706321716308594e+00 3.236882984638214111e-01 1.920000000000000000e+02 5.720006000000000000e+07 4.858000000000000000e+03 2.900000000000000000e+01 1.130000000000000000e+02 1.598900000000000000e+04
-8.303215026855468750e+00 3.508376121520996094e+00 1.101267710328102112e-02 1.620000000000000000e+02 5.720006000000000000e+07 1.308000000000000000e+03 3.100000000000000000e+01 1.200000000000000000e+02 9.014000000000000000e+03
-1.417409133911132812e+01 7.346268653869628906e+00 3.232631683349609375e-01 1.690000000000000000e+02 5.729774000000000000e+07 4.278000000000000000e+03 2.900000000000000000e+01 1.410000000000000000e+02 1.596800000000000000e+04
-1.372282791137695312e+01 6.494719505310058594e+00 1.616428941488265991e-01 1.890000000000000000e+02 5.729774000000000000e+07 4.325000000000000000e+03 3.000000000000000000e+01 4.600000000000000000e+01 1.518300000000000000e+04
-8.287044525146484375e+00 3.561626672744750977e+00 1.102000661194324493e-02 2.630000000000000000e+02 5.729774000000000000e+07 2.119000000000000000e+03 3.100000000000000000e+01 5.600000000000000000e+01 9.020000000000000000e+03
-1.415263938903808594e+01 7.445669651031494141e+00 3.238097727298736572e-01 1.480000000000000000e+02 5.739476000000000000e+07 3.756000000000000000e+03 2.900000000000000000e+01 1.360000000000000000e+02 1.599500000000000000e+04
-1.353222084045410156e+01 6.506437778472900391e+00 1.598649621009826660e-01 2.010000000000000000e+02 5.739476000000000000e+07 4.500000000000000000e+03 3.000000000000000000e+01 4.900000000000000000e+01 1.501600000000000000e+04
-1.380682277679443359e+01 6.034563541412353516e+00 1.840903051197528839e-02 9.300000000000000000e+01 5.739476000000000000e+07 2.092000000000000000e+03 3.100000000000000000e+01 9.900000000000000000e+01 1.506800000000000000e+04
-1.372568798065185547e+01 7.328930854797363281e+00 3.150641620159149170e-01 1.460000000000000000e+02 5.749172000000000000e+07 3.501000000000000000e+03 2.900000000000000000e+01 1.660000000000000000e+02 1.556300000000000000e+04
-1.348485469818115234e+01 6.585836410522460938e+00 1.597797870635986328e-01 1.920000000000000000e+02 5.749172000000000000e+07 4.294000000000000000e+03 3.000000000000000000e+01 4.200000000000000000e+01 1.500800000000000000e+04
-1.377410411834716797e+01 6.121197700500488281e+00 1.841513998806476593e-02 1.890000000000000000e+02 5.749172000000000000e+07 4.258000000000000000e+03 3.100000000000000000e+01 6.600000000000000000e+01 1.507300000000000000e+04
-1.427381038665771484e+01 7.734529972076416016e+00 3.287291824817657471e-01 2.010000000000000000e+02 5.758935200000000000e+07 5.248000000000000000e+03 2.900000000000000000e+01 1.110000000000000000e+02 1.623800000000000000e+04
-1.344866943359375000e+01 6.670675754547119141e+00 1.598330140113830566e-01 1.380000000000000000e+02 5.758935200000000000e+07 3.082000000000000000e+03 3.000000000000000000e+01 3.200000000000000000e+01 1.501300000000000000e+04
-1.374813270568847656e+01 6.210950851440429688e+00 1.843102276325225830e-02 1.660000000000000000e+02 5.758935200000000000e+07 3.746000000000000000e+03 3.100000000000000000e+01 4.800000000000000000e+01 1.508600000000000000e+04
-1.430142784118652344e+01 7.863393783569335938e+00 3.304702043533325195e-01 1.740000000000000000e+02 5.768800800000000000e+07 4.585000000000000000e+03 2.900000000000000000e+01 1.060000000000000000e+02 1.632400000000000000e+04
-1.342891979217529297e+01 6.763865470886230469e+00 1.600885242223739624e-01 1.710000000000000000e+02 5.768800800000000000e+07 3.814000000000000000e+03 3.000000000000000000e+01 3.700000000000000000e+01 1.503700000000000000e+04
-1.370431232452392578e+01 6.292687416076660156e+00 1.842369139194488525e-02 2.030000000000000000e+02 5.768800800000000000e+07 4.602000000000000000e+03 3.100000000000000000e+01 7.300000000000000000e+01 1.508000000000000000e+04
-1.425989437103271484e+01 7.954894065856933594e+00 3.306321501731872559e-01 1.910000000000000000e+02 5.778558000000000000e+07 5.068000000000000000e+03 2.900000000000000000e+01 1.150000000000000000e+02 1.633200000000000000e+04
-1.338093280792236328e+01 6.842949390411376953e+00 1.600140035152435303e-01 1.820000000000000000e+02 5.778558000000000000e+07 4.083000000000000000e+03 3.000000000000000000e+01 3.100000000000000000e+01 1.503000000000000000e+04
-1.361288356781005859e+01 6.352130889892578125e+00 1.835283078253269196e-02 1.820000000000000000e+02 5.778558000000000000e+07 4.071000000000000000e+03 3.100000000000000000e+01 7.000000000000000000e+01 1.502200000000000000e+04
-1.331828117370605469e+01 6.914327621459960938e+00 1.597691476345062256e-01 1.680000000000000000e+02 5.788347200000000000e+07 3.733000000000000000e+03 3.000000000000000000e+01 2.700000000000000000e+01 1.500700000000000000e+04
-1.357184410095214844e+01 6.434681892395019531e+00 1.835038699209690094e-02 1.700000000000000000e+02 5.788347200000000000e+07 3.801000000000000000e+03 3.100000000000000000e+01 5.800000000000000000e+01 1.502000000000000000e+04
-1.327560520172119141e+01 6.995916843414306641e+00 1.597691476345062256e-01 1.360000000000000000e+02 5.798182000000000000e+07 3.036000000000000000e+03 3.000000000000000000e+01 2.200000000000000000e+01 1.500700000000000000e+04
-1.353841209411621094e+01 6.520873546600341797e+00 1.835894025862216949e-02 2.380000000000000000e+02 5.798182000000000000e+07 5.319000000000000000e+03 3.100000000000000000e+01 5.000000000000000000e+01 1.502700000000000000e+04
-1.330914115905761719e+01 7.118271350860595703e+00 1.606953740119934082e-01 1.850000000000000000e+02 5.808011200000000000e+07 4.189000000000000000e+03 3.000000000000000000e+01 1.800000000000000000e+01 1.509400000000000000e+04
-1.351970481872558594e+01 6.614367961883544922e+00 1.838826201856136322e-02 1.270000000000000000e+02 5.808011200000000000e+07 2.848000000000000000e+03 3.100000000000000000e+01 3.100000000000000000e+01 1.505100000000000000e+04
-1.323181819915771484e+01 7.181674957275390625e+00 1.602908074855804443e-01 1.800000000000000000e+02 5.817770000000000000e+07 4.027000000000000000e+03 3.000000000000000000e+01 4.100000000000000000e+01 1.505600000000000000e+04
-1.349498462677001953e+01 6.705208301544189453e+00 1.841025240719318390e-02 2.020000000000000000e+02 5.817770000000000000e+07 4.552000000000000000e+03 3.100000000000000000e+01 6.000000000000000000e+01 1.506900000000000000e+04
-1.318400001525878906e+01 7.260799407958984375e+00 1.602482348680496216e-01 1.920000000000000000e+02 5.827518000000000000e+07 4.322000000000000000e+03 3.000000000000000000e+01 2.800000000000000000e+01 1.505200000000000000e+04
-1.342055511474609375e+01 6.771218776702880859e+00 1.836504787206649780e-02 1.450000000000000000e+02 5.827518000000000000e+07 3.245000000000000000e+03 3.100000000000000000e+01 4.500000000000000000e+01 1.503200000000000000e+04
-1.314094543457031250e+01 7.342533588409423828e+00 1.602695137262344360e-01 2.400000000000000000e+02 5.837224000000000000e+07 5.385000000000000000e+03 3.000000000000000000e+01 4.100000000000000000e+01 1.505400000000000000e+04
-1.336629486083984375e+01 6.847055435180664062e+00 1.834794506430625916e-02 1.560000000000000000e+02 5.837224000000000000e+07 3.488000000000000000e+03 3.100000000000000000e+01 3.800000000000000000e+01 1.501800000000000000e+04
-1.309912490844726562e+01 7.424998760223388672e+00 1.603121012449264526e-01 2.000000000000000000e+02 5.846976000000000000e+07 4.505000000000000000e+03 3.000000000000000000e+01 4.000000000000000000e+01 1.505800000000000000e+04
-1.330717372894287109e+01 6.920174598693847656e+00 1.832473091781139374e-02 1.570000000000000000e+02 5.846976000000000000e+07 3.499000000000000000e+03 3.100000000000000000e+01 5.500000000000000000e+01 1.499900000000000000e+04
-1.305852127075195312e+01 7.508224487304687500e+00 1.603759825229644775e-01 2.180000000000000000e+02 5.856750000000000000e+07 4.873000000000000000e+03 3.000000000000000000e+01 3.300000000000000000e+01 1.506400000000000000e+04
-1.324854373931884766e+01 6.993293285369873047e+00 1.830274052917957306e-02 2.440000000000000000e+02 5.856750000000000000e+07 5.463000000000000000e+03 3.100000000000000000e+01 6.800000000000000000e+01 1.498100000000000000e+04
-1.303725528717041016e+01 7.602816581726074219e+00 1.606847196817398071e-01 2.050000000000000000e+02 5.866440800000000000e+07 4.616000000000000000e+03 3.000000000000000000e+01 4.300000000000000000e+01 1.509300000000000000e+04
-1.320890998840332031e+01 7.076341629028320312e+00 1.830762811005115509e-02 2.000000000000000000e+02 5.866440800000000000e+07 4.459000000000000000e+03 3.100000000000000000e+01 4.900000000000000000e+01 1.498500000000000000e+04
-1.299982738494873047e+01 7.688268184661865234e+00 1.608018428087234497e-01 2.300000000000000000e+02 5.876210000000000000e+07 5.171000000000000000e+03 3.000000000000000000e+01 4.000000000000000000e+01 1.510400000000000000e+04
-1.321004772186279297e+01 7.181615829467773438e+00 1.836993545293807983e-02 2.060000000000000000e+02 5.876210000000000000e+07 4.623000000000000000e+03 3.100000000000000000e+01 5.800000000000000000e+01 1.503600000000000000e+04
-1.295412349700927734e+01 7.768917560577392578e+00 1.608231216669082642e-01 2.140000000000000000e+02 5.886024800000000000e+07 4.850000000000000000e+03 3.000000000000000000e+01 5.300000000000000000e+01 1.510600000000000000e+04
-1.322264862060546875e+01 7.293931961059570312e+00 1.844934746623039246e-02 1.370000000000000000e+02 5.886024800000000000e+07 3.092000000000000000e+03 3.100000000000000000e+01 4.900000000000000000e+01 1.510100000000000000e+04
-1.290877437591552734e+01 7.849814891815185547e+00 1.608550697565078735e-01 2.120000000000000000e+02 5.895782000000000000e+07 4.807000000000000000e+03 3.000000000000000000e+01 4.600000000000000000e+01 1.510900000000000000e+04
-1.315757465362548828e+01 7.363694667816162109e+00 1.842124946415424347e-02 2.040000000000000000e+02 5.895782000000000000e+07 4.606000000000000000e+03 3.100000000000000000e+01 4.700000000000000000e+01 1.507800000000000000e+04
-1.284078788757324219e+01 7.916803836822509766e+00 1.606101989746093750e-01 1.670000000000000000e+02 5.905504800000000000e+07 3.746000000000000000e+03 3.000000000000000000e+01 4.600000000000000000e+01 1.508600000000000000e+04
-1.311910057067871094e+01 7.448238849639892578e+00 1.843102276325225830e-02 1.960000000000000000e+02 5.905504800000000000e+07 4.430000000000000000e+03 3.100000000000000000e+01 3.700000000000000000e+01 1.508600000000000000e+04
-1.310174942016601562e+01 7.545064449310302734e+00 1.847133971750736237e-02 2.610000000000000000e+02 5.915339200000000000e+07 5.910000000000000000e+03 3.100000000000000000e+01 4.900000000000000000e+01 1.511900000000000000e+04
-1.304743576049804688e+01 7.620774269104003906e+00 1.846034452319145203e-02 2.800000000000000000e+02 5.925168000000000000e+07 6.338000000000000000e+03 3.100000000000000000e+01 4.500000000000000000e+01 1.511000000000000000e+04
-1.300387096405029297e+01 7.702726840972900391e+00 1.846523024141788483e-02 2.320000000000000000e+02 5.934876000000000000e+07 5.247000000000000000e+03 3.100000000000000000e+01 3.700000000000000000e+01 1.511400000000000000e+04
-1.298122406005859375e+01 7.797304630279541016e+00 1.850066147744655609e-02 2.220000000000000000e+02 5.944652800000000000e+07 5.058000000000000000e+03 3.100000000000000000e+01 5.000000000000000000e+01 1.514300000000000000e+04
-1.292117881774902344e+01 7.869526863098144531e+00 1.848355680704116821e-02 2.420000000000000000e+02 5.954411200000000000e+07 5.505000000000000000e+03 3.100000000000000000e+01 5.900000000000000000e+01 1.512900000000000000e+04
-1.286414051055908203e+01 7.943407535552978516e+00 1.847133971750736237e-02 2.510000000000000000e+02 5.964230000000000000e+07 5.679000000000000000e+03 3.100000000000000000e+01 6.100000000000000000e+01 1.511900000000000000e+04
-9.575559616088867188e+00 6.845794677734375000e+00 1.438098680227994919e-02 1.980000000000000000e+02 6.071680800000000000e+07 2.723000000000000000e+03 3.100000000000000000e+01 5.400000000000000000e+01 1.177100000000000000e+04
-3.236085176467895508e+00 4.096767902374267578e+00 5.558437108993530273e-02 2.640000000000000000e+02 6.462883200000000000e+07 7.150000000000000000e+02 3.000000000000000000e+01 8.000000000000000000e+01 5.221000000000000000e+03
-3.214576959609985352e+00 4.121277809143066406e+00 5.564825236797332764e-02 3.020000000000000000e+02 6.472774000000000000e+07 8.230000000000000000e+02 3.000000000000000000e+01 9.000000000000000000e+01 5.227000000000000000e+03
-3.200626134872436523e+00 4.057607650756835938e+00 6.313901860266923904e-03 1.900000000000000000e+01 6.521620000000000000e+07 4.700000000000000000e+01 3.100000000000000000e+01 3.800000000000000000e+01 5.168000000000000000e+03
-3.179355859756469727e+00 4.081903457641601562e+00 6.321232300251722336e-03 2.500000000000000000e+01 6.531363200000000000e+07 6.300000000000000000e+01 3.100000000000000000e+01 4.600000000000000000e+01 5.174000000000000000e+03
-4.638880252838134766e+00 7.145211219787597656e+00 1.040791906416416168e-02 3.310000000000000000e+02 6.668030000000000000e+07 2.390000000000000000e+03 3.100000000000000000e+01 8.000000000000000000e+01 8.519000000000000000e+03
-5.069507956504821777e-01 2.617179870605468750e+00 7.911987602710723877e-02 1.900000000000000000e+01 7.108366400000000000e+07 1.300000000000000000e+01 2.800000000000000000e+01 7.400000000000000000e+01 2.667000000000000000e+03
-4.908825457096099854e-01 2.620241165161132812e+00 7.911987602710723877e-02 2.430000000000000000e+02 7.118232000000000000e+07 1.720000000000000000e+02 2.800000000000000000e+01 6.600000000000000000e+01 2.667000000000000000e+03
-4.724814593791961670e-01 2.610417366027832031e+00 7.873421162366867065e-02 2.450000000000000000e+02 7.127988800000000000e+07 1.710000000000000000e+02 2.800000000000000000e+01 6.100000000000000000e+01 2.654000000000000000e+03
-4.535315632820129395e-01 2.596528291702270508e+00 7.822988927364349365e-02 1.500000000000000000e+02 7.137804000000000000e+07 1.030000000000000000e+02 2.800000000000000000e+01 4.300000000000000000e+01 2.637000000000000000e+03
-5.115228891372680664e-01 2.650538921356201172e+00 5.465997755527496338e-02 5.700000000000000000e+01 7.167216000000000000e+07 4.100000000000000000e+01 2.900000000000000000e+01 6.900000000000000000e+01 2.700000000000000000e+03
-4.994686543941497803e-01 2.676232814788818359e+00 5.512560158967971802e-02 2.090000000000000000e+02 7.176979200000000000e+07 1.540000000000000000e+02 2.900000000000000000e+01 7.700000000000000000e+01 2.723000000000000000e+03
-4.729268848896026611e-01 2.623162984848022461e+00 5.397167056798934937e-02 2.140000000000000000e+02 7.186926400000000000e+07 1.510000000000000000e+02 2.900000000000000000e+01 7.300000000000000000e+01 2.666000000000000000e+03
-4.496257901191711426e-01 2.584645271301269531e+00 5.312140285968780518e-02 7.500000000000000000e+01 7.196540000000000000e+07 5.100000000000000000e+01 2.900000000000000000e+01 4.100000000000000000e+01 2.624000000000000000e+03
-5.012806057929992676e-01 2.607095003128051758e+00 2.826594747602939606e-02 7.600000000000000000e+01 7.225820000000000000e+07 5.300000000000000000e+01 3.000000000000000000e+01 6.100000000000000000e+01 2.655000000000000000e+03
-4.925854206085205078e-01 2.649445772171020508e+00 2.869180031120777130e-02 1.530000000000000000e+02 7.235424000000000000e+07 1.110000000000000000e+02 3.000000000000000000e+01 8.900000000000000000e+01 2.695000000000000000e+03
-4.665986299514770508e-01 2.598287105560302734e+00 2.810625173151493073e-02 1.580000000000000000e+02 7.245104800000000000e+07 1.090000000000000000e+02 3.000000000000000000e+01 4.600000000000000000e+01 2.640000000000000000e+03
-5.302323773503303528e-02 6.597370505332946777e-01 1.340181846171617508e-02 5.800000000000000000e+01 7.342024000000000000e+07 2.000000000000000000e+00 2.900000000000000000e+01 1.100000000000000000e+01 6.620000000000000000e+02
-7.449710369110107422e-02 6.701280474662780762e-01 3.167917579412460327e-02 5.100000000000000000e+01 7.351776000000000000e+07 2.000000000000000000e+00 2.600000000000000000e+01 2.000000000000000000e+01 6.750000000000000000e+02
-4.566971585154533386e-02 6.713104248046875000e-01 1.362450607120990753e-02 5.700000000000000000e+01 7.361484000000000000e+07 3.000000000000000000e+00 2.900000000000000000e+01 2.000000000000000000e+01 6.730000000000000000e+02
-6.332911550998687744e-02 6.880525946617126465e-01 7.356598973274230957e-03 6.500000000000000000e+01 7.380993600000000000e+07 3.000000000000000000e+00 3.000000000000000000e+01 2.600000000000000000e+01 6.910000000000000000e+02
-8.797034621238708496e-03 7.209769487380981445e-01 5.332875996828079224e-02 9.400000000000000000e+01 7.567680800000000000e+07 5.000000000000000000e+00 2.300000000000000000e+01 2.100000000000000000e+01 7.230000000000000000e+02
