-7.529105525463819504e-03 -7.082520127296447754e-01 7.257021218538284302e-02
-5.709368363022804260e-02 -7.244337201118469238e-01 2.156736142933368683e-02
-2.625602483749389648e-02 -7.250033617019653320e-01 6.053762137889862061e-02
-5.137845501303672791e-02 -7.040045857429504395e-01 3.983540832996368408e-02
-7.268840819597244263e-02 -7.412921190261840820e-01 1.508210599422454834e-02
-5.183782428503036499e-02 -7.053174972534179688e-01 3.322793543338775635e-02
-8.277067542076110840e-02 -7.083941102027893066e-01 3.350953012704849243e-02
-1.239552497863769531e-01 -7.162035703659057617e-01 1.471770647913217545e-02
-1.159630939364433289e-01 -7.219393253326416016e-01 3.435430675745010376e-02
-1.085056588053703308e-01 -6.718146204948425293e-01 2.554824389517307281e-02
-1.123320460319519043e-01 -6.939666867256164551e-01 8.588763303123414516e-04
-1.232559084892272949e-01 -7.078428268432617188e-01 2.697384171187877655e-02
-1.328720301389694214e-01 -7.614941000938415527e-01 9.443974704481661320e-04
-2.374746561050415039e+00 -3.011675834655761719e+00 1.138293817639350891e-01
-2.395052194595336914e+00 -2.999391317367553711e+00 1.139183789491653442e-01
-2.403983831405639648e+00 -2.972980499267578125e+00 1.134733930230140686e-01
-2.403182744979858398e+00 -2.934972286224365234e+00 1.125833988189697266e-01
-2.359406709671020508e+00 -2.987996101379394531e+00 7.709081470966339111e-02
-5.136108875274658203e+00 -5.967655658721923828e+00 2.336810082197189331e-01
-2.378320932388305664e+00 -2.974243879318237305e+00 7.711106538772583008e-02
-2.400300741195678711e+00 -2.964256763458251953e+00 7.723253220319747925e-02
-2.431756496429443359e+00 -2.965708732604980469e+00 7.765766233205795288e-02
-5.095644950866699219e+00 -5.986304283142089844e+00 1.591820120811462402e-01
-2.382897615432739258e+00 -3.013484954833984375e+00 4.090311378240585327e-02
-2.399136066436767578e+00 -2.999268293380737305e+00 1.804539859294891357e-01
-5.110740661621093750e+00 -5.929933071136474609e+00 1.585139483213424683e-01
-2.383842229843139648e+00 -2.976952075958251953e+00 4.060501605272293091e-02
-2.418751239776611328e+00 -2.986043214797973633e+00 1.805478334426879883e-01
-2.403953075408935547e+00 -2.964599132537841797e+00 4.063695669174194336e-02
-2.421463727951049805e+00 -2.949020147323608398e+00 4.062630981206893921e-02
-2.442709445953369141e+00 -2.937951326370239258e+00 4.067954048514366150e-02
-2.350559711456298828e+00 -3.006111383438110352e+00 4.662122577428817749e-03
-2.389814138412475586e+00 -3.020132303237915039e+00 1.445857882499694824e-01
-5.116731166839599609e+00 -6.002713203430175781e+00 8.397807925939559937e-02
-2.364614963531494141e+00 -2.986144304275512695e+00 4.653570707887411118e-03
-2.400801897048950195e+00 -2.996054172515869141e+00 1.441356092691421509e-01
-5.143013000488281250e+00 -5.959092140197753906e+00 8.380773663520812988e-02
-2.381016254425048828e+00 -2.969238519668579102e+00 4.649905487895011902e-03
-2.427955389022827148e+00 -2.992130279541015625e+00 1.446608304977416992e-01
-5.149872303009033203e+00 -5.893538951873779297e+00 8.332864940166473389e-02
-2.389734745025634766e+00 -2.942928552627563477e+00 4.631579387933015823e-03
-2.408382415771484375e+00 -2.928982496261596680e+00 4.632801283150911331e-03
-2.419270515441894531e+00 -2.905696153640747070e+00 4.619361832737922668e-03
-5.105559825897216797e+00 -5.981276512145996094e+00 9.607686661183834076e-03
-5.129086494445800781e+00 -5.934704780578613281e+00 9.583251550793647766e-03
-5.163428783416748047e+00 -5.900864124298095703e+00 9.579586796462535858e-03
-7.264937877655029297e+00 -6.989069461822509766e+00 1.231626234948635101e-02
-6.938713073730468750e+00 -6.593733310699462891e+00 1.169440150260925293e-02
-7.395362377166748047e+00 -6.941823959350585938e+00 1.239200960844755173e-02
-7.280892372131347656e+00 -6.750815868377685547e+00 1.213056035339832306e-02
-7.319965362548828125e+00 -6.703987598419189453e+00 1.212689466774463654e-02
-7.341681003570556641e+00 -6.641504764556884766e+00 1.209512911736965179e-02
-7.216005802154541016e+00 -6.447747707366943359e+00 1.182268280535936356e-02
-7.428627967834472656e+00 -6.556204795837402344e+00 1.210490334779024124e-02
-7.400873661041259766e+00 -6.451361656188964844e+00 1.199494767934083939e-02
-7.443350315093994141e+00 -6.408438682556152344e+00 1.199983432888984680e-02
-7.471866130828857422e+00 -6.353577613830566406e+00 1.198273058980703354e-02
-7.470124244689941406e+00 -6.273526191711425781e+00 1.191797759383916855e-02
-7.493083477020263672e+00 -6.214804649353027344e+00 1.189354434609413147e-02
-7.515603065490722656e+00 -6.156037330627441406e+00 1.186910923570394516e-02
-7.492590904235839844e+00 -6.060752391815185547e+00 1.177381351590156555e-02
-7.588237762451171875e+00 -6.061473846435546875e+00 1.186544448137283325e-02
-7.549913406372070312e+00 -5.955344676971435547e+00 1.174815744161605835e-02
-7.513731479644775391e+00 -5.852374076843261719e+00 1.163575798273086548e-02
-7.606573104858398438e+00 -5.850054740905761719e+00 1.172372326254844666e-02
-7.656660079956054688e+00 -5.814157009124755859e+00 1.174571458250284195e-02
-7.696991920471191406e+00 -5.770666599273681641e+00 1.175304502248764038e-02
-7.617315769195556641e+00 -5.638253211975097656e+00 1.157833728939294815e-02
-7.652575969696044922e+00 -5.591998577117919922e+00 1.157955918461084366e-02
-7.683498859405517578e+00 -5.542597293853759766e+00 1.157467160373926163e-02
-7.753205299377441406e+00 -5.520870208740234375e+00 1.162842847406864166e-02
-7.779571533203125000e+00 -5.468018531799316406e+00 1.161743327975273132e-02
-7.756283283233642578e+00 -5.380850315093994141e+00 1.153313368558883667e-02
-7.662084102630615234e+00 -5.246154308319091797e+00 1.134498696774244308e-02
-1.094527721405029297e+01 -6.833393096923828125e+00 1.373799592256546021e-01
-7.781958580017089844e+00 -5.258389472961425781e+00 1.147449016571044922e-02
-1.129777622222900391e+01 -6.957490444183349609e+00 1.412658691406250000e-01
-7.810749053955078125e+00 -5.208322048187255859e+00 1.146960351616144180e-02
-1.130521392822265625e+01 -6.866754055023193359e+00 1.408293545246124268e-01
-7.735630989074707031e+00 -5.089940547943115234e+00 1.131322141736745834e-02
-1.141747474670410156e+01 -6.839393138885498047e+00 1.417023539543151855e-01
-7.647615432739257812e+00 -4.965055942535400391e+00 1.113973557949066162e-02
-1.083676052093505859e+01 -6.401504516601562500e+00 1.340050846338272095e-01
-7.688883781433105469e+00 -4.925049304962158203e+00 1.115561928600072861e-02
-1.121972751617431641e+01 -6.535199642181396484e+00 1.382423043251037598e-01
-7.676690578460693359e+00 -4.851068496704101562e+00 1.109453197568655014e-02
-1.073240375518798828e+01 -6.163463592529296875e+00 1.317693591117858887e-01
-7.692733764648437500e+00 -4.795410156250000000e+00 1.107498444616794586e-02
-1.107457733154296875e+01 -6.269921302795410156e+00 1.354955583810806274e-01
-7.704975605010986328e+00 -4.737642288208007812e+00 1.105054933577775955e-02
-1.108140659332275391e+01 -6.184308528900146484e+00 1.351123005151748657e-01
-7.640700817108154297e+00 -4.633754730224609375e+00 1.091738138347864151e-02
-1.114893245697021484e+01 -6.132583141326904297e+00 1.354742646217346191e-01
-7.601190090179443359e+00 -4.546234607696533203e+00 1.082086469978094101e-02
-1.117052841186523438e+01 -6.055481433868408203e+00 1.352826356887817383e-01
-7.262869834899902344e+00 -4.283601760864257812e+00 1.030162908136844635e-02
-1.115102672576904297e+01 -5.956673145294189453e+00 1.346012651920318604e-01
-7.620100498199462891e+00 -4.431499481201171875e+00 1.076955255120992661e-02
-1.119798469543457031e+01 -5.893728256225585938e+00 1.347290277481079102e-01
-7.586422443389892578e+00 -4.349841594696044922e+00 1.068403106182813644e-02
-1.121529483795166016e+01 -5.815241813659667969e+00 1.345054507255554199e-01
-7.575535774230957031e+00 -4.282051086425781250e+00 1.063149701803922653e-02
-1.120980167388916016e+01 -5.725394248962402344e+00 1.340157240629196167e-01
-7.557115554809570312e+00 -4.210664749145507812e+00 1.056918781250715256e-02
-1.346629905700683594e+01 -5.595571994781494141e+00 4.328008592128753662e-01
-1.123757553100585938e+01 -5.652909755706787109e+00 1.339305490255355835e-01
-7.573167800903320312e+00 -4.158920764923095703e+00 1.055574882775545120e-02
-1.139570045471191406e+01 -5.645104408264160156e+00 1.353997439146041870e-01
-7.628446102142333984e+00 -4.128557682037353516e+00 1.059728860855102539e-02
-1.144360542297363281e+01 -5.581651210784912109e+00 1.355594396591186523e-01
-7.595398426055908203e+00 -4.050615310668945312e+00 1.051665470004081726e-02
-1.147763824462890625e+01 -5.511329174041748047e+00 1.355594396591186523e-01
-7.528929710388183594e+00 -3.956024885177612305e+00 1.039081532508134842e-02
-1.138105583190917969e+01 -5.379269123077392578e+00 1.340263634920120239e-01
-7.534412384033203125e+00 -3.900099992752075195e+00 1.036515925079584122e-02
-1.051919937133789062e+01 -3.997182130813598633e+00 3.339825868606567383e-01
-1.135400962829589844e+01 -5.281499862670898438e+00 1.333237141370773315e-01
-7.567110061645507812e+00 -3.858338832855224609e+00 1.037737634032964706e-02
-1.348069953918457031e+01 -5.590694904327392578e+00 2.955080568790435791e-01
-1.129618930816650391e+01 -5.170532226562500000e+00 1.322697252035140991e-01
-7.489659786224365234e+00 -3.761124610900878906e+00 1.023932080715894699e-02
-1.351197147369384766e+01 -5.506741523742675781e+00 2.954473197460174561e-01
-1.135779094696044922e+01 -5.114672183990478516e+00 1.326210647821426392e-01
-7.439989566802978516e+00 -3.679192543029785156e+00 1.014036033302545547e-02
-1.139627361297607422e+01 -5.048125743865966797e+00 1.327062249183654785e-01
-7.428258895874023438e+00 -3.616837263107299805e+00 1.009393483400344849e-02
-1.124460506439208984e+01 -4.898630619049072266e+00 1.305876076221466064e-01
-7.434982299804687500e+00 -3.563842296600341797e+00 1.007316634058952332e-02
-1.052211761474609375e+01 -4.064037799835205078e+00 2.283977419137954712e-01
-1.116874694824218750e+01 -4.784263610839843750e+00 1.293632835149765015e-01
-7.439526557922363281e+00 -3.510047674179077148e+00 1.004995312541723251e-02
-1.054872608184814453e+01 -4.000107765197753906e+00 2.284382283687591553e-01
-1.117300987243652344e+01 -4.705164909362792969e+00 1.290758401155471802e-01
-7.446411132812500000e+00 -3.457595109939575195e+00 1.003040466457605362e-02
-1.110742950439453125e+01 -4.597512245178222656e+00 1.279899030923843384e-01
-7.398360252380371094e+00 -3.380256414413452148e+00 9.937554597854614258e-03
-1.116970252990722656e+01 -4.543211936950683594e+00 1.283838301897048950e-01
-7.429907321929931641e+00 -3.339717149734497070e+00 9.952215477824211121e-03
-1.125493812561035156e+01 -4.497595787048339844e+00 1.290438920259475708e-01
-7.434710979461669922e+00 -3.287190675735473633e+00 9.931445121765136719e-03
-1.058700942993164062e+01 -4.155532836914062500e+00 1.210911050438880920e-01
-7.423560619354248047e+00 -3.227952480316162109e+00 9.889906272292137146e-03
-1.053953170776367188e+01 -4.062442302703857422e+00 1.202606931328773499e-01
-7.355875968933105469e+00 -3.144994497299194336e+00 9.773841127753257751e-03
-1.053807353973388672e+01 -3.987787485122680664e+00 1.199625954031944275e-01
-7.426661014556884766e+00 -3.121499538421630859e+00 9.842258878052234650e-03
-1.067389106750488281e+01 -3.964482545852661133e+00 1.212294995784759521e-01
-7.357871055603027344e+00 -3.039599418640136719e+00 9.726194664835929871e-03
-1.082108974456787109e+01 -3.943768978118896484e+00 1.226241737604141235e-01
-7.335614204406738281e+00 -2.977845191955566406e+00 9.672437794506549835e-03
-1.081212997436523438e+01 -3.865515708923339844e+00 1.222515553236007690e-01
-7.336099624633789062e+00 -2.925740242004394531e+00 9.649225510656833649e-03
-1.101587677001953125e+01 -3.862292528152465820e+00 1.242849975824356079e-01
-7.282218456268310547e+00 -2.852587223052978516e+00 9.555152617394924164e-03
-1.073014450073242188e+01 -3.688336133956909180e+00 1.208036467432975769e-01
-7.294917583465576172e+00 -2.806055784225463867e+00 9.549043141305446625e-03
-1.065307426452636719e+01 -3.588907718658447266e+00 1.196857914328575134e-01
-7.318546772003173828e+00 -2.763715028762817383e+00 9.557595476508140564e-03
-1.065685367584228516e+01 -3.517518997192382812e+00 1.194835156202316284e-01
-7.281919479370117188e+00 -2.698947668075561523e+00 9.487956762313842773e-03
-1.062209987640380859e+01 -3.433915853500366211e+00 1.188553795218467712e-01
-7.314319133758544922e+00 -2.660026073455810547e+00 9.508726187050342560e-03
-1.052285003662109375e+01 -3.330655336380004883e+00 1.175139397382736206e-01
-7.235374927520751953e+00 -2.581160068511962891e+00 9.385331533849239349e-03
-1.052016544342041016e+01 -3.258924484252929688e+00 1.172584369778633118e-01
-7.266179084777832031e+00 -2.541999578475952148e+00 9.404879063367843628e-03
-1.050072765350341797e+01 -3.182421684265136719e+00 1.168219372630119324e-01
-7.170022010803222656e+00 -2.459085941314697266e+00 9.260714985430240631e-03
-1.056991100311279297e+01 -3.132706165313720703e+00 1.173755452036857605e-01
-6.979284286499023438e+00 -2.345907449722290039e+00 8.995600044727325439e-03
-1.045447063446044922e+01 -3.028835296630859375e+00 1.158850565552711487e-01
-7.156916618347167969e+00 -2.356838226318359375e+00 9.205737151205539703e-03
-7.165645122528076172e+00 -1.479450821876525879e+00 2.171569168567657471e-01
-1.051326847076416016e+01 -2.976069927215576172e+00 1.163322031497955322e-01
-7.165533065795898438e+00 -2.311038255691528320e+00 9.198406711220741272e-03
-7.186349868774414062e+00 -1.437808632850646973e+00 2.175129055976867676e-01
-1.043688011169433594e+01 -2.885393619537353516e+00 1.152888685464859009e-01
-7.162413597106933594e+00 -2.261607885360717773e+00 9.176415391266345978e-03
-7.214663028717041016e+00 -1.397488594055175781e+00 2.181062400341033936e-01
-1.036460494995117188e+01 -2.797070264816284180e+00 1.142987534403800964e-01
-7.184754848480224609e+00 -2.220274925231933594e+00 9.187411516904830933e-03
-1.043765830993652344e+01 -2.748188734054565430e+00 1.149162501096725464e-01
-7.219301700592041016e+00 -2.182514667510986328e+00 9.214289486408233643e-03
-1.042526817321777344e+01 -2.676632642745971680e+00 1.145968586206436157e-01
-7.133782863616943359e+00 -2.108975887298583984e+00 9.088451042771339417e-03
-1.041336441040039062e+01 -2.605575323104858398e+00 1.142881140112876892e-01
-7.128336429595947266e+00 -2.059889554977416992e+00 9.065238758921623230e-03
-7.185973644256591797e+00 -1.478499889373779297e+00 1.485536843538284302e-01
-1.015227603912353516e+01 -2.474153995513916016e+00 1.112539172172546387e-01
-7.163938522338867188e+00 -2.022633075714111328e+00 9.094559587538242340e-03
-7.213540077209472656e+00 -1.438093662261962891e+00 1.489383280277252197e-01
-1.015850925445556641e+01 -2.409737110137939453e+00 1.111581027507781982e-01
-7.125120639801025391e+00 -1.964550375938415527e+00 9.029808454215526581e-03
-7.199649333953857422e+00 -1.389447689056396484e+00 1.484726965427398682e-01
-1.016628360748291016e+01 -2.345786571502685547e+00 1.110835820436477661e-01
-7.163113117218017578e+00 -1.927811384201049805e+00 9.062794968485832214e-03
-1.014926242828369141e+01 -2.276360273361206055e+00 1.107428967952728271e-01
-7.150626659393310547e+00 -1.877474188804626465e+00 9.032251313328742981e-03
-1.020798301696777344e+01 -2.223834037780761719e+00 1.112326309084892273e-01
-7.147480487823486328e+00 -1.829843282699584961e+00 9.013925679028034210e-03
-1.018719387054443359e+01 -2.153917074203491211e+00 1.108599975705146790e-01
-7.014005661010742188e+00 -1.749885082244873047e+00 8.831888437271118164e-03
-7.189033508300781250e+00 -1.473980545997619629e+00 7.813325524330139160e-02
-7.005175590515136719e+00 -1.702092766761779785e+00 8.807453326880931854e-03
-7.208731174468994141e+00 -1.431984782218933105e+00 7.825036346912384033e-02
-6.984346866607666016e+00 -1.651713490486145020e+00 8.768358267843723297e-03
-7.212471961975097656e+00 -1.386781811714172363e+00 7.819712907075881958e-02
-7.026510238647460938e+00 -1.616224646568298340e+00 8.808675222098827362e-03
-9.987278938293457031e+00 -1.856836795806884766e+00 1.081558391451835632e-01
-7.049957752227783203e+00 -1.576134920120239258e+00 8.825778961181640625e-03
-1.006048870086669922e+01 -1.806655764579772949e+00 1.088265553116798401e-01
-7.069268226623535156e+00 -1.534969329833984375e+00 8.837996050715446472e-03
-9.843789100646972656e+00 -1.705460071563720703e+00 1.063672602176666260e-01
-7.043327331542968750e+00 -1.484141469001770020e+00 8.794014342129230499e-03
-7.117326736450195312e+00 -1.456770539283752441e+00 2.727396786212921143e-01
-9.857027053833007812e+00 -1.645521640777587891e+00 1.063992008566856384e-01
-7.023887634277343750e+00 -1.435091257095336914e+00 8.758584037423133850e-03
-7.152596950531005859e+00 -1.418320059776306152e+00 2.737525999546051025e-01
-9.870886802673339844e+00 -1.585643410682678223e+00 1.064417809247970581e-01
-7.025694370269775391e+00 -1.390607237815856934e+00 8.750031702220439911e-03
-7.145462512969970703e+00 -1.371392130851745605e+00 2.731523513793945312e-01
-9.935772895812988281e+00 -1.533589005470275879e+00 1.070379838347434998e-01
-7.062577247619628906e+00 -1.352928400039672852e+00 8.785462006926536560e-03
-9.809480667114257812e+00 -1.452529191970825195e+00 1.055794358253479004e-01
-7.050096988677978516e+00 -1.305743455886840820e+00 8.759805932641029358e-03
-9.823159217834472656e+00 -1.393013954162597656e+00 1.056326702237129211e-01
-7.127866268157958984e+00 -1.274961590766906738e+00 8.846548385918140411e-03
-9.880074501037597656e+00 -1.339295625686645508e+00 1.061543375253677368e-01
-7.037011623382568359e+00 -1.214198589324951172e+00 8.724375627934932709e-03
-9.725469589233398438e+00 -1.257616519927978516e+00 1.044083386659622192e-01
-7.056166648864746094e+00 -1.172965288162231445e+00 8.739036507904529572e-03
-9.698266983032226562e+00 -1.193643331527709961e+00 1.040357202291488647e-01
-7.025707721710205078e+00 -1.123646140098571777e+00 8.692610077559947968e-03
-9.759040832519531250e+00 -1.140380501747131348e+00 1.046106144785881042e-01
-7.011713981628417969e+00 -1.077326893806457520e+00 8.666954003274440765e-03
-9.718148231506347656e+00 -1.075200557708740234e+00 1.040996015071868896e-01
-7.012256145477294922e+00 -1.033408761024475098e+00 8.659623563289642334e-03
-9.711633682250976562e+00 -1.014200687408447266e+00 1.039611920714378357e-01
-7.046190261840820312e+00 -9.942752122879028320e-01 8.693831972777843475e-03
-9.566411018371582031e+00 -9.397332072257995605e-01 1.023429632186889648e-01
-7.018463611602783203e+00 -9.464779496192932129e-01 8.652293123304843903e-03
-9.680530548095703125e+00 -8.910067081451416016e-01 1.035033985972404480e-01
-7.037032604217529297e+00 -9.050539135932922363e-01 8.668175898492336273e-03
-9.639987945556640625e+00 -8.276566863059997559e-01 1.030136793851852417e-01
-7.016646385192871094e+00 -8.587001562118530273e-01 8.636411279439926147e-03
-9.622955322265625000e+00 -7.667438983917236328e-01 1.027794554829597473e-01
-7.007876396179199219e+00 -8.140153288841247559e-01 8.619306609034538269e-03
-9.652410507202148438e+00 -7.095168232917785645e-01 1.030456200242042542e-01
-7.000811100006103516e+00 -7.696890234947204590e-01 8.604645729064941406e-03
-9.669551849365234375e+00 -6.511507034301757812e-01 1.031840145587921143e-01
-6.995455741882324219e+00 -7.256866097450256348e-01 8.592428639531135559e-03
-9.540619850158691406e+00 -5.836860537528991699e-01 1.017680540680885315e-01
-6.961956024169921875e+00 -6.790606379508972168e-01 8.546003140509128571e-03
-9.634880065917968750e+00 -5.301341414451599121e-01 1.027368679642677307e-01
-6.986904621124267578e+00 -6.382404565811157227e-01 8.571659214794635773e-03
-9.598001480102539062e+00 -4.690532684326171875e-01 1.023110225796699524e-01
-7.000653266906738281e+00 -5.962061882019042969e-01 8.583877235651016235e-03
-9.634665489196777344e+00 -4.116033017635345459e-01 1.026729866862297058e-01
-6.992217063903808594e+00 -5.522948503494262695e-01 8.569216355681419373e-03
-9.627017974853515625e+00 -3.521128892898559570e-01 1.025665327906608582e-01
-6.938624382019042969e+00 -5.052414536476135254e-01 8.499576710164546967e-03
-9.555034637451171875e+00 -2.907851338386535645e-01 1.017787009477615356e-01
-6.868755817413330078e+00 -4.578026831150054932e-01 8.410390466451644897e-03
-9.546642303466796875e+00 -2.319082319736480713e-01 1.016722396016120911e-01
-6.808550357818603516e+00 -4.118442833423614502e-01 8.333421312272548676e-03
-9.595875740051269531e+00 -1.741979420185089111e-01 1.021832600235939026e-01
-6.798967361450195312e+00 -3.694090247154235840e-01 8.318761363625526428e-03
-9.564766883850097656e+00 -1.149310022592544556e-01 1.018425747752189636e-01
-6.892999172210693359e+00 -3.321119248867034912e-01 8.431160822510719299e-03
-9.626288414001464844e+00 -5.659916624426841736e-02 1.024920120835304260e-01
-6.885914802551269531e+00 -2.894330620765686035e-01 8.420164696872234344e-03
-9.657452583312988281e+00 2.475641900673508644e-03 1.028220355510711670e-01
-6.923538208007812500e+00 -2.484675496816635132e-01 8.464147336781024933e-03
-9.638257980346679688e+00 6.161116808652877808e-02 1.026197671890258789e-01
-6.880951881408691406e+00 -2.046726346015930176e-01 8.410390466451644897e-03
-9.630699157714843750e+00 1.206615567207336426e-01 1.025452390313148499e-01
-6.849087238311767578e+00 -1.616693288087844849e-01 8.370073512196540833e-03
-9.617780685424804688e+00 1.795282065868377686e-01 1.024174839258193970e-01
-6.851950168609619141e+00 -1.196760013699531555e-01 8.372517302632331848e-03
-9.603502273559570312e+00 2.382160425186157227e-01 1.022790744900703430e-01
-6.816557884216308594e+00 -7.722316682338714600e-02 8.328534662723541260e-03
-9.596861839294433594e+00 2.969828844070434570e-01 1.022258475422859192e-01
-6.815903663635253906e+00 -3.539090603590011597e-02 8.327313698828220367e-03
-9.610846519470214844e+00 3.564555048942565918e-01 1.023961827158927917e-01
-6.820991992950439453e+00 6.436076015233993530e-03 8.333421312272548676e-03
-9.542544364929199219e+00 4.125691950321197510e-01 1.016935259103775024e-01
-6.819824218750000000e+00 4.828169569373130798e-02 8.332200348377227783e-03
-9.519859313964843750e+00 4.701269865036010742e-01 1.014806106686592102e-01
-6.865395545959472656e+00 9.073433279991149902e-02 8.388399146497249603e-03
-9.498824119567871094e+00 5.275328159332275391e-01 1.012889742851257324e-01
-6.891704559326171875e+00 1.333803534507751465e-01 8.421386592090129852e-03
-9.489419937133789062e+00 5.854371190071105957e-01 1.012250930070877075e-01
-6.881759166717529297e+00 1.754351854324340820e-01 8.410390466451644897e-03
-9.508594512939453125e+00 6.452090740203857422e-01 1.014699563384056091e-01
-6.859563827514648438e+00 2.169936001300811768e-01 8.384734392166137695e-03
-9.505454063415527344e+00 7.036144137382507324e-01 1.014806106686592102e-01
-6.849109649658203125e+00 2.587392330169677734e-01 8.373738266527652740e-03
-9.496971130371093750e+00 7.616058588027954102e-01 1.014380231499671936e-01
-6.850390434265136719e+00 3.008913695812225342e-01 8.377403952181339264e-03
-9.495107650756835938e+00 8.201218843460083008e-01 1.014699563384056091e-01
-6.851411342620849609e+00 3.430689275264739990e-01 8.381068706512451172e-03
-9.553620338439941406e+00 8.842655420303344727e-01 1.021513193845748901e-01
-6.873139381408691406e+00 3.864492475986480713e-01 8.410390466451644897e-03
-9.528113365173339844e+00 9.409035444259643555e-01 1.019384041428565979e-01
-6.807761192321777344e+00 4.246922135353088379e-01 8.333421312272548676e-03
-9.533100128173828125e+00 1.000497221946716309e+00 1.020555049180984497e-01
-6.810015201568603516e+00 4.667977988719940186e-01 8.339530788362026215e-03
-9.550633430480957031e+00 1.061623692512512207e+00 1.023110225796699524e-01
-6.788075923919677734e+00 5.071588754653930664e-01 8.316317573189735413e-03
-9.520104408264160156e+00 1.117407679557800293e+00 1.020555049180984497e-01
-6.765897750854492188e+00 5.472683310508728027e-01 8.293104358017444611e-03
-9.529939651489257812e+00 1.177886128425598145e+00 1.022364944219589233e-01
-6.766397476196289062e+00 5.891197323799133301e-01 8.297991938889026642e-03
-9.160592079162597656e+00 1.189346671104431152e+00 9.835059940814971924e-02
-6.770620822906494141e+00 6.313692927360534668e-01 8.307765237987041473e-03
-9.150149345397949219e+00 1.245128154754638672e+00 9.831865131855010986e-02
-6.733781337738037109e+00 6.696355938911437988e-01 8.267448283731937408e-03
-9.525453567504882812e+00 1.355778813362121582e+00 1.024387776851654053e-01
-6.620154857635498047e+00 6.993841528892517090e-01 8.133058436214923859e-03
-9.502119064331054688e+00 1.411995649337768555e+00 1.022790744900703430e-01
-6.690273761749267578e+00 7.483284473419189453e-01 8.224687539041042328e-03
-9.477465629577636719e+00 1.467824339866638184e+00 1.021087393164634705e-01
-6.632922172546386719e+00 7.831505537033081055e-01 8.159936405718326569e-03
-9.400163650512695312e+00 1.514971256256103516e+00 1.013741418719291687e-01
-6.670663356781005859e+00 8.291385769844055176e-01 8.212470449507236481e-03
-1.477312946319580078e+01 3.026274681091308594e+00 3.053468465805053711e-01
-9.365049362182617188e+00 1.568327069282531738e+00 1.010973379015922546e-01
-6.683298587799072266e+00 8.723831772804260254e-01 8.234461769461631775e-03
-9.310916900634765625e+00 1.618056178092956543e+00 1.006182506680488586e-01
-6.683764934539794922e+00 9.141877889633178711e-01 8.241792209446430206e-03
-9.265386581420898438e+00 1.668775677680969238e+00 1.002349928021430969e-01
-6.679019451141357422e+00 9.553229808807373047e-01 8.243014104664325714e-03
-9.339509963989257812e+00 1.741357684135437012e+00 1.011505722999572754e-01
-6.666108608245849609e+00 9.952530860900878906e-01 8.234461769461631775e-03
-9.214754104614257812e+00 1.776671051979064941e+00 9.991559386253356934e-02
-6.677662849426269531e+00 1.038903951644897461e+00 8.256453089416027069e-03
-9.440022468566894531e+00 1.880253076553344727e+00 1.024813577532768250e-01
-6.729404449462890625e+00 1.089285373687744141e+00 8.328534662723541260e-03
-9.453774452209472656e+00 1.943375468254089355e+00 1.027581617236137390e-01
-6.729496955871582031e+00 1.131716609001159668e+00 8.337086997926235199e-03
-9.608945846557617188e+00 2.036803245544433594e+00 1.045786887407302856e-01
-6.708634376525878906e+00 1.170580267906188965e+00 8.319983258843421936e-03
-9.421398162841796875e+00 2.057534694671630859e+00 1.026729866862297058e-01
-6.696405410766601562e+00 1.210831880569458008e+00 8.313873782753944397e-03
-9.366646766662597656e+00 2.105873107910156250e+00 1.022152081131935120e-01
-6.678037643432617188e+00 1.249873876571655273e+00 8.300434798002243042e-03
-9.480197906494140625e+00 2.192597866058349609e+00 1.035992279648780823e-01
-6.608390331268310547e+00 1.278856396675109863e+00 8.223466575145721436e-03
-3.786203384399414062e+00 1.194807052612304688e+00 1.178343221545219421e-01
-9.380957603454589844e+00 2.230371952056884766e+00 1.026623472571372986e-01
-6.615128040313720703e+00 1.322320818901062012e+00 8.241792209446430206e-03
-3.752162933349609375e+00 1.209430098533630371e+00 1.170036718249320984e-01
-9.492403984069824219e+00 2.318496942520141602e+00 1.040357202291488647e-01
-6.601013660430908203e+00 1.361673355102539062e+00 8.234461769461631775e-03
-3.757014513015747070e+00 1.236492514610290527e+00 1.173893362283706665e-01
-9.314084053039550781e+00 2.335594177246093750e+00 1.022364944219589233e-01
-6.602315902709960938e+00 1.404231190681457520e+00 8.246678858995437622e-03
-3.758831977844238281e+00 1.262704849243164062e+00 1.176859959959983826e-01
-9.371239662170410156e+00 2.411138296127319336e+00 1.030243188142776489e-01
-6.627764225006103516e+00 1.452206850051879883e+00 8.289439603686332703e-03
-9.320495605468750000e+00 2.459155082702636719e+00 1.026304066181182861e-01
-6.618728637695312500e+00 1.492846727371215820e+00 8.289439603686332703e-03
-9.316813468933105469e+00 2.519430637359619141e+00 1.027581617236137390e-01
-6.616262912750244141e+00 1.535012483596801758e+00 8.297991938889026642e-03
-9.505474090576171875e+00 2.633142471313476562e+00 1.050151810050010681e-01
-6.609638214111328125e+00 1.576276183128356934e+00 8.301657624542713165e-03
-3.849110364913940430e+00 1.242116093635559082e+00 2.282506823539733887e-01
-3.768386840820312500e+00 1.217518925666809082e+00 8.018821477890014648e-02
-9.329447746276855469e+00 2.646123886108398438e+00 1.032478958368301392e-01
-6.654233455657958984e+00 1.630127072334289551e+00 8.370073512196540833e-03
-3.804434299468994141e+00 1.253525018692016602e+00 2.260532528162002563e-01
-3.770340204238891602e+00 1.243750572204589844e+00 8.039066195487976074e-02
-9.369693756103515625e+00 2.719764709472656250e+00 1.038760319352149963e-01
-6.644105911254882812e+00 1.670925974845886230e+00 8.370073512196540833e-03
-3.755979061126708984e+00 1.263159990310668945e+00 2.236304581165313721e-01
-3.753162384033203125e+00 1.263671159744262695e+00 8.018821477890014648e-02
-9.419928550720214844e+00 2.797129392623901367e+00 1.046212688088417053e-01
-6.627918243408203125e+00 1.710162878036499023e+00 8.362743072211742401e-03
-9.302123069763183594e+00 2.824372291564941406e+00 1.035033985972404480e-01
-6.619233608245849609e+00 1.751310348510742188e+00 8.365186862647533417e-03
-9.196757316589355469e+00 2.854129076004028320e+00 1.025239378213882446e-01
-6.603537559509277344e+00 1.790583848953247070e+00 8.359078317880630493e-03
-3.810791969299316406e+00 1.208328366279602051e+00 4.256393760442733765e-02
-6.577973365783691406e+00 1.827054262161254883e+00 8.340751752257347107e-03
-3.837992906570434570e+00 1.240701436996459961e+00 1.895118653774261475e-01
-3.788085222244262695e+00 1.226758956909179688e+00 4.239359870553016663e-02
-6.543554782867431641e+00 1.860816955566406250e+00 8.311430923640727997e-03
-3.798056840896606445e+00 1.253582715988159180e+00 1.879161745309829712e-01
-3.780486822128295898e+00 1.249979138374328613e+00 4.239359870553016663e-02
-6.534893989562988281e+00 1.901770591735839844e+00 8.315095677971839905e-03
-3.782720565795898438e+00 1.274312496185302734e+00 1.875407248735427856e-01
-3.748112201690673828e+00 1.264839291572570801e+00 4.211679100990295410e-02
-6.553771972656250000e+00 1.950962185859680176e+00 8.354191668331623077e-03
-3.722316980361938477e+00 1.281628370285034180e+00 4.191451519727706909e-02
-6.578031063079833984e+00 2.002203702926635742e+00 8.400617167353630066e-03
-9.346810340881347656e+00 3.282480478286743164e+00 1.054729744791984558e-01
-6.513103961944580078e+00 2.026190280914306641e+00 8.333421312272548676e-03
-9.416867256164550781e+00 3.372132301330566406e+00 1.064950153231620789e-01
-3.812079668045043945e+00 1.211620450019836426e+00 4.886920563876628876e-03
-9.395060539245605469e+00 3.429507017135620117e+00 1.064843758940696716e-01
-3.794111251831054688e+00 1.231591820716857910e+00 4.873481579124927521e-03
-3.799436330795288086e+00 1.257670044898986816e+00 1.502506732940673828e-01
-9.446942329406738281e+00 3.514283418655395508e+00 1.073147878050804138e-01
-3.773193597793579102e+00 1.250444889068603516e+00 4.856377840042114258e-03
-9.453251838684082031e+00 3.582813978195190430e+00 1.076341718435287476e-01
-3.763555526733398438e+00 1.272932410240173340e+00 4.853934515267610550e-03
-9.412432670593261719e+00 3.633548021316528320e+00 1.074212417006492615e-01
-3.747166395187377930e+00 1.293065428733825684e+00 4.842938855290412903e-03
-9.392752647399902344e+00 3.692330837249755859e+00 1.074531823396682739e-01
-6.155845165252685547e+00 2.166607618331909180e+00 7.973011583089828491e-03
-9.431191444396972656e+00 3.774415493011474609e+00 1.081558391451835632e-01
-6.213968276977539062e+00 2.230009555816650391e+00 8.065862581133842468e-03
-9.372664451599121094e+00 3.817878723144531250e+00 1.077512800693511963e-01
-6.222707271575927734e+00 2.276340961456298828e+00 8.095184341073036194e-03
-9.338901519775390625e+00 3.871104478836059570e+00 1.076341718435287476e-01
-6.419449806213378906e+00 2.393072843551635742e+00 8.370073512196540833e-03
-9.355512619018554688e+00 3.945430517196655273e+00 1.081026047468185425e-01
-6.419602870941162109e+00 2.438097476959228516e+00 8.389621041715145111e-03
-9.349507331848144531e+00 4.010644912719726562e+00 1.083155348896980286e-01
-6.428771018981933594e+00 2.486821889877319336e+00 8.421386592090129852e-03
-9.366882324218750000e+00 4.086329460144042969e+00 1.088052615523338318e-01
-6.431069374084472656e+00 2.533184528350830078e+00 8.444598875939846039e-03
-9.458631515502929688e+00 4.195624351501464844e+00 1.101679950952529907e-01
-6.496154785156250000e+00 2.604978084564208984e+00 8.550889790058135986e-03
-9.629604339599609375e+00 4.342370033264160156e+00 1.124675944447517395e-01
-6.364316940307617188e+00 2.597553491592407227e+00 8.398174308240413666e-03
-9.310077667236328125e+00 4.267216682434082031e+00 1.090394854545593262e-01
-6.335329055786132812e+00 2.631185531616210938e+00 8.381068706512451172e-03
-9.509421348571777344e+00 4.429391860961914062e+00 1.116904094815254211e-01
-6.443420410156250000e+00 2.722552776336669922e+00 8.546003140509128571e-03
-9.501044273376464844e+00 4.496640205383300781e+00 1.119139865040779114e-01
-6.426593780517578125e+00 2.762037515640258789e+00 8.546003140509128571e-03
-9.425512313842773438e+00 4.531888008117675781e+00 1.113497316837310791e-01
-6.347216606140136719e+00 2.774185180664062500e+00 8.462925441563129425e-03
-9.514334678649902344e+00 4.646683692932128906e+00 1.127337589859962463e-01
-6.334643840789794922e+00 2.815109252929687500e+00 8.469033986330032349e-03
-9.598514556884765625e+00 4.760959625244140625e+00 1.140751838684082031e-01
-6.311783790588378906e+00 2.851454496383666992e+00 8.461703546345233917e-03
-9.563762664794921875e+00 4.817066669464111328e+00 1.140113100409507751e-01
-6.302347660064697266e+00 2.893884897232055664e+00 8.472699671983718872e-03
-9.562514305114746094e+00 4.890227317810058594e+00 1.143519878387451172e-01
-6.273598194122314453e+00 2.927426815032958984e+00 8.458038792014122009e-03
-9.559840202331542969e+00 4.963092803955078125e+00 1.146820262074470520e-01
-6.223892688751220703e+00 2.950871467590332031e+00 8.415278047323226929e-03
-9.568131446838378906e+00 5.042169570922851562e+00 1.151504665613174438e-01
-6.191253662109375000e+00 2.982061862945556641e+00 8.395729586482048035e-03
-9.552884101867675781e+00 5.109272003173828125e+00 1.153421029448509216e-01
-6.309375286102294922e+00 3.086792945861816406e+00 8.581432513892650604e-03
-9.529264450073242188e+00 5.172084331512451172e+00 1.154379174113273621e-01
-6.301062583923339844e+00 3.130788087844848633e+00 8.596093393862247467e-03
-9.492094993591308594e+00 5.227563381195068359e+00 1.153740435838699341e-01
-6.309411048889160156e+00 3.183355808258056641e+00 8.633967489004135132e-03
-9.458967208862304688e+00 5.285219192504882812e+00 1.153633892536163330e-01
-6.295989513397216797e+00 3.225201129913330078e+00 8.642519824206829071e-03
-9.435058593750000000e+00 5.348090171813964844e+00 1.154698580503463745e-01
-6.251239776611328125e+00 3.250853538513183594e+00 8.608311414718627930e-03
-9.295440673828125000e+00 5.344575881958007812e+00 1.141603589057922363e-01
-6.352332115173339844e+00 3.353102207183837891e+00 8.775688707828521729e-03
-9.337621688842773438e+00 5.445335388183593750e+00 1.150865852832794189e-01
-6.222335338592529297e+00 3.333460092544555664e+00 8.624194189906120300e-03
-9.299731254577636719e+00 5.499982357025146484e+00 1.150333508849143982e-01
-6.221092700958251953e+00 3.382084608078002930e+00 8.651072159409523010e-03
-9.330982208251953125e+00 5.596027374267578125e+00 1.158424764871597290e-01
-6.245755672454833984e+00 3.445309400558471680e+00 8.714601397514343262e-03
-9.338334083557128906e+00 5.678633213043212891e+00 1.163641437888145447e-01
-6.229733943939208984e+00 3.486497879028320312e+00 8.721931837499141693e-03
-9.285440444946289062e+00 5.724805355072021484e+00 1.161405742168426514e-01
-6.218659400939941406e+00 3.530581951141357422e+00 8.736592717468738556e-03
-9.283208847045898438e+00 5.802341938018798828e+00 1.165557801723480225e-01
-6.199478626251220703e+00 3.570169448852539062e+00 8.740258403122425079e-03
-9.282062530517578125e+00 5.881135463714599609e+00 1.169922724366188049e-01
-6.177455902099609375e+00 3.608141422271728516e+00 8.740258403122425079e-03
-5.125639438629150391e+00 3.834468126296997070e+00 8.916559219360351562e-01
-9.284504890441894531e+00 5.962834835052490234e+00 1.174820065498352051e-01
-6.248122215270996094e+00 3.701019287109375000e+00 8.872205391526222229e-03
-5.270804882049560547e+00 3.992292165756225586e+00 1.679257869720458984e+00
-5.100922584533691406e+00 3.862216234207153320e+00 1.373977303504943848e+00
-5.123612880706787109e+00 3.880803585052490234e+00 1.135645389556884766e+00
-5.127276420593261719e+00 3.884987115859985352e+00 8.960707783699035645e-01
-9.215897560119628906e+00 5.998961925506591797e+00 1.170774474740028381e-01
-6.133570194244384766e+00 3.684191465377807617e+00 8.741479367017745972e-03
-5.273893833160400391e+00 4.045795917510986328e+00 1.688119411468505859e+00
-5.103507518768310547e+00 3.913671255111694336e+00 1.381116032600402832e+00
-5.064544677734375000e+00 3.885196208953857422e+00 1.127815723419189453e+00
-5.104127883911132812e+00 3.916977167129516602e+00 8.962087035179138184e-01
-9.189765930175781250e+00 6.062554836273193359e+00 1.172158494591712952e-01
-6.127930164337158203e+00 3.732160329818725586e+00 8.765914477407932281e-03
-5.216824531555175781e+00 4.053104877471923828e+00 1.677780985832214355e+00
-5.043104648590087891e+00 3.916725397109985352e+00 1.371247887611389160e+00
-5.042165279388427734e+00 3.917406797409057617e+00 1.128163695335388184e+00
-5.094073772430419922e+00 3.959162235260009766e+00 8.986920714378356934e-01
-9.200608253479003906e+00 6.151062011718750000e+00 1.178333386778831482e-01
-6.130440711975097656e+00 3.785452127456665039e+00 8.802566677331924438e-03
-5.171290397644042969e+00 4.068856239318847656e+00 1.671134829521179199e+00
-5.032809734344482422e+00 3.958475589752197266e+00 1.375027179718017578e+00
-5.023450851440429688e+00 3.952533721923828125e+00 1.129381656646728516e+00
-5.079024314880371094e+00 3.997695207595825195e+00 9.003476500511169434e-01
-9.187528610229492188e+00 6.224225044250488281e+00 1.181527227163314819e-01
-6.100317478179931641e+00 3.818751811981201172e+00 8.792792446911334991e-03
-5.137130737304687500e+00 4.093262195587158203e+00 1.668180942535400391e+00
-5.013779640197753906e+00 3.993545770645141602e+00 1.376496911048889160e+00
-5.006805896759033203e+00 3.989419221878051758e+00 1.131121635437011719e+00
-5.031938552856445312e+00 4.010881423950195312e+00 8.963466882705688477e-01
-5.090763568878173828e+00 4.060676574707031250e+00 6.671975255012512207e-01
-9.143393516540527344e+00 6.276520252227783203e+00 1.180782020092010498e-01
-6.141785621643066406e+00 3.897366762161254883e+00 8.886865340173244476e-03
-5.102112293243408203e+00 4.116793632507324219e+00 1.664981007575988770e+00
-4.992986679077148438e+00 4.027303695678710938e+00 1.377546668052673340e+00
-4.974568843841552734e+00 4.013881683349609375e+00 1.129381656646728516e+00
-4.987195491790771484e+00 4.025506973266601562e+00 8.927596211433410645e-01
-5.040987968444824219e+00 4.071833610534667969e+00 6.639359593391418457e-01
-5.081371307373046875e+00 4.107384681701660156e+00 4.305404722690582275e-01
-9.285309791564941406e+00 6.458116054534912109e+00 1.204203888773918152e-01
-6.131213188171386719e+00 3.943634271621704102e+00 8.906413801014423370e-03
-5.104526519775390625e+00 4.170712471008300781e+00 1.674088597297668457e+00
-4.981811523437500000e+00 4.068996906280517578e+00 1.381326079368591309e+00
-4.949846744537353516e+00 4.044329166412353516e+00 1.129381656646728516e+00
-5.101815223693847656e+00 3.867008924484252930e+00 1.066689968109130859e+00
-4.926358699798583984e+00 4.026572227478027344e+00 8.862753510475158691e-01
-5.131900787353515625e+00 3.892634391784667969e+00 8.342791199684143066e-01
-5.040549755096435547e+00 4.122842311859130859e+00 6.671975255012512207e-01
-5.014376640319824219e+00 4.104356765747070312e+00 4.269899129867553711e-01
-9.156413078308105469e+00 6.452185630798339844e+00 1.192599385976791382e-01
-6.133707046508789062e+00 3.998656272888183594e+00 8.945508860051631927e-03
-4.978600025177001953e+00 4.117558479309082031e+00 1.387414813041687012e+00
-5.090790271759033203e+00 3.905242204666137695e+00 1.312380313873291016e+00
-4.932525157928466797e+00 4.080902576446533203e+00 1.131121635437011719e+00
-5.073297023773193359e+00 3.894636392593383789e+00 1.065703868865966797e+00
-4.906900405883789062e+00 4.061144351959228516e+00 8.872410655021667480e-01
-5.114997386932373047e+00 3.929487228393554688e+00 8.354350924491882324e-01
-5.017455577850341797e+00 4.155596256256103516e+00 6.675032973289489746e-01
-5.051327705383300781e+00 4.186624050140380859e+00 4.323157668113708496e-01
-5.072403430938720703e+00 4.205585479736328125e+00 1.955598890781402588e-01
-9.110139846801757812e+00 6.503598690032958984e+00 1.191747635602951050e-01
-6.257568836212158203e+00 4.134338378906250000e+00 9.162977337837219238e-03
-5.209939956665039062e+00 4.044749259948730469e+00 1.604204058647155762e+00
-4.975728988647460938e+00 4.166861057281494141e+00 1.393713712692260742e+00
-5.051259040832519531e+00 3.924383878707885742e+00 1.308372497558593750e+00
-4.899843692779541016e+00 4.104766845703125000e+00 1.129381656646728516e+00
-5.051640510559082031e+00 3.927508831024169922e+00 1.066196918487548828e+00
-4.891757965087890625e+00 4.099446296691894531e+00 8.890346288681030273e-01
-5.033023357391357422e+00 4.220822811126708984e+00 6.730071902275085449e-01
-5.059939384460449219e+00 4.246404647827148438e+00 4.352745711803436279e-01
-5.045737266540527344e+00 4.235987186431884766e+00 1.955302208662033081e-01
-9.070062637329101562e+00 6.559374809265136719e+00 1.191747635602951050e-01
-6.263659477233886719e+00 4.193797588348388672e+00 9.209402836859226227e-03
-5.131554603576660156e+00 4.034601688385009766e+00 1.587661027908325195e+00
-4.973931312561035156e+00 4.217547416687011719e+00 1.400432348251342773e+00
-5.027854442596435547e+00 3.955909490585327148e+00 1.308572888374328613e+00
-4.874565124511718750e+00 4.134754657745361328e+00 1.129381656646728516e+00
-5.026671886444091797e+00 3.957820892333984375e+00 1.066032648086547852e+00
-4.867267131805419922e+00 4.130025386810302734e+00 8.891725540161132812e-01
-5.050033092498779297e+00 3.979071140289306641e+00 8.327376842498779297e-01
-5.038878917694091797e+00 4.278669357299804688e+00 6.772880554199218750e-01
-5.077131271362304688e+00 4.314201354980468750e+00 4.390224218368530273e-01
-9.108696937561035156e+00 6.672816276550292969e+00 1.202181130647659302e-01
-6.280011653900146484e+00 4.260785102844238281e+00 9.271710179746150970e-03
-5.062613487243652344e+00 4.030908107757568359e+00 1.573953986167907715e+00
-4.964279174804687500e+00 4.261998653411865234e+00 1.405051469802856445e+00
-5.015746593475341797e+00 3.996454000473022461e+00 1.311779260635375977e+00
-4.875997066497802734e+00 4.187684059143066406e+00 1.135645389556884766e+00
-4.999978542327880859e+00 3.986744403839111328e+00 1.065539479255676270e+00
-4.871884346008300781e+00 4.185629844665527344e+00 8.946911096572875977e-01
-5.027848720550537109e+00 4.011838436126708984e+00 8.331230878829956055e-01
-5.030634403228759766e+00 4.325071334838867188e+00 6.797342300415039062e-01
-5.094147205352783203e+00 4.067650318145751953e+00 6.058880686759948730e-01
-4.939371109008789062e+00 4.249607563018798828e+00 4.293569326400756836e-01
-8.915009498596191406e+00 6.615364551544189453e+00 1.181953027844429016e-01
-6.256222248077392578e+00 4.300938129425048828e+00 9.275375865399837494e-03
-5.035515785217285156e+00 4.060066223144531250e+00 1.573245048522949219e+00
-4.975667476654052734e+00 4.325091361999511719e+00 1.415759444236755371e+00
-4.988080501556396484e+00 4.024693965911865234e+00 1.310977578163146973e+00
-4.888851165771484375e+00 4.251124382019042969e+00 1.144693017005920410e+00
-4.963143348693847656e+00 4.007433891296386719e+00 1.062909841537475586e+00
-4.895430564880371094e+00 4.258346080780029297e+00 9.037966728210449219e-01
-4.993881225585937500e+00 4.035133838653564453e+00 8.315816521644592285e-01
-5.075286388397216797e+00 4.103839397430419922e+00 6.066284179687500000e-01
-4.917717933654785156e+00 4.283767700195312500e+00 4.297514557838439941e-01
-5.073656082153320312e+00 4.105450630187988281e+00 3.683225810527801514e-01
-9.080479621887207031e+00 6.824944972991943359e+00 1.209420561790466309e-01
-6.291256427764892578e+00 4.382111072540283203e+00 9.367005899548530579e-03
-5.012766838073730469e+00 4.092730522155761719e+00 1.573953986167907715e+00
-4.973256111145019531e+00 4.376855850219726562e+00 1.422688126564025879e+00
-4.967843532562255859e+00 4.058943748474121094e+00 1.312179923057556152e+00
-4.890760898590087891e+00 4.305768489837646484e+00 1.151304602622985840e+00
-4.940751552581787109e+00 4.039684772491455078e+00 1.063402771949768066e+00
-5.107280731201171875e+00 3.871064186096191406e+00 1.005843400955200195e+00
-5.025298118591308594e+00 4.425770759582519531e+00 9.327689409255981445e-01
-4.960585117340087891e+00 4.058791637420654297e+00 8.301687240600585938e-01
-5.141366004943847656e+00 3.903968095779418945e+00 7.754964828491210938e-01
-5.036885738372802734e+00 4.439098834991455078e+00 6.878882050514221191e-01
-5.049240112304687500e+00 4.134273052215576172e+00 6.065358519554138184e-01
-5.007337570190429688e+00 4.416163921356201172e+00 4.399429261684417725e-01
-5.036013603210449219e+00 4.126380443572998047e+00 3.674210608005523682e-01
-8.873735427856445312e+00 6.755157470703125000e+00 1.187382712960243225e-01
-6.230751514434814453e+00 4.396991252899169922e+00 9.316914714872837067e-03
-5.239977359771728516e+00 4.010886669158935547e+00 1.800285339355468750e+00
-5.008528232574462891e+00 4.140747070312500000e+00 1.580571174621582031e+00
-5.132976531982421875e+00 3.933247804641723633e+00 1.507222175598144531e+00
-4.944354534149169922e+00 4.090598106384277344e+00 1.312580704689025879e+00
-5.078712463378906250e+00 3.897297382354736328e+00 1.246690988540649414e+00
-4.978192329406738281e+00 4.437258720397949219e+00 1.178273439407348633e+00
-4.922709465026855469e+00 4.075585842132568359e+00 1.064882040023803711e+00
-5.081080913543701172e+00 3.900524139404296875e+00 1.005378246307373047e+00
-5.032792091369628906e+00 4.487502098083496094e+00 9.392532110214233398e-01
-4.949333667755126953e+00 4.100541114807128906e+00 8.324807882308959961e-01
-5.117315292358398438e+00 3.935441493988037109e+00 7.754964828491210938e-01
-5.007326126098632812e+00 4.467934131622314453e+00 6.875824332237243652e-01
-5.029909610748291016e+00 4.170260429382324219e+00 6.072762012481689453e-01
-5.049366950988769531e+00 4.508612632751464844e+00 4.460578262805938721e-01
-5.018283367156982422e+00 4.163578033447265625e+00 3.679845035076141357e-01
-4.817258834838867188e+00 4.302873134613037109e+00 1.917032748460769653e-01
-5.079935550689697266e+00 4.217724323272705078e+00 1.336942613124847412e-01
-8.821824073791503906e+00 6.801540851593017578e+00 1.185998693108558655e-01
-6.212603092193603516e+00 4.441537380218505859e+00 9.330353699624538422e-03
-5.179432868957519531e+00 4.015182495117187500e+00 1.787914872169494629e+00
-4.985262393951416016e+00 4.173272132873535156e+00 1.581280231475830078e+00
-5.103360176086425781e+00 3.960489511489868164e+00 1.505633234977722168e+00
-4.957463741302490234e+00 4.152945518493652344e+00 1.322800874710083008e+00
-5.055478572845458984e+00 3.928988695144653320e+00 1.246882200241088867e+00
-4.931863784790039062e+00 4.450567722320556641e+00 1.173749566078186035e+00
-4.890806198120117188e+00 4.100011348724365234e+00 1.063402771949768066e+00
-5.067191600799560547e+00 3.939510345458984375e+00 1.007393956184387207e+00
-4.979430675506591797e+00 4.495069503784179688e+00 9.344245195388793945e-01
-4.930917739868164062e+00 4.136569023132324219e+00 8.336368203163146973e-01
-5.049205780029296875e+00 3.932601690292358398e+00 7.688173055648803711e-01
-4.984984397888183594e+00 4.503242015838623047e+00 6.882959008216857910e-01
-5.056083679199218750e+00 4.244579315185546875e+00 6.135692000389099121e-01
-5.037151813507080078e+00 4.553562164306640625e+00 4.474385976791381836e-01
-5.040802478790283203e+00 4.234750747680664062e+00 3.715341985225677490e-01
-4.758145332336425781e+00 4.302851200103759766e+00 1.903979629278182983e-01
-5.029471397399902344e+00 4.228227138519287109e+00 1.330464482307434082e-01
-6.245975971221923828e+00 4.523565292358398438e+00 9.421983733773231506e-03
-5.147110462188720703e+00 4.040929794311523438e+00 1.785282969474792480e+00
-4.961044311523437500e+00 4.205039024353027344e+00 1.581752777099609375e+00
-5.069008827209472656e+00 3.983905076980590820e+00 1.502682328224182129e+00
-4.953555583953857422e+00 4.201663970947265625e+00 1.328612208366394043e+00
-5.028962135314941406e+00 3.958113431930541992e+00 1.246308803558349609e+00
-4.878341197967529297e+00 4.140795230865478516e+00 1.066196918487548828e+00
-5.050685882568359375e+00 3.976639270782470703e+00 1.008944511413574219e+00
-4.920560359954833984e+00 4.179587364196777344e+00 8.362058401107788086e-01
-5.044469833374023438e+00 3.978881120681762695e+00 7.717990875244140625e-01
-4.962398052215576172e+00 4.538444042205810547e+00 6.890093684196472168e-01
-5.045876502990722656e+00 4.289065361022949219e+00 6.155126690864562988e-01
-4.728705406188964844e+00 4.329265594482421875e+00 1.902793049812316895e-01
-5.045305728912353516e+00 4.294651031494140625e+00 1.341598927974700928e-01
-6.233421802520751953e+00 4.573043823242187500e+00 9.445196017622947693e-03
-5.070868015289306641e+00 4.031609058380126953e+00 1.767385363578796387e+00
-5.031514644622802734e+00 4.004622459411621094e+00 1.498823404312133789e+00
-4.946262359619140625e+00 4.247936725616455078e+00 1.333622097969055176e+00
-5.018396854400634766e+00 3.999908208847045898e+00 1.249749422073364258e+00
-4.873040199279785156e+00 4.188009262084960938e+00 1.070634603500366211e+00
-5.005334854125976562e+00 3.990926027297973633e+00 1.004758000373840332e+00
-4.911364078521728516e+00 4.223927021026611328e+00 8.390317559242248535e-01
-5.027718544006347656e+00 4.015954971313476562e+00 7.729918360710144043e-01
-5.021728038787841797e+00 4.321894168853759766e+00 6.157903075218200684e-01
-5.161682128906250000e+00 4.125912666320800781e+00 5.514079332351684570e-01
-4.921882629394531250e+00 4.238954544067382812e+00 3.665759265422821045e-01
-4.709383010864257812e+00 4.364993572235107422e+00 1.905759572982788086e-01
-6.223705768585205078e+00 4.624923706054687500e+00 9.473295882344245911e-03
-5.049041271209716797e+00 4.065067768096923828e+00 1.768438220024108887e+00
-5.019738674163818359e+00 4.045809745788574219e+00 1.502682328224182129e+00
-4.945980548858642578e+00 4.300706863403320312e+00 1.340636014938354492e+00
-4.974664688110351562e+00 4.015213012695312500e+00 1.244970679283142090e+00
-4.869575023651123047e+00 4.237255573272705078e+00 1.075565338134765625e+00
-4.976909637451171875e+00 4.018459796905517578e+00 1.003982782363891602e+00
-4.937707901000976562e+00 4.299570560455322266e+00 8.480231761932373047e-01
-4.998350620269775391e+00 4.042982578277587891e+00 7.722762227058410645e-01
-5.099088668823242188e+00 4.127410888671875000e+00 5.474164485931396484e-01
-4.907067775726318359e+00 4.278917312622070312e+00 3.674210608005523682e-01
-6.188818931579589844e+00 4.658213615417480469e+00 9.463522583246231079e-03
-5.038958072662353516e+00 4.108163833618164062e+00 1.773702144622802734e+00
-5.008400440216064453e+00 4.087618350982666016e+00 1.506768226623535156e+00
-4.940824031829833984e+00 4.349747657775878906e+00 1.346447348594665527e+00
-4.939293384552001953e+00 4.036964893341064453e+00 1.242294549942016602e+00
-5.100955963134765625e+00 3.867584705352783203e+00 1.184118866920471191e+00
-4.873830318450927734e+00 4.293789386749267578e+00 1.082304120063781738e+00
-4.933038711547851562e+00 4.033288955688476562e+00 1.000106334686279297e+00
-5.123741149902343750e+00 3.890496730804443359e+00 9.488551616668701172e-01
-4.993062019348144531e+00 4.401927947998046875e+00 8.621526360511779785e-01
-4.975753784179687500e+00 4.075462818145751953e+00 7.726339697837829590e-01
-5.054180622100830078e+00 4.458947181701660156e+00 6.264328956604003906e-01
-5.058252811431884766e+00 4.145986557006835938e+00 5.457533001899719238e-01
-4.892695903778076172e+00 4.319518566131591797e+00 3.683225810527801514e-01
-5.044074058532714844e+00 4.137309074401855469e+00 3.065136075019836426e-01
-5.156921386718750000e+00 4.234388828277587891e+00 7.104281336069107056e-02
-6.152167320251464844e+00 4.690037250518798828e+00 9.451305493712425232e-03
-5.246041774749755859e+00 4.013985633850097656e+00 1.736625790596008301e+00
-5.013253688812255859e+00 4.143088817596435547e+00 1.515847802162170410e+00
-5.105800151824951172e+00 3.913749217987060547e+00 1.438000321388244629e+00
-4.854800701141357422e+00 4.327179908752441406e+00 1.330215454101562500e+00
-4.925016880035400391e+00 4.075957775115966797e+00 1.244970679283142090e+00
-5.071670055389404297e+00 3.894618511199951172e+00 1.182845592498779297e+00
-4.961491584777832031e+00 4.425384521484375000e+00 1.107779741287231445e+00
-4.913524627685546875e+00 4.067891597747802734e+00 1.001191735267639160e+00
-5.091146469116210938e+00 3.915228128433227539e+00 9.472501277923583984e-01
-5.036245346069335938e+00 4.495218276977539062e+00 8.743553161621093750e-01
-4.947596549987792969e+00 4.103381633758544922e+00 7.721569538116455078e-01
-5.013358592987060547e+00 4.477935314178466797e+00 6.247671246528625488e-01
-5.086396694183349609e+00 4.221496105194091797e+00 5.515742301940917969e-01
-4.813816547393798828e+00 4.627789020538330078e+00 4.400086998939514160e-01
-4.886942863464355469e+00 4.368088245391845703e+00 3.699002265930175781e-01
-5.008603572845458984e+00 4.159884452819824219e+00 3.059034943580627441e-01
-4.822139739990234375e+00 4.313194751739501953e+00 1.310017555952072144e-01
-5.080095291137695312e+00 4.223758697509765625e+00 7.034015655517578125e-02
-6.128023147583007812e+00 4.731364727020263672e+00 9.458635933697223663e-03
-5.223607063293457031e+00 4.047876358032226562e+00 1.737388491630554199e+00
-4.992965698242187500e+00 4.178146362304687500e+00 1.517436742782592773e+00
-5.079376697540283203e+00 3.943208456039428711e+00 1.437345862388610840e+00
-4.920227527618408203e+00 4.123122215270996094e+00 1.250131726264953613e+00
-5.032153129577636719e+00 3.913590908050537109e+00 1.179207801818847656e+00
-4.945225715637207031e+00 4.465660572052001953e+00 1.110245108604431152e+00
-4.887714862823486328e+00 4.097329139709472656e+00 1.001036643981933594e+00
-5.067027091979980469e+00 3.946393013000488281e+00 9.472501277923583984e-01
-4.988701820373535156e+00 4.508082866668701172e+00 8.708871603012084961e-01
-4.955019474029541016e+00 4.161118030548095703e+00 7.772855162620544434e-01
-4.993173599243164062e+00 4.515290737152099609e+00 6.256925463676452637e-01
-5.070316314697265625e+00 4.260960578918457031e+00 5.526552796363830566e-01
-5.018472194671630859e+00 4.541353702545166016e+00 3.819578886032104492e-01
-5.002861499786376953e+00 4.207254409790039062e+00 3.071237504482269287e-01
-4.783726692199707031e+00 4.331964015960693359e+00 1.306778490543365479e-01
-5.034194469451904297e+00 4.238106250762939453e+00 7.006335258483886719e-02
-6.126448631286621094e+00 4.790435791015625000e+00 9.501395747065544128e-03
-5.152261734008789062e+00 4.043429851531982422e+00 1.721878409385681152e+00
-4.977637767791748047e+00 4.217517852783203125e+00 1.520614624023437500e+00
-5.049715518951416016e+00 3.970078706741333008e+00 1.435818910598754883e+00
-4.932258129119873047e+00 4.184987068176269531e+00 1.259689331054687500e+00
-5.026585102081298828e+00 3.958996295928955078e+00 1.183573246002197266e+00
-4.867754459381103516e+00 4.131717681884765625e+00 1.002122044563293457e+00
-5.062912940979003906e+00 3.993338823318481445e+00 9.510437846183776855e-01
-4.943765163421630859e+00 4.203662872314453125e+00 7.795516848564147949e-01
-4.952889442443847656e+00 4.534413337707519531e+00 6.241192817687988281e-01
-5.027379035949707031e+00 4.277783870697021484e+00 5.508258342742919922e-01
-4.960220813751220703e+00 4.223625183105468750e+00 3.060912489891052246e-01
-4.747475624084472656e+00 4.352451801300048828e+00 1.304146647453308105e-01
-5.007334232330322266e+00 4.268267154693603516e+00 7.005270570516586304e-02
-6.055389404296875000e+00 4.795034408569335938e+00 9.436644613742828369e-03
-5.117511749267578125e+00 4.067144870758056641e+00 1.718572974205017090e+00
-4.985667705535888672e+00 4.277150630950927734e+00 1.531056284904479980e+00
-5.026787281036376953e+00 4.002203941345214844e+00 1.436255097389221191e+00
-4.910209178924560547e+00 4.218369960784912109e+00 1.260645151138305664e+00
-5.012960910797119141e+00 3.998348236083984375e+00 1.186119675636291504e+00
-4.864788532257080078e+00 4.180824756622314453e+00 1.006773710250854492e+00
-5.022082328796386719e+00 4.011363506317138672e+00 9.479796886444091797e-01
-4.943461418151855469e+00 4.255942821502685547e+00 7.836068868637084961e-01
-5.043546199798583984e+00 4.032835006713867188e+00 7.140709161758422852e-01
-5.014626026153564453e+00 4.320258617401123047e+00 5.523226261138916016e-01
-4.730206489562988281e+00 4.390341758728027344e+00 1.306778490543365479e-01
-4.968938350677490234e+00 4.288457393646240234e+00 6.988236308097839355e-02
-5.992307186126708984e+00 4.805198669433593750e+00 9.384109638631343842e-03
-5.089446067810058594e+00 4.096043109893798828e+00 1.717555880546569824e+00
-4.948300838470458984e+00 4.298081874847412109e+00 1.527651429176330566e+00
-5.015810966491699219e+00 4.043998241424560547e+00 1.440181732177734375e+00
-4.917560577392578125e+00 4.277407646179199219e+00 1.269246935844421387e+00
-4.976093292236328125e+00 4.019145965576171875e+00 1.183209419250488281e+00
-4.874816417694091797e+00 4.241723060607910156e+00 1.014216423034667969e+00
-4.991990089416503906e+00 4.037747859954833984e+00 9.469583034515380859e-01
-4.953928470611572266e+00 4.318162441253662109e+00 7.894511818885803223e-01
-5.008664131164550781e+00 4.055574417114257812e+00 7.126421332359313965e-01
-5.069128990173339844e+00 4.421693801879882812e+00 5.613034963607788086e-01
-5.061296463012695312e+00 4.102580547332763672e+00 4.818765819072723389e-01
-4.909521579742431641e+00 4.285490036010742188e+00 3.061850965023040771e-01
-5.170890808105468750e+00 4.198898315429687500e+00 8.137945085763931274e-03
-5.057470321655273438e+00 4.121695518493652344e+00 1.715267539024353027e+00
-4.989391326904296875e+00 4.073464393615722656e+00 1.439745426177978516e+00
-4.917740821838378906e+00 4.330854415893554688e+00 1.276128292083740234e+00
-4.949816703796386719e+00 4.048358440399169922e+00 1.182845592498779297e+00
-4.863523483276367188e+00 4.284615039825439453e+00 1.017317533493041992e+00
-4.953344821929931641e+00 4.057018280029296875e+00 9.443318843841552734e-01
-5.054636001586914062e+00 4.460819721221923828e+00 8.098464012145996094e-01
-4.991371631622314453e+00 4.092532634735107422e+00 7.137412428855895996e-01
-5.068045616149902344e+00 4.475801944732666016e+00 5.642139315605163574e-01
-5.032944679260253906e+00 4.131028175354003906e+00 4.815815389156341553e-01
-4.884631156921386719e+00 4.316856861114501953e+00 3.062789738178253174e-01
-5.074943065643310547e+00 4.169949531555175781e+00 2.465911954641342163e-01
-5.134215831756591797e+00 4.221655368804931641e+00 8.120840415358543396e-03
-5.012690544128417969e+00 4.136644840240478516e+00 1.708656668663024902e+00
-4.974081516265869141e+00 4.112085819244384766e+00 1.442581295967102051e+00
-4.911588668823242188e+00 4.379238128662109375e+00 1.281480669975280762e+00
-4.939272403717041016e+00 4.090570449829101562e+00 1.186301589012145996e+00
-4.924875736236572266e+00 4.392628669738769531e+00 1.035769104957580566e+00
-4.919220447540283203e+00 4.079757213592529297e+00 9.425810575485229492e-01
-5.039015293121337891e+00 4.502334594726562500e+00 8.117547035217285156e-01
-4.972284317016601562e+00 4.128161430358886719e+00 7.146204710006713867e-01
-5.027115345001220703e+00 4.494858264923095703e+00 5.627171397209167480e-01
-5.066558361053466797e+00 4.210914611816406250e+00 4.872610867023468018e-01
-4.834230422973632812e+00 4.325433254241943359e+00 3.047771453857421875e-01
-5.013924598693847656e+00 4.171610355377197266e+00 2.448654621839523315e-01
-4.822124004364013672e+00 4.319149494171142578e+00 6.892419606447219849e-02
-5.110520839691162109e+00 4.254998683929443359e+00 8.124506101012229919e-03
-4.986173152923583984e+00 4.173849582672119141e+00 1.453488469123840332e+00
-4.920107841491699219e+00 4.125854492187500000e+00 1.187756657600402832e+00
-4.929358482360839844e+00 4.451234340667724609e+00 1.042436480522155762e+00
-4.889549255371093750e+00 4.106046676635742188e+00 9.417055845260620117e-01
-5.011294841766357422e+00 4.533168792724609375e+00 8.117547035217285156e-01
-4.956751346588134766e+00 4.166907787322998047e+00 7.160492539405822754e-01
-4.986142635345458984e+00 4.513581752777099609e+00 5.612203478813171387e-01
-5.074198722839355469e+00 4.270176887512207031e+00 4.905065298080444336e-01
-4.796494007110595703e+00 4.344954490661621094e+00 3.040731549263000488e-01
-4.991290569305419922e+00 4.204872131347656250e+00 2.450155168771743774e-01
-4.802938461303710938e+00 4.355372905731201172e+00 6.903065741062164307e-02
-5.052205085754394531e+00 4.259204864501953125e+00 8.073193021118640900e-03
-4.993970394134521484e+00 4.232760429382324219e+00 1.463304877281188965e+00
-4.914188385009765625e+00 4.172513961791992188e+00 1.192485928535461426e+00
-4.886873245239257812e+00 4.155196189880371094e+00 9.460828304290771484e-01
-4.954097270965576172e+00 4.537009716033935547e+00 8.069838881492614746e-01
-4.941686630249023438e+00 4.206262588500976562e+00 7.175880074501037598e-01
-4.948068141937255859e+00 4.534665107727050781e+00 5.600561499595642090e-01
-5.066879272460937500e+00 4.317401409149169922e+00 4.923505485057830811e-01
-4.972239017486572266e+00 4.241255283355712891e+00 2.453531771898269653e-01
-4.768758296966552734e+00 4.377998828887939453e+00 6.892419606447219849e-02
-5.006961345672607422e+00 4.273893356323242188e+00 8.042650297284126282e-03
-4.978273391723632812e+00 4.272221088409423828e+00 1.466358900070190430e+00
-4.891476154327392578e+00 4.205152511596679688e+00 1.193213582038879395e+00
-4.871781826019287109e+00 4.194139480590820312e+00 9.481256008148193359e-01
-4.972252845764160156e+00 4.285170555114746094e+00 7.258310317993164062e-01
-5.009333610534667969e+00 4.321700572967529297e+00 4.893263876438140869e-01
-4.978373050689697266e+00 4.302573680877685547e+00 8.038984611630439758e-03
-4.982906341552734375e+00 4.329570770263671875e+00 1.475520968437194824e+00
-4.898958683013916016e+00 4.264138221740722656e+00 1.201398730278015137e+00
-4.888463973999023438e+00 4.261005401611328125e+00 9.564424753189086914e-01
-4.993048191070556641e+00 4.356768608093261719e+00 7.327552437782287598e-01
-5.069848537445068359e+00 4.428459644317626953e+00 4.978826045989990234e-01
-5.959564208984375000e+00 5.214793205261230469e+00 9.674881584942340851e-03
-4.956246852874755859e+00 4.360064029693603516e+00 1.475520968437194824e+00
-4.910326004028320312e+00 4.327273845672607422e+00 1.210675120353698730e+00
-4.888929843902587891e+00 4.314486026763916016e+00 9.616952538490295410e-01
-5.007936000823974609e+00 4.424175262451171875e+00 7.389101386070251465e-01
-5.051544666290283203e+00 4.467411994934082031e+00 4.987677037715911865e-01
-4.844694614410400391e+00 4.289003849029541016e+00 2.429146468639373779e-01
-5.921466350555419922e+00 5.245956897735595703e+00 9.665107354521751404e-03
-4.947516441345214844e+00 4.414276123046875000e+00 1.226499795913696289e+00
-4.881545543670654297e+00 4.361540317535400391e+00 9.654889106750488281e-01
-4.987362861633300781e+00 4.460783481597900391e+00 7.398992776870727539e-01
-4.815189361572265625e+00 4.635379314422607422e+00 5.577277541160583496e-01
-5.035182952880859375e+00 4.508302688598632812e+00 4.998741149902343750e-01
-4.784056663513183594e+00 4.287969112396240234e+00 2.411889135837554932e-01
-4.811979770660400391e+00 4.316026687622070312e+00 7.897264324128627777e-03
-4.915959835052490234e+00 4.440595626831054688e+00 1.225408434867858887e+00
-4.946400642395019531e+00 4.474367618560791016e+00 9.837276935577392578e-01
-4.968002796173095703e+00 4.498640537261962891e+00 7.411082983016967773e-01
-5.022203445434570312e+00 4.552508831024169922e+00 5.013493299484252930e-01
-4.751735687255859375e+00 4.311870574951171875e+00 2.408888041973114014e-01
-4.823162555694580078e+00 4.379756450653076172e+00 7.959572598338127136e-03
-4.949830532073974609e+00 4.537770271301269531e+00 7.425370812416076660e-01
-4.963315010070800781e+00 4.554917812347412109e+00 4.982513785362243652e-01
-4.727396488189697266e+00 4.342973232269287109e+00 2.410013377666473389e-01
-5.849668979644775391e+00 5.377750873565673828e+00 9.707869030535221100e-03
-4.671390533447265625e+00 4.344676017761230469e+00 2.395007014274597168e-01
-5.836325645446777344e+00 5.431937217712402344e+00 9.740855544805526733e-03
-4.871316909790039062e+00 4.577071666717529297e+00 7.391299009323120117e-01
-5.778140544891357422e+00 5.444330215454101562e+00 9.699316695332527161e-03
-5.616549491882324219e+00 5.357511997222900391e+00 9.483070112764835358e-03
-4.820599555969238281e+00 4.646974086761474609e+00 4.952272176742553711e-01
-5.752616882324218750e+00 5.555116176605224609e+00 9.770176373422145844e-03
-5.737015247344970703e+00 5.608484745025634766e+00 9.801941923797130585e-03
-5.704626083374023438e+00 5.645690441131591797e+00 9.805606678128242493e-03
-5.672703742980957031e+00 5.683418750762939453e+00 9.810494258999824524e-03
-5.644744396209716797e+00 5.725239276885986328e+00 9.822710417211055756e-03
-5.617183685302734375e+00 5.767647743225097656e+00 9.836150333285331726e-03
-5.612193107604980469e+00 5.833714008331298828e+00 9.889906272292137146e-03
-5.608668327331542969e+00 5.902110099792480469e+00 9.947326965630054474e-03
-5.592195987701416016e+00 5.957557678222656250e+00 9.982758201658725739e-03
-5.551455974578857422e+00 5.987358570098876953e+00 9.975426830351352692e-03
-5.547032833099365234e+00 6.056706905364990234e+00 1.003407035022974014e-02
-5.458109378814697266e+00 6.033526897430419922e+00 9.939997456967830658e-03
-5.496942996978759766e+00 6.151911735534667969e+00 1.007927395403385162e-02
-5.437917709350585938e+00 6.161532402038574219e+00 1.004017889499664307e-02
-5.424321174621582031e+00 6.222673416137695312e+00 1.008538249880075455e-02
-5.384080410003662109e+00 6.253566265106201172e+00 1.008171867579221725e-02
-5.378645420074462891e+00 6.325336933135986328e+00 1.014402601867914200e-02
-5.357096195220947266e+00 6.378896236419677734e+00 1.017701253294944763e-02
-5.340837478637695312e+00 6.439356327056884766e+00 1.022099517285823822e-02
-5.310730934143066406e+00 6.483610153198242188e+00 1.023932080715894699e-02
-5.240660667419433594e+00 6.478754520416259766e+00 1.018067728728055954e-02
-5.247618198394775391e+00 6.569387912750244141e+00 1.027230732142925262e-02
-5.231364250183105469e+00 6.632083892822265625e+00 1.031995564699172974e-02
-5.185041904449462891e+00 6.656958103179931641e+00 1.030896045267581940e-02
-5.109348297119140625e+00 6.643464565277099609e+00 1.023932080715894699e-02
-5.139245510101318359e+00 6.767869472503662109e+00 1.038226298987865448e-02
-5.068829059600830078e+00 6.760871410369873047e+00 1.032362133264541626e-02
-5.018325328826904297e+00 6.779788970947265625e+00 1.030529476702213287e-02
-5.052150726318359375e+00 6.913801193237304688e+00 1.046167593449354172e-02
-5.023088932037353516e+00 6.963323593139648438e+00 1.048977579921483994e-02
-2.107298851013183594e+00 5.983999252319335938e+00 1.882916539907455444e-01
-2.066953659057617188e+00 5.986423969268798828e+00 1.879653334617614746e-01
-2.071862220764160156e+00 5.896302223205566406e+00 1.265479773283004761e-01
-2.045413732528686523e+00 5.937261581420898438e+00 1.271553039550781250e-01
-2.059514284133911133e+00 5.874064922332763672e+00 6.627326458692550659e-02
-2.038385152816772461e+00 5.930090427398681641e+00 6.676299870014190674e-02
-2.124534845352172852e+00 5.955386161804199219e+00 7.725000381469726562e-03
-2.084650993347167969e+00 5.958870887756347656e+00 7.712782826274633408e-03
-2.045777797698974609e+00 5.964928627014160156e+00 7.704230956733226776e-03
-2.017422914505004883e+00 6.002014160156250000e+00 7.735995575785636902e-03
-9.944055229425430298e-03 7.426064014434814453e-01 2.204202115535736084e-02
-4.491027444601058960e-02 6.617461442947387695e-01 3.116292320191860199e-02
-5.801352090202271938e-04 7.438163161277770996e-01 4.197649285197257996e-02
-8.772699162364006042e-03 7.189825177192687988e-01 5.318123474717140198e-02
