-2.137314714491367340e-02 -7.358358502388000488e-01 7.542409747838973999e-02
-4.256917163729667664e-02 -7.119945287704467773e-01 7.307983189821243286e-02
-2.989094145596027374e-02 -7.142936587333679199e-01 6.644686311483383179e-02
-6.830620765686035156e-02 -7.016446590423583984e-01 6.552141904830932617e-02
-5.177146196365356445e-02 -7.011709213256835938e-01 5.200107023119926453e-02
-6.692352890968322754e-02 -7.203884720802307129e-01 2.716142125427722931e-02
-1.206453442573547363e-01 -6.985301971435546875e-01 4.000443965196609497e-02
-1.051157265901565552e-01 -7.082866430282592773e-01 5.295995622873306274e-02
-1.163267940282821655e-01 -7.186455130577087402e-01 8.894196362234652042e-04
-6.660653114318847656e+00 -6.982697963714599609e+00 1.178969722241163254e-02
-6.894270896911621094e+00 -6.966239929199218750e+00 1.197417825460433960e-02
-2.449021339416503906e+00 -1.964559316635131836e+00 9.318167716264724731e-02
-6.522129535675048828e+00 -6.509832859039306641e+00 1.125824358314275742e-02
-2.436740398406982422e+00 -1.930254936218261719e+00 9.226202219724655151e-02
-6.565510749816894531e+00 -6.473201751708984375e+00 1.126435212790966034e-02
-2.456411600112915039e+00 -1.921425461769104004e+00 9.255868196487426758e-02
-6.287745952606201172e+00 -6.123713970184326172e+00 1.072312612086534500e-02
-2.430974483489990234e+00 -1.877600193023681641e+00 9.116437286138534546e-02
-6.279800891876220703e+00 -6.041340351104736328e+00 1.064615789800882339e-02
-6.323999881744384766e+00 -6.009582519531250000e+00 1.065837405622005463e-02
-2.452054262161254883e+00 -1.989046931266784668e+00 6.393193453550338745e-02
-7.356719493865966797e+00 -6.905550479888916016e+00 1.232725754380226135e-02
-2.429732799530029297e+00 -1.947736382484436035e+00 1.757378131151199341e-01
-2.460311174392700195e+00 -1.970838546752929688e+00 6.383071094751358032e-02
-7.467882156372070312e+00 -6.924191951751708984e+00 1.244209986180067062e-02
-2.441637992858886719e+00 -1.932791233062744141e+00 1.757378131151199341e-01
-2.442560911178588867e+00 -1.932135105133056641e+00 6.306142359972000122e-02
-7.550050735473632812e+00 -6.914711475372314453e+00 1.250807475298643112e-02
-2.455811262130737305e+00 -1.919617772102355957e+00 1.759068518877029419e-01
-2.438611745834350586e+00 -1.904802441596984863e+00 6.265652924776077271e-02
-7.592336654663085938e+00 -6.868255138397216797e+00 1.250807475298643112e-02
-2.444711685180664062e+00 -1.885529398918151855e+00 6.251481920480728149e-02
-7.681314468383789062e+00 -6.863516807556152344e+00 1.258504297584295273e-02
-7.224692821502685547e+00 -6.376219749450683594e+00 1.177259255200624466e-02
-2.462331533432006836e+00 -1.994579434394836426e+00 3.373815119266510010e-02
-7.137794971466064453e+00 -6.222035408020019531e+00 1.156856399029493332e-02
-2.468562126159667969e+00 -1.976785063743591309e+00 1.485870629549026489e-01
-2.476866245269775391e+00 -1.981307148933410645e+00 3.377008810639381409e-02
-6.987139701843261719e+00 -6.015659332275390625e+00 1.126435212790966034e-02
-2.483779191970825195e+00 -1.964079380035400391e+00 1.487747877836227417e-01
-2.467790603637695312e+00 -1.949337005615234375e+00 3.348263725638389587e-02
-7.030776023864746094e+00 -5.978503704071044922e+00 1.127534825354814529e-02
-2.476888179779052734e+00 -1.934047937393188477e+00 1.476484239101409912e-01
-2.477339744567871094e+00 -1.932313203811645508e+00 3.345070034265518188e-02
-7.071156024932861328e+00 -5.938466548919677734e+00 1.128145679831504822e-02
-2.474889516830444336e+00 -1.906093478202819824e+00 3.325906395912170410e-02
-7.127472877502441406e+00 -5.911565303802490234e+00 1.131322141736745834e-02
-2.450790643692016602e+00 -2.007444858551025391e+00 3.870441345497965813e-03
-2.476945877075195312e+00 -2.005030632019042969e+00 1.196378022432327271e-01
-2.409415721893310547e+00 -1.948974967002868652e+00 3.786141984164714813e-03
-2.499349117279052734e+00 -1.997906208038330078e+00 1.201255097985267639e-01
-2.481491088867187500e+00 -1.982211709022521973e+00 3.880215110257267952e-03
-2.506854772567749023e+00 -1.978817820549011230e+00 1.199004128575325012e-01
-2.481830120086669922e+00 -1.957658648490905762e+00 3.861889475956559181e-03
-2.504762649536132812e+00 -1.952340960502624512e+00 1.192251369357109070e-01
-2.486694812774658203e+00 -1.936863183975219727e+00 3.850893815979361534e-03
-1.144934940338134766e+01 -6.975862503051757812e+00 3.979133665561676025e-01
-2.515971422195434570e+00 -1.934980630874633789e+00 3.877771785482764244e-03
-1.155645561218261719e+01 -6.957981109619140625e+00 3.975276947021484375e+00
-9.154651641845703125e+00 -5.501009464263916016e+00 3.169838190078735352e-01
-8.322457313537597656e+00 -6.319736003875732422e+00 1.276708114892244339e-02
-1.174574279785156250e+01 -6.974111557006835938e+00 4.025593757629394531e+00
-9.086462020874023438e+00 -5.386569976806640625e+00 6.960448026657104492e-01
-9.124598503112792969e+00 -5.407025814056396484e+00 3.147885203361511230e-01
-8.199456214904785156e+00 -6.147379398345947266e+00 1.252029091119766235e-02
-1.176513576507568359e+01 -6.888339519500732422e+00 4.017678260803222656e+00
-1.164673900604248047e+01 -6.821749210357666016e+00 3.427930831909179688e+00
-9.041810989379882812e+00 -5.285394191741943359e+00 6.901271939277648926e-01
-9.072163581848144531e+00 -5.301012516021728516e+00 3.118515610694885254e-01
-8.624438285827636719e+00 -6.383714199066162109e+00 1.310916524380445480e-02
-1.183542537689208984e+01 -6.832325458526611328e+00 4.027289390563964844e+00
-1.135516643524169922e+01 -6.557725429534912109e+00 3.330208063125610352e+00
-8.965142250061035156e+00 -5.167033672332763672e+00 6.818425059318542480e-01
-8.965076446533203125e+00 -5.164912223815917969e+00 3.070753216743469238e-01
-8.673134803771972656e+00 -6.337755680084228516e+00 1.312382612377405167e-02
-1.191297245025634766e+01 -6.779977798461914062e+00 4.039444446563720703e+00
-1.141287803649902344e+01 -6.497998237609863281e+00 3.335377216339111328e+00
-8.951563835144042969e+00 -5.086294174194335938e+00 6.784234642982482910e-01
-8.990515708923339844e+00 -5.106350898742675781e+00 3.068676590919494629e-01
-1.045609664916992188e+01 -6.982664108276367188e+00 1.338666677474975586e-01
-8.210655212402343750e+00 -5.922868728637695312e+00 1.236879732459783554e-02
-1.194849395751953125e+01 -6.703468322753906250e+00 4.037466049194335938e+00
-1.145506954193115234e+01 -6.429271221160888672e+00 3.336115598678588867e+00
-1.161126899719238281e+01 -6.519604682922363281e+00 2.859653472900390625e+00
-1.188576698303222656e+01 -6.671004295349121094e+00 2.408222436904907227e+00
-8.959969520568847656e+00 -5.018594264984130859e+00 6.767138838768005371e-01
-8.952776908874511719e+00 -5.012513160705566406e+00 3.045240044593811035e-01
-1.143633651733398438e+01 -6.957160949707031250e+00 2.710527777671813965e-01
-8.896065711975097656e+00 -6.334673404693603516e+00 1.334251556545495987e-02
-1.216651725769042969e+01 -6.727971076965332031e+00 4.097110271453857422e+00
-1.141797447204589844e+01 -6.316636562347412109e+00 3.313961744308471680e+00
-1.160143756866455078e+01 -6.420776844024658203e+00 2.847475767135620117e+00
-9.157974243164062500e+00 -5.498791694641113281e+00 6.028274893760681152e-01
-8.943983078002929688e+00 -4.935752868652343750e+00 3.031890094280242920e-01
-9.048274993896484375e+00 -5.428627967834472656e+00 2.136597931385040283e-01
-8.794049263000488281e+00 -6.181062698364257812e+00 1.313237845897674561e-02
-1.172116756439208984e+01 -6.390753746032714844e+00 3.390515804290771484e+00
-1.155049228668212891e+01 -6.300312042236328125e+00 2.825429916381835938e+00
-1.205319499969482422e+01 -6.571785449981689453e+00 2.425621747970581055e+00
-8.909565925598144531e+00 -4.847697257995605469e+00 6.683635115623474121e-01
-8.951269149780273438e+00 -4.868363857269287109e+00 3.024176955223083496e-01
-9.077971458435058594e+00 -5.370969772338867188e+00 2.135788053274154663e-01
-8.973132133483886719e+00 -6.225028038024902344e+00 1.334251556545495987e-02
-1.170589447021484375e+01 -6.867549896240234375e+00 3.845523118972778320e+00
-1.165782737731933594e+01 -6.266353130340576172e+00 2.842226743698120117e+00
-8.988020896911621094e+00 -4.817125797271728516e+00 3.026550412178039551e-01
-9.115949630737304688e+00 -6.241601943969726562e+00 1.349767576903104782e-02
-1.316578865051269531e+01 -6.967249393463134766e+00 4.389680385589599609e+00
-1.151689052581787109e+01 -6.097236156463623047e+00 3.309531211853027344e+00
-1.161528110504150391e+01 -6.713521003723144531e+00 3.263000488281250000e+00
-1.170210647583007812e+01 -6.197907447814941406e+00 2.843696594238281250e+00
-1.245494556427001953e+01 -6.593858718872070312e+00 2.489998579025268555e+00
-9.005034446716308594e+00 -4.755351066589355469e+00 3.022397160530090332e-01
-9.190533638000488281e+00 -6.210185050964355469e+00 1.355143263936042786e-02
-1.245039749145507812e+01 -6.493958950042724609e+00 3.566269159317016602e+00
-1.164527988433837891e+01 -6.635870456695556641e+00 3.259927988052368164e+00
-1.180059051513671875e+01 -6.157649040222167969e+00 2.858393669128417969e+00
-1.225057506561279297e+01 -6.975123882293701172e+00 2.883469343185424805e+00
-1.253533363342285156e+01 -6.538260936737060547e+00 2.498002290725708008e+00
-8.931787490844726562e+00 -4.648789405822753906e+00 6.634978652000427246e-01
-9.108684539794921875e+00 -5.169394493103027344e+00 5.910515189170837402e-01
-8.860243797302246094e+00 -4.609587192535400391e+00 2.964251339435577393e-01
-8.924822807312011719e+00 -5.060930728912353516e+00 2.077484130859375000e-01
-1.134205150604248047e+01 -6.984756469726562500e+00 1.418194770812988281e-01
-9.066226005554199219e+00 -6.045492649078369141e+00 1.331319380551576614e-02
-1.287486171722412109e+01 -6.612342357635498047e+00 4.265303134918212891e+00
-1.199134540557861328e+01 -6.741446495056152344e+00 3.897865295410156250e+00
-1.231155586242675781e+01 -6.325752258300781250e+00 3.515315532684326172e+00
-1.168323612213134766e+01 -6.562863349914550781e+00 3.259218931198120117e+00
-1.180336952209472656e+01 -6.067247390747070312e+00 2.849995136260986328e+00
-1.220172786712646484e+01 -6.848515510559082031e+00 2.862027168273925781e+00
-1.232821369171142578e+01 -6.334311485290527344e+00 2.448936462402343750e+00
-8.941496849060058594e+00 -4.584337234497070312e+00 6.621170639991760254e-01
-9.042642593383789062e+00 -5.058812141418457031e+00 5.847409367561340332e-01
-9.192808151245117188e+00 -5.590276718139648438e+00 5.055058002471923828e-01
-9.036914825439453125e+00 -4.631266593933105469e+00 3.013793826103210449e-01
-8.942618370056152344e+00 -4.998756408691406250e+00 2.074447572231292725e-01
-9.147425651550292969e+00 -6.018882274627685547e+00 1.337794587016105652e-02
-1.289978504180908203e+01 -6.525425910949707031e+00 4.260214805603027344e+00
-1.123637771606445312e+01 -6.226583480834960938e+00 3.639970302581787109e+00
-1.238818836212158203e+01 -6.269347667694091797e+00 3.526146173477172852e+00
-1.158047485351562500e+01 -6.411980152130126953e+00 3.219515800476074219e+00
-1.197296237945556641e+01 -6.061837196350097656e+00 2.881909132003784180e+00
-1.220408630371093750e+01 -6.751702308654785156e+00 2.852809190750122070e+00
-1.219551372528076172e+01 -6.171839714050292969e+00 2.415008068084716797e+00
-8.940064430236816406e+00 -4.514543533325195312e+00 6.599472761154174805e-01
-8.901275634765625000e+00 -4.908258914947509766e+00 5.736411809921264648e-01
-9.060747146606445312e+00 -5.434094905853271484e+00 4.964009523391723633e-01
-9.061592102050781250e+00 -4.573928356170654297e+00 3.012607395648956299e-01
-8.941596984863281250e+00 -4.926423072814941406e+00 2.067159414291381836e-01
-1.165337371826171875e+01 -6.980703353881835938e+00 1.446300894021987915e-01
-8.896496772766113281e+00 -5.775866031646728516e+00 1.295889262109994888e-02
-1.229221534729003906e+01 -6.123651027679443359e+00 4.047076702117919922e+00
-1.116713333129882812e+01 -6.098952770233154297e+00 3.605348110198974609e+00
-1.238044738769531250e+01 -6.170302867889404297e+00 3.513099908828735352e+00
-1.177312850952148438e+01 -6.424583435058593750e+00 3.262054920196533203e+00
-1.206330490112304688e+01 -6.014870643615722656e+00 2.894716739654541016e+00
-1.168101692199707031e+01 -6.369027614593505859e+00 2.721350669860839844e+00
-1.083204746246337891e+01 -5.391515731811523438e+00 1.239707112312316895e+00
-8.980998039245605469e+00 -4.466268062591552734e+00 6.609334945678710938e-01
-8.942627906799316406e+00 -4.859746456146240234e+00 5.743736028671264648e-01
-8.994184494018554688e+00 -5.319410800933837891e+00 4.909568428993225098e-01
-8.991027832031250000e+00 -4.469299316406250000e+00 2.979974150657653809e-01
-8.932997703552246094e+00 -4.850474357604980469e+00 2.058251947164535522e-01
-9.453215599060058594e+00 -5.584215641021728516e+00 1.168964579701423645e-01
-9.161652565002441406e+00 -5.868419170379638672e+00 1.329242438077926636e-02
-1.225721931457519531e+01 -6.012627124786376953e+00 4.023332118988037109e+00
-1.218923854827880859e+01 -5.981919765472412109e+00 3.448361635208129883e+00
-1.174814414978027344e+01 -6.317708492279052734e+00 3.244330406188964844e+00
-1.237029647827148438e+01 -6.073453903198242188e+00 2.959384202957153320e+00
-1.217469024658203125e+01 -6.541611671447753906e+00 2.826958179473876953e+00
-1.231807136535644531e+01 -6.045144557952880859e+00 2.424403667449951172e+00
-1.238608074188232422e+01 -6.649623394012451172e+00 2.342444658279418945e+00
-1.088904380798339844e+01 -5.336771011352539062e+00 1.242459177970886230e+00
-9.016299247741699219e+00 -4.415027618408203125e+00 6.615253090858459473e-01
-9.033009529113769531e+00 -4.837306022644042969e+00 5.782613754272460938e-01
-9.074975967407226562e+00 -5.292303562164306641e+00 4.935850203037261963e-01
-9.006610870361328125e+00 -4.408334732055664062e+00 2.976117730140686035e-01
-8.935263633728027344e+00 -4.780948638916015625e+00 2.051976174116134644e-01
-9.381887435913085938e+00 -5.464705467224121094e+00 1.155976131558418274e-01
-9.471384048461914062e+00 -5.985174655914306641e+00 1.368826534599065781e-02
-1.233534240722656250e+01 -5.957328319549560547e+00 4.036900520324707031e+00
-1.312556743621826172e+01 -6.960816383361816406e+00 4.209738254547119141e+00
-1.221087741851806641e+01 -5.899847030639648438e+00 3.444176912307739258e+00
-1.160209083557128906e+01 -6.147690773010253906e+00 3.193519353866577148e+00
-1.236683750152587891e+01 -5.977863788604736328e+00 2.949726343154907227e+00
-1.178253936767578125e+01 -6.238039493560791016e+00 2.726961612701416016e+00
-1.210673141479492188e+01 -6.989296436309814453e+00 2.722381830215454102e+00
-1.233187770843505859e+01 -5.958310127258300781e+00 2.419879913330078125e+00
-1.245019054412841797e+01 -6.585951805114746094e+00 2.346882343292236328e+00
-1.088664340972900391e+01 -5.252996444702148438e+00 1.238484144210815430e+00
-9.043219566345214844e+00 -4.359621524810791016e+00 6.615253090858459473e-01
-9.056339263916015625e+00 -4.778528213500976562e+00 5.778669714927673340e-01
-9.016352653503417969e+00 -5.184240341186523438e+00 4.886571764945983887e-01
-9.021783828735351562e+00 -4.347347259521484375e+00 2.972261011600494385e-01
-8.930822372436523438e+00 -4.708314895629882812e+00 2.044283300638198853e-01
-9.555715560913085938e+00 -5.487708568572998047e+00 1.173223108053207397e-01
-9.833800315856933594e+00 -6.130084037780761719e+00 1.415740977972745895e-02
-1.354723453521728516e+01 -6.440398216247558594e+00 4.420492172241210938e+00
-1.317485332489013672e+01 -6.883712768554687500e+00 4.211919307708740234e+00
-1.190747737884521484e+01 -6.216233253479003906e+00 3.267017841339111328e+00
-1.238562679290771484e+01 -5.893467903137207031e+00 2.945526838302612305e+00
-1.184491539001464844e+01 -6.178312301635742188e+00 2.732572793960571289e+00
-1.213915252685546875e+01 -6.909053325653076172e+00 2.720087766647338867e+00
-1.237709712982177734e+01 -5.886760234832763672e+00 2.421619653701782227e+00
-1.251835823059082031e+01 -6.524023056030273438e+00 2.352141857147216797e+00
-1.069867610931396484e+01 -5.566189765930175781e+00 1.120897531509399414e+00
-9.088730812072753906e+00 -4.313034534454345703e+00 6.629061102867126465e-01
-9.087261199951171875e+00 -4.723790168762207031e+00 5.779796242713928223e-01
-9.067111015319824219e+00 -5.139656543731689453e+00 4.896896779537200928e-01
-9.061836242675781250e+00 -4.298334598541259766e+00 2.976711094379425049e-01
-8.929376602172851562e+00 -4.637759685516357422e+00 2.037400156259536743e-01
-9.604869842529296875e+00 -5.437839984893798828e+00 1.175139397382736206e-01
-9.303045272827148438e+00 -5.720264434814453125e+00 1.334251556545495987e-02
-1.230934238433837891e+01 -5.759569168090820312e+00 4.004958152770996094e+00
-1.203630924224853516e+01 -6.195120334625244141e+00 3.835708856582641602e+00
-1.129679012298583984e+01 -6.356325626373291016e+00 3.536350011825561523e+00
-1.274759864807128906e+01 -5.967342376708984375e+00 3.574638128280639648e+00
-1.204822444915771484e+01 -6.195934295654296875e+00 3.295141220092773438e+00
-1.225863838195800781e+01 -5.741061210632324219e+00 2.906894445419311523e+00
-1.190438652038574219e+01 -6.116710662841796875e+00 2.737582445144653320e+00
-1.212995529174804688e+01 -6.805621623992919922e+00 2.708618879318237305e+00
-1.256166362762451172e+01 -6.448890686035156250e+00 2.352799177169799805e+00
-1.076718711853027344e+01 -5.518150329589843750e+00 1.124506711959838867e+00
-9.101462364196777344e+00 -4.250852108001708984e+00 6.619198322296142578e-01
-9.119628906250000000e+00 -4.669763088226318359e+00 5.782049894332885742e-01
-8.897044181823730469e+00 -4.971370697021484375e+00 4.788483381271362305e-01
-9.144905090332031250e+00 -5.550356864929199219e+00 4.016063809394836426e-01
-9.095286369323730469e+00 -4.246034145355224609e+00 2.979084551334381104e-01
-8.954996109008789062e+00 -4.581516742706298828e+00 2.036792933940887451e-01
-9.410158157348632812e+00 -5.251618385314941406e+00 1.147352606058120728e-01
-9.319157600402832031e+00 -5.651666164398193359e+00 1.331563759595155716e-02
-1.216932201385498047e+01 -5.603294849395751953e+00 3.948140144348144531e+00
-1.208868408203125000e+01 -6.128546237945556641e+00 3.840343236923217773e+00
-1.132714271545410156e+01 -6.282210826873779297e+00 3.533717870712280273e+00
-1.279277706146240234e+01 -5.893067836761474609e+00 3.577099800109863281e+00
-1.211201953887939453e+01 -6.135062694549560547e+00 3.302231073379516602e+00
-1.150866603851318359e+01 -6.375009536743164062e+00 3.066425323486328125e+00
-1.371523857116699219e+01 -6.320907115936279297e+00 3.243040323257446289e+00
-1.202561283111572266e+01 -6.086021423339843750e+00 2.756820440292358398e+00
-1.427658081054687500e+01 -6.576590538024902344e+00 2.777259349822998047e+00
-1.135112380981445312e+01 -5.221758842468261719e+00 1.280171155929565430e+00
-1.080706596374511719e+01 -5.455121040344238281e+00 1.125154614448547363e+00
-9.124653816223144531e+00 -4.193676471710205078e+00 6.617225408554077148e-01
-9.091949462890625000e+00 -4.585393905639648438e+00 5.746553540229797363e-01
-8.917755126953125000e+00 -4.911385536193847656e+00 4.783321022987365723e-01
-9.126485824584960938e+00 -5.462832927703857422e+00 3.993178904056549072e-01
-9.103910446166992188e+00 -4.182218551635742188e+00 2.973447740077972412e-01
-8.950796127319335938e+00 -4.510287284851074219e+00 2.029504776000976562e-01
-9.691029548645019531e+00 -5.330648899078369141e+00 1.177588105201721191e-01
-9.315040588378906250e+00 -5.571280002593994141e+00 1.326065976172685623e-02
-1.222531700134277344e+01 -5.538415431976318359e+00 3.955207109451293945e+00
-1.207527351379394531e+01 -6.028899192810058594e+00 3.824259042739868164e+00
-1.133330821990966797e+01 -6.195006847381591797e+00 3.523716449737548828e+00
-1.282693004608154297e+01 -5.813661575317382812e+00 3.576607465744018555e+00
-1.223464679718017578e+01 -6.103136062622070312e+00 3.325391292572021484e+00
-1.155525875091552734e+01 -6.308473587036132812e+00 3.068468093872070312e+00
-1.361218452453613281e+01 -6.172433376312255859e+00 3.209656476974487305e+00
-1.207062053680419922e+01 -6.016052246093750000e+00 2.758623838424682617e+00
-1.177559471130371094e+01 -6.418096542358398438e+00 2.611705064773559570e+00
-1.434177875518798828e+01 -6.500249862670898438e+00 2.782131195068359375e+00
-1.141195201873779297e+01 -5.165137767791748047e+00 1.283432841300964355e+00
-9.209312438964843750e+00 -4.164333343505859375e+00 6.659964323043823242e-01
-8.912459373474121094e+00 -4.426486015319824219e+00 5.615834593772888184e-01
-8.945967674255371094e+00 -4.855621814727783203e+00 4.782382249832153320e-01
-9.013538360595703125e+00 -5.320377826690673828e+00 3.929402530193328857e-01
-9.105718612670898438e+00 -4.115575313568115234e+00 2.965734601020812988e-01
-8.953226089477539062e+00 -4.442837715148925781e+00 2.023836374282836914e-01
-1.252431869506835938e+01 -6.789363861083984375e+00 1.516779512166976929e-01
-9.467054367065429688e+00 -5.583617687225341797e+00 1.342803612351417542e-02
-1.303884220123291016e+01 -5.810806274414062500e+00 4.206789016723632812e+00
-1.202655982971191406e+01 -5.912669181823730469e+00 3.797270059585571289e+00
-1.133883094787597656e+01 -6.107964515686035156e+00 3.513714790344238281e+00
-1.286058998107910156e+01 -5.734058380126953125e+00 3.576115131378173828e+00
-1.239221858978271484e+01 -6.087069034576416016e+00 3.358004808425903320e+00
-1.182188510894775391e+01 -6.360190391540527344e+00 3.128847837448120117e+00
-1.319263553619384766e+01 -5.884865283966064453e+00 3.102157115936279297e+00
-1.205013847351074219e+01 -5.913818836212158203e+00 2.745598316192626953e+00
-1.181907653808593750e+01 -6.348043918609619141e+00 2.612660646438598633e+00
-1.264015483856201172e+01 -6.197905540466308594e+00 2.345731735229492188e+00
-1.245793628692626953e+01 -6.097773075103759766e+00 1.289143085479736328e+00
-1.035403156280517578e+01 -5.542552471160888672e+00 9.799943566322326660e-01
-9.243807792663574219e+00 -4.111803054809570312e+00 6.666539311408996582e-01
-8.981607437133789062e+00 -4.392332077026367188e+00 5.642316937446594238e-01
-9.034607887268066406e+00 -4.832203388214111328e+00 4.813826978206634521e-01
-9.021830558776855469e+00 -5.250896453857421875e+00 3.918897807598114014e-01
-9.162766456604003906e+00 -4.073839187622070312e+00 2.976117730140686035e-01
-8.976724624633789062e+00 -4.386062145233154297e+00 2.023026496171951294e-01
-1.255956840515136719e+01 -6.709090232849121094e+00 1.516034305095672607e-01
-9.528799057006835938e+00 -5.541511058807373047e+00 1.346713211387395859e-02
-1.317967414855957031e+01 -5.776901245117187500e+00 4.240710258483886719e+00
-1.210504722595214844e+01 -5.859303951263427734e+00 3.810628175735473633e+00
-1.432284641265869141e+01 -6.280955314636230469e+00 3.971930027008056641e+00
-1.247919654846191406e+01 -6.035030364990234375e+00 3.371475458145141602e+00
-1.182971096038818359e+01 -6.271111965179443359e+00 3.120676279067993164e+00
-1.314881134033203125e+01 -5.768845558166503906e+00 3.083470582962036133e+00
-1.205620574951171875e+01 -5.825277805328369141e+00 2.738785028457641602e+00
-1.181616306304931641e+01 -6.253365993499755859e+00 2.603485345840454102e+00
-1.204816055297851562e+01 -6.950052261352539062e+00 2.572866678237915039e+00
-1.456836986541748047e+01 -6.388624191284179688e+00 2.810665845870971680e+00
-1.267350578308105469e+01 -6.118086338043212891e+00 2.344910144805908203e+00
-1.003702831268310547e+01 -5.293883800506591797e+00 9.468981623649597168e-01
-9.462627410888671875e+00 -5.436583042144775391e+00 8.071599006652832031e-01
-9.301773071289062500e+00 -4.069404602050781250e+00 6.690209507942199707e-01
-9.085752487182617188e+00 -4.374386310577392578e+00 5.690772533416748047e-01
-8.880278587341308594e+00 -4.679811954498291016e+00 4.716208279132843018e-01
-8.965473175048828125e+00 -5.144710540771484375e+00 3.880631923675537109e-01
-9.283752441406250000e+00 -4.059590339660644531e+00 3.007267117500305176e-01
-8.997160911560058594e+00 -4.327865600585937500e+00 2.021609395742416382e-01
-1.272349452972412109e+01 -6.696635246276855469e+00 1.530832648277282715e-01
-9.358755111694335938e+00 -5.366047859191894531e+00 1.318002492189407349e-02
-1.316378116607666016e+01 -5.673902034759521484e+00 4.224314689636230469e+00
-1.218506813049316406e+01 -5.806025028228759766e+00 3.824531555175781250e+00
-1.200708866119384766e+01 -6.279072284698486328e+00 3.696638584136962891e+00
-1.134309864044189453e+01 -6.477125167846679688e+00 3.434094667434692383e+00
-1.420981407165527344e+01 -6.127707481384277344e+00 3.930083513259887695e+00
-1.196983146667480469e+01 -6.251609325408935547e+00 3.147461175918579102e+00
-1.179943943023681641e+01 -6.724056243896484375e+00 3.035681486129760742e+00
-1.309957504272460938e+01 -5.651650428771972656e+00 3.063734531402587891e+00
-1.279951381683349609e+01 -6.087839603424072266e+00 2.899100303649902344e+00
-1.197964191436767578e+01 -6.246092796325683594e+00 2.631011247634887695e+00
-1.204100227355957031e+01 -6.847801208496093750e+00 2.562316894531250000e+00
-1.453857231140136719e+01 -6.269478321075439453e+00 2.797442436218261719e+00
-1.275357055664062500e+01 -6.060529708862304688e+00 2.352799177169799805e+00
-9.123542785644531250e+00 -5.167568206787109375e+00 7.755166888236999512e-01
-9.362316131591796875e+00 -4.027632236480712891e+00 6.715853214263916016e-01
-9.071822166442871094e+00 -4.299314022064208984e+00 5.665417313575744629e-01
-9.032940864562988281e+00 -4.689672470092773438e+00 4.781912863254547119e-01
-8.934247970581054688e+00 -5.054175853729248047e+00 3.853620290756225586e-01
-9.332362174987792969e+00 -4.012815952301025391e+00 3.014980554580688477e-01
-9.036197662353515625e+00 -4.278568744659423828e+00 2.024443596601486206e-01
-9.272991180419921875e+00 -4.808137893676757812e+00 1.112113296985626221e-01
-9.644835472106933594e+00 -5.451716899871826172e+00 1.353554893285036087e-02
-1.307116985321044922e+01 -5.539129734039306641e+00 4.183609485626220703e+00
-1.213509750366210938e+01 -5.691114902496337891e+00 3.797815084457397461e+00
-1.205739688873291016e+01 -6.211465358734130859e+00 3.700323343276977539e+00
-1.134301757812500000e+01 -6.385105609893798828e+00 3.422144412994384766e+00
-1.247941398620605469e+01 -5.290932655334472656e+00 3.442453861236572266e+00
-1.483911514282226562e+01 -6.952926158905029297e+00 3.985695838928222656e+00
-1.214825630187988281e+01 -6.250225543975830078e+00 3.184233903884887695e+00
-1.185068607330322266e+01 -6.657265663146972656e+00 3.038299083709716797e+00
-1.276767253875732422e+01 -5.415775299072265625e+00 2.978280782699584961e+00
-1.312411308288574219e+01 -6.143768787384033203e+00 2.964027643203735352e+00
-1.188677215576171875e+01 -6.105201721191406250e+00 2.602338552474975586e+00
-1.275988388061523438e+01 -5.409843921661376953e+00 2.448762416839599609e+00
-1.285842323303222656e+01 -6.013921260833740234e+00 2.365290641784667969e+00
-1.138253593444824219e+01 -5.313962459564208984e+00 1.167539834976196289e+00
-9.631969451904296875e+00 -4.930121421813964844e+00 9.029086828231811523e-01
-9.262180328369140625e+00 -5.171287536621093750e+00 7.845891714096069336e-01
-9.441075325012207031e+00 -3.993042945861816406e+00 6.754646301269531250e-01
-9.137845039367675781e+00 -4.262139320373535156e+00 5.690209269523620605e-01
-8.922809600830078125e+00 -4.563207626342773438e+00 4.708698987960815430e-01
-8.924072265625000000e+00 -4.976386547088623047e+00 3.835988044738769531e-01
-9.364173889160156250e+00 -3.958591699600219727e+00 3.017353713512420654e-01
-9.083124160766601562e+00 -4.232756137847900391e+00 2.029100060462951660e-01
-9.084142684936523438e+00 -4.639716148376464844e+00 1.086029857397079468e-01
-9.672863960266113281e+00 -5.389514923095703125e+00 1.352821942418813705e-02
-1.308454513549804688e+01 -5.450338840484619141e+00 4.177107810974121094e+00
-1.213135242462158203e+01 -5.598808765411376953e+00 3.785820245742797852e+00
-1.208495903015136719e+01 -6.132126808166503906e+00 3.697165012359619141e+00
-1.137690830230712891e+01 -6.312571048736572266e+00 3.420618772506713867e+00
-1.247675323486328125e+01 -5.199719905853271484e+00 3.432854175567626953e+00
-1.481443595886230469e+01 -6.830822467803955078e+00 3.967734813690185547e+00
-1.214294242858886719e+01 -6.153555870056152344e+00 3.172884225845336914e+00
-1.279344367980957031e+01 -5.334322452545166016e+00 2.976601123809814453e+00
-1.245592403411865234e+01 -5.738059043884277344e+00 2.805115461349487305e+00
-1.192926502227783203e+01 -6.034809589385986328e+00 2.603485345840454102e+00
-1.218093299865722656e+01 -6.730912208557128906e+00 2.574321746826171875e+00
-1.467531394958496094e+01 -6.115975856781005859e+00 2.809099674224853516e+00
-1.219874572753906250e+01 -5.076364517211914062e+00 1.353760719299316406e+00
-1.146378707885742188e+01 -5.266466617584228516e+00 1.172537326812744141e+00
-9.144330978393554688e+00 -5.032140254974365234e+00 7.719761729240417480e-01
-9.554772377014160156e+00 -3.972194194793701172e+00 6.818425059318542480e-01
-9.222805023193359375e+00 -4.233060836791992188e+00 5.726832747459411621e-01
-9.052341461181640625e+00 -4.559598445892333984e+00 4.762201309204101562e-01
-8.936048507690429688e+00 -4.911427974700927734e+00 3.828109800815582275e-01
-9.417824745178222656e+00 -3.913333177566528320e+00 3.026846945285797119e-01
-9.128917694091796875e+00 -4.186111450195312500e+00 2.033553570508956909e-01
-1.000990486145019531e+01 -5.497092247009277344e+00 1.395215839147567749e-02
-1.309909915924072266e+01 -5.362319469451904297e+00 4.171171665191650391e+00
-1.213043594360351562e+01 -5.508354663848876953e+00 3.774915456771850586e+00
-1.138403129577636719e+01 -6.225475311279296875e+00 3.411210775375366211e+00
-1.237478256225585938e+01 -5.068330764770507812e+00 3.396177291870117188e+00
-1.473661327362060547e+01 -6.685599327087402344e+00 3.935830354690551758e+00
-1.401477432250976562e+01 -6.994381904602050781e+00 3.650700807571411133e+00
-1.156484031677246094e+01 -6.311248302459716797e+00 2.944933891296386719e+00
-1.272551250457763672e+01 -5.214572906494140625e+00 2.953295707702636719e+00
-1.252391338348388672e+01 -5.676487445831298828e+00 2.812530040740966797e+00
-1.198276233673095703e+01 -5.969815731048583984e+00 2.607117414474487305e+00
-1.211233139038085938e+01 -6.596317768096923828e+00 2.551221370697021484e+00
-1.292281723022460938e+01 -5.292788982391357422e+00 2.467379570007324219e+00
-1.234425544738769531e+01 -6.147222995758056641e+00 2.164416074752807617e+00
-1.220480346679687500e+01 -4.991251945495605469e+00 1.351008772850036621e+00
-9.566781997680664062e+00 -4.749512195587158203e+00 8.912667632102966309e-01
-9.144352912902832031e+00 -4.959296703338623047e+00 7.693945765495300293e-01
-9.623303413391113281e+00 -3.931606531143188477e+00 6.849985718727111816e-01
-9.150332450866699219e+00 -4.132013797760009766e+00 5.665981173515319824e-01
-8.947709083557128906e+00 -4.438275814056396484e+00 4.692741930484771729e-01
-8.936140060424804688e+00 -4.840322971343994141e+00 3.815354108810424805e-01
-9.660974502563476562e+00 -3.945029497146606445e+00 3.097155988216400146e-01
-9.162634849548339844e+00 -4.133719444274902344e+00 2.035375833511352539e-01
-9.139499664306640625e+00 -4.527446746826171875e+00 1.085923463106155396e-01
-9.766415596008300781e+00 -5.285638809204101562e+00 1.356731448322534561e-02
-1.312107658386230469e+01 -5.277548789978027344e+00 4.167779445648193359e+00
-1.211041927337646484e+01 -5.409882068634033203e+00 3.758285760879516602e+00
-1.136923122406005859e+01 -6.127060413360595703e+00 3.395446777343750000e+00
-1.246139526367187500e+01 -5.014739036560058594e+00 3.411438465118408203e+00
-1.402402591705322266e+01 -6.258843421936035156e+00 3.735186338424682617e+00
-1.406966400146484375e+01 -6.914270401000976562e+00 3.653878688812255859e+00
-1.143746185302734375e+01 -6.150957584381103516e+00 2.902832031250000000e+00
-1.268561840057373047e+01 -5.107544422149658203e+00 2.936708688735961914e+00
-1.445548248291015625e+01 -6.445350170135498047e+00 3.237365245819091797e+00
-1.189843750000000000e+01 -5.836953163146972656e+00 2.580929517745971680e+00
-1.215171051025390625e+01 -6.521408557891845703e+00 2.551039457321166992e+00
-1.297788810729980469e+01 -5.222587108612060547e+00 2.471729516983032227e+00
-1.239061260223388672e+01 -6.075714111328125000e+00 2.165966749191284180e+00
-1.212904644012451172e+01 -4.873617172241210938e+00 1.339287400245666504e+00
-9.793603897094726562e+00 -4.787442207336425781e+00 9.096442461013793945e-01
-9.131511688232421875e+00 -4.880062580108642578e+00 7.657803297042846680e-01
-9.718550682067871094e+00 -3.901107072830200195e+00 6.900614500045776367e-01
-9.222960472106933594e+00 -4.096867084503173828e+00 5.695280432701110840e-01
-8.977466583251953125e+00 -4.384605407714843750e+00 4.694150090217590332e-01
-8.945395469665527344e+00 -4.774578571319580078e+00 3.806725740432739258e-01
-9.749009132385253906e+00 -3.911358118057250977e+00 3.117625713348388672e-01
-9.249053001403808594e+00 -4.104592323303222656e+00 2.048939466476440430e-01
-9.270462036132812500e+00 -4.521694183349609375e+00 1.098166629672050476e-01
-9.441306114196777344e+00 -5.035035610198974609e+00 1.307251397520303726e-02
-1.218214416503906250e+01 -5.352501392364501953e+00 3.770281076431274414e+00
-1.252917671203613281e+01 -6.070166587829589844e+00 3.798233509063720703e+00
-1.138952827453613281e+01 -6.048112869262695312e+00 3.390361309051513672e+00
-1.248111438751220703e+01 -4.933907508850097656e+00 3.408484935760498047e+00
-1.442962360382080078e+01 -6.333973884582519531e+00 3.832790613174438477e+00
-1.421001338958740234e+01 -6.875318050384521484e+00 3.679301977157592773e+00
-1.147585105895996094e+01 -6.081120014190673828e+00 2.903050422668457031e+00
-1.270035362243652344e+01 -5.023138046264648438e+00 2.932929515838623047e+00
-1.465536308288574219e+01 -6.426963806152343750e+00 3.273235797882080078e+00
-1.196496391296386719e+01 -5.778776645660400391e+00 2.587619781494140625e+00
-1.217498016357421875e+01 -6.437990665435791016e+00 2.547583580017089844e+00
-1.345384693145751953e+01 -5.318438053131103516e+00 2.556115627288818359e+00
-1.251484489440917969e+01 -6.041662216186523438e+00 2.181162118911743164e+00
-1.214761829376220703e+01 -4.794720172882080078e+00 1.338064312934875488e+00
-9.764427185058593750e+00 -4.699170112609863281e+00 9.042391180992126465e-01
-9.149811744689941406e+00 -4.817900180816650391e+00 7.648214101791381836e-01
-9.952095031738281250e+00 -3.924122810363769531e+00 7.049212455749511719e-01
-9.279030799865722656e+00 -4.053788661956787109e+00 5.714436769485473633e-01
-9.015903472900390625e+00 -4.335064888000488281e+00 4.700250923633575439e-01
-8.939146041870117188e+00 -4.700995445251464844e+00 3.791719377040863037e-01
-1.003042030334472656e+01 -3.952983617782592773e+00 3.199801146984100342e-01
-9.290558815002441406e+00 -4.054963111877441406e+00 2.052583545446395874e-01
-9.078989028930664062e+00 -4.359546661376953125e+00 1.072296127676963806e-01
-1.047056865692138672e+01 -5.501688957214355469e+00 1.445062551647424698e-02
-1.235783672332763672e+01 -5.339472770690917969e+00 3.814444780349731445e+00
-1.266023063659667969e+01 -6.038027286529541016e+00 3.826659202575683594e+00
-1.142385292053222656e+01 -5.976768970489501953e+00 3.389598369598388672e+00
-1.248856544494628906e+01 -4.848462104797363281e+00 3.402330875396728516e+00
-1.440487766265869141e+01 -6.217975616455078125e+00 3.816011428833007812e+00
-1.403563308715820312e+01 -6.684977054595947266e+00 3.623461723327636719e+00
-1.269539260864257812e+01 -4.931309223175048828e+00 2.924741029739379883e+00
-1.473950290679931641e+01 -6.356316566467285156e+00 3.283255338668823242e+00
-1.193105125427246094e+01 -5.672378540039062500e+00 2.572710037231445312e+00
-1.218373107910156250e+01 -6.347264289855957031e+00 2.541217327117919922e+00
-1.333843040466308594e+01 -5.178407192230224609e+00 2.528102874755859375e+00
-1.471457958221435547e+01 -6.339478015899658203e+00 2.669683456420898438e+00
-1.256774234771728516e+01 -5.972391605377197266e+00 2.183953285217285156e+00
-1.054804134368896484e+01 -4.088734626770019531e+00 1.159085035324096680e+00
-9.574232101440429688e+00 -4.535497665405273438e+00 8.840321898460388184e-01
-9.145562171936035156e+00 -4.744216918945312500e+00 7.620185017585754395e-01
-1.009788227081298828e+01 -3.910185575485229492e+00 7.135346531867980957e-01
-9.332167625427246094e+00 -4.008993625640869141e+00 5.731903910636901855e-01
-9.044138908386230469e+00 -4.280517578125000000e+00 4.701189696788787842e-01
-8.958062171936035156e+00 -4.641001224517822266e+00 3.787592649459838867e-01
-1.018778896331787109e+01 -3.942955493927001953e+00 3.242224156856536865e-01
-9.344664573669433594e+00 -4.010498523712158203e+00 2.059061676263809204e-01
-1.388798046112060547e+01 -6.564169406890869141e+00 1.635485738515853882e-01
-1.001391315460205078e+01 -5.183584690093994141e+00 1.377623062580823898e-02
-1.249485874176025391e+01 -5.307935714721679688e+00 3.846613407135009766e+00
-1.259224414825439453e+01 -5.911037921905517578e+00 3.795075178146362305e+00
-1.145601272583007812e+01 -5.904345512390136719e+00 3.388327121734619141e+00
-1.398072528839111328e+01 -5.329286098480224609e+00 3.799868345260620117e+00
-1.453130912780761719e+01 -6.167052268981933594e+00 3.839407682418823242e+00
-1.464603900909423828e+01 -6.865771770477294922e+00 3.770098447799682617e+00
-1.278205013275146484e+01 -4.874920368194580078e+00 2.937758445739746094e+00
-1.257015228271484375e+01 -5.329565048217773438e+00 2.792690992355346680e+00
-1.384595775604248047e+01 -6.478922843933105469e+00 2.976995706558227539e+00
-1.343344402313232422e+01 -5.120668888092041016e+00 2.540108442306518555e+00
-1.485492992401123047e+01 -6.292161464691162109e+00 2.688091754913330078e+00
-1.264442062377929688e+01 -5.913999080657958984e+00 2.190930604934692383e+00
-1.048088741302490234e+01 -3.988905191421508789e+00 1.148994445800781250e+00
-1.215187072753906250e+01 -5.137213230133056641e+00 1.226212978363037109e+00
-9.634396553039550781e+00 -4.491825103759765625e+00 8.870258331298828125e-01
-9.115887641906738281e+00 -4.658061981201171875e+00 7.571503520011901855e-01
-1.020376300811767578e+01 -3.879357814788818359e+00 7.193208336830139160e-01
-9.408096313476562500e+00 -3.973409891128540039e+00 5.763456225395202637e-01
-9.091965675354003906e+00 -4.235065937042236328e+00 4.712453484535217285e-01
-8.974798202514648438e+00 -4.580042839050292969e+00 3.782715499401092529e-01
-1.030429363250732422e+01 -3.915520191192626953e+00 3.271593749523162842e-01
-9.379228591918945312e+00 -3.957360744476318359e+00 2.061288505792617798e-01
-9.277775764465332031e+00 -4.315706253051757812e+00 1.089436709880828857e-01
-1.011947250366210938e+01 -5.159744739532470703e+00 1.387763302773237228e-02
-1.315222072601318359e+01 -5.492171287536621094e+00 4.038535118103027344e+00
-1.255908775329589844e+01 -5.801700592041015625e+00 3.774282455444335938e+00
-1.360920715332031250e+01 -5.092250823974609375e+00 3.690330266952514648e+00
-1.259150505065917969e+01 -5.252863407135009766e+00 3.318301439285278320e+00
-1.423069000244140625e+01 -6.564861774444580078e+00 3.652743816375732422e+00
-1.284210491180419922e+01 -6.505222797393798828e+00 3.217831134796142578e+00
-1.284651660919189453e+01 -4.809425830841064453e+00 2.945736885070800781e+00
-1.458036804199218750e+01 -6.076593399047851562e+00 3.230952739715576172e+00
-1.387207794189453125e+01 -6.387685775756835938e+00 2.974128484725952148e+00
-1.222384643554687500e+01 -6.178642749786376953e+00 2.533577919006347656e+00
-1.373115444183349609e+01 -5.137880802154541016e+00 2.590391874313354492e+00
-1.489507865905761719e+01 -6.201652526855468750e+00 2.688420295715332031e+00
-1.240383911132812500e+01 -5.154253005981445312e+00 1.248423695564270020e+00
-9.717933654785156250e+00 -4.458388805389404297e+00 8.921814560890197754e-01
-9.149642944335937500e+00 -4.604730129241943359e+00 7.575929164886474609e-01
-1.045267581939697266e+01 -3.900754213333129883e+00 7.351669669151306152e-01
-9.523589134216308594e+00 -3.953504800796508789e+00 5.819237232208251953e-01
-9.116872787475585938e+00 -4.178782939910888672e+00 4.711984395980834961e-01
-8.972375869750976562e+00 -4.509630680084228516e+00 3.769960403442382812e-01
-1.047047805786132812e+01 -3.905315876007080078e+00 3.316686153411865234e-01
-9.410722732543945312e+00 -3.902800559997558594e+00 2.062908113002777100e-01
-9.354087829589843750e+00 -4.281586647033691406e+00 1.095292121171951294e-01
-9.797951698303222656e+00 -4.920292377471923828e+00 1.339505054056644440e-02
-1.316164016723632812e+01 -5.401504516601562500e+00 4.031174659729003906e+00
-1.357832813262939453e+01 -4.985932350158691406e+00 3.673591852188110352e+00
-1.251831054687500000e+01 -5.132378578186035156e+00 3.290650844573974609e+00
-1.433721446990966797e+01 -6.507609367370605469e+00 3.669767856597900391e+00
-1.291616439819335938e+01 -4.745345592498779297e+00 2.954975128173828125e+00
-1.289027309417724609e+01 -5.279624462127685547e+00 2.849201917648315430e+00
-1.394409179687500000e+01 -6.317435741424560547e+00 2.981200933456420898e+00
-1.227913284301757812e+01 -6.112286090850830078e+00 2.537215709686279297e+00
-1.396763801574707031e+01 -5.128886222839355469e+00 2.629018068313598633e+00
-1.459871768951416016e+01 -5.973422527313232422e+00 2.628265142440795898e+00
-1.247671318054199219e+01 -5.094986915588378906e+00 1.252588152885437012e+00
-9.694242477416992188e+00 -4.375717639923095703e+00 8.875247836112976074e-01
-9.183979988098144531e+00 -4.551602363586425781e+00 7.581092715263366699e-01
-1.060759067535400391e+01 -3.884582281112670898e+00 7.443721294403076172e-01
-9.604060173034667969e+00 -3.917999982833862305e+00 5.853607654571533203e-01
-9.143251419067382812e+00 -4.123174190521240234e+00 4.712453484535217285e-01
-8.993607521057128906e+00 -4.451389312744140625e+00 3.767334222793579102e-01
-1.061627006530761719e+01 -3.885659694671630859e+00 3.355252444744110107e-01
-9.928901672363281250e+00 -4.046477794647216797e+00 2.171013504266738892e-01
-9.273508071899414062e+00 -4.176072120666503906e+00 1.082835942506790161e-01
-1.017396163940429688e+01 -5.031185150146484375e+00 1.386663783341646194e-02
-1.326221466064453125e+01 -4.775099754333496094e+00 4.153928279876708984e+00
-1.302565670013427734e+01 -5.824355602264404297e+00 3.892722368240356445e+00
-1.357310295104980469e+01 -4.889712333679199219e+00 3.663992166519165039e+00
-1.255857944488525391e+01 -5.059102058410644531e+00 3.293014287948608398e+00
-1.424170589447021484e+01 -6.359160423278808594e+00 3.635265588760375977e+00
-1.288417720794677734e+01 -6.329068660736083984e+00 3.208668947219848633e+00
-1.312807559967041016e+01 -4.731979846954345703e+00 2.996757268905639648e+00
-1.466383647918701172e+01 -5.901235580444335938e+00 3.233156919479370117e+00
-1.404355716705322266e+01 -6.258928298950195312e+00 2.994199275970458984e+00
-1.234466171264648438e+01 -6.050676822662353516e+00 2.543036222457885742e+00
-1.477429389953613281e+01 -5.322441577911376953e+00 2.774649381637573242e+00
-1.468360042572021484e+01 -5.903234958648681641e+00 2.636976003646850586e+00
-9.742767333984375000e+00 -4.325858592987060547e+00 8.895205259323120117e-01
-9.205461502075195312e+00 -4.492103576660156250e+00 7.575929164886474609e-01
-1.074579334259033203e+01 -3.860582351684570312e+00 7.523938417434692383e-01
-9.886480331420898438e+00 -3.962631225585937500e+00 6.010807752609252930e-01
-9.192119598388671875e+00 -4.077526092529296875e+00 4.724655747413635254e-01
-9.026141166687011719e+00 -4.398748397827148438e+00 3.769584894180297852e-01
-1.081489181518554688e+01 -3.883275747299194336e+00 3.410431444644927979e-01
-9.897852897644042969e+00 -3.963180303573608398e+00 2.158866822719573975e-01
-9.336441993713378906e+00 -4.135696887969970703e+00 1.087201014161109924e-01
-1.045009136199951172e+01 -5.088174819946289062e+00 1.420016959309577942e-02
-1.326684379577636719e+01 -4.685010433197021484e+00 4.146296024322509766e+00
-1.305673313140869141e+01 -5.742380142211914062e+00 3.891406297683715820e+00
-1.349135875701904297e+01 -4.766943454742431641e+00 3.633961200714111328e+00
-1.254782390594482422e+01 -4.965501785278320312e+00 3.282142877578735352e+00
-1.423141384124755859e+01 -6.250116348266601562e+00 3.622781038284301758e+00
-1.294121932983398438e+01 -6.258816719055175781e+00 3.213250160217285156e+00
-1.325273036956787109e+01 -4.685230255126953125e+00 3.018593072891235352e+00
-1.270444869995117188e+01 -5.022354125976562500e+00 2.794293880462646484e+00
-1.466783428192138672e+01 -6.429571151733398438e+00 3.118830204010009766e+00
-1.418020629882812500e+01 -6.842770576477050781e+00 2.912459611892700195e+00
-1.483545684814453125e+01 -5.241858005523681641e+00 2.780043125152587891e+00
-1.353878974914550781e+01 -5.346724033355712891e+00 2.425446033477783203e+00
-1.140024566650390625e+01 -4.021370887756347656e+00 1.238586068153381348e+00
-1.032429409027099609e+01 -4.068929195404052734e+00 1.031407117843627930e+00
-9.788305282592773438e+00 -4.274371147155761719e+00 8.912667632102966309e-01
-9.191499710083007812e+00 -4.415669918060302734e+00 7.541999220848083496e-01
-1.098385524749755859e+01 -3.870180845260620117e+00 7.673851251602172852e-01
-9.918040275573730469e+00 -3.904820442199707031e+00 6.015315651893615723e-01
-9.281970024108886719e+00 -4.049407005310058594e+00 4.757977724075317383e-01
-9.044853210449218750e+00 -4.339391708374023438e+00 3.766208589076995850e-01
-1.100539207458496094e+01 -3.875610351562500000e+00 3.462940752506256104e-01
-9.949896812438964844e+00 -3.913351774215698242e+00 2.164940088987350464e-01
-9.388227462768554688e+00 -4.089912891387939453e+00 1.090288385748863220e-01
-1.048111534118652344e+01 -5.023958206176757812e+00 1.420016959309577942e-02
-1.330168628692626953e+01 -4.605715751647949219e+00 4.148274898529052734e+00
-1.333773994445800781e+01 -5.189024925231933594e+00 4.055164813995361328e+00
-1.301379966735839844e+01 -5.628456115722656250e+00 3.868244647979736328e+00
-1.261021232604980469e+01 -6.017042636871337891e+00 3.673357486724853516e+00
-1.384089374542236328e+01 -4.795122146606445312e+00 3.720114946365356445e+00
-1.259164142608642578e+01 -4.893696308135986328e+00 3.285687923431396484e+00
-1.269234085083007812e+01 -5.481538772583007812e+00 3.222368478775024414e+00
-1.303136730194091797e+01 -6.204043388366699219e+00 3.226120471954345703e+00
-1.404704475402832031e+01 -4.869288444519042969e+00 3.192649602890014648e+00
-1.296335124969482422e+01 -5.032952308654785156e+00 2.844392538070678711e+00
-1.277083301544189453e+01 -5.504862308502197266e+00 2.708236455917358398e+00
-1.418462085723876953e+01 -6.737913608551025391e+00 2.904820203781127930e+00
-1.489525699615478516e+01 -5.160401821136474609e+00 2.785263061523437500e+00
-1.377918338775634766e+01 -5.344161033630371094e+00 2.462591171264648438e+00
-1.491671848297119141e+01 -5.164921283721923828e+00 2.198856830596923828e+00
-1.090740489959716797e+01 -5.164861679077148438e+00 1.334500432014465332e+00
-1.038713836669921875e+01 -4.020239353179931641e+00 1.035201430320739746e+00
-9.809769630432128906e+00 -4.212265014648437500e+00 8.908510208129882812e-01
-9.201291084289550781e+00 -4.351088523864746094e+00 7.527984380722045898e-01
-1.113660526275634766e+01 -3.847350597381591797e+00 7.763930559158325195e-01
-1.008429145812988281e+01 -3.898978710174560547e+00 6.101522445678710938e-01
-9.330510139465332031e+00 -4.002616405487060547e+00 4.770179986953735352e-01
-9.065887451171875000e+00 -4.281251907348632812e+00 3.763957917690277100e-01
-1.116502094268798828e+01 -3.854985952377319336e+00 3.505660295486450195e-01
-1.018729782104492188e+01 -3.934717893600463867e+00 2.211299836635589600e-01
-9.411307334899902344e+00 -4.031443595886230469e+00 1.090075448155403137e-01
-1.015360546112060547e+01 -4.790578842163085938e+00 1.371636521071195602e-02
-1.371573448181152344e+01 -4.655030250549316406e+00 4.268412113189697266e+00
-1.343943309783935547e+01 -5.133868217468261719e+00 4.076428890228271484e+00
-1.311023712158203125e+01 -5.574926376342773438e+00 3.886668682098388672e+00
-1.263639068603515625e+01 -5.934620857238769531e+00 3.670306205749511719e+00
-1.363052082061767578e+01 -4.628762245178222656e+00 3.655868768692016602e+00
-1.268270683288574219e+01 -5.385285854339599609e+00 3.211472749710083008e+00
-1.294812107086181641e+01 -6.067237377166748047e+00 3.196234941482543945e+00
-1.400445079803466797e+01 -4.758471012115478516e+00 3.176272869110107422e+00
-1.281089782714843750e+01 -4.883521556854248047e+00 2.804313659667968750e+00
-1.257843208312988281e+01 -5.330646991729736328e+00 2.660448551177978516e+00
-1.388809299468994141e+01 -6.492915630340576172e+00 2.835882902145385742e+00
-1.490612602233886719e+01 -5.061942577362060547e+00 2.781435251235961914e+00
-1.352779388427734375e+01 -5.151394844055175781e+00 2.411968708038330078e+00
-1.091997146606445312e+01 -5.089021205902099609e+00 1.332192301750183105e+00
-1.183594989776611328e+01 -4.012436866760253906e+00 1.280477046966552734e+00
-9.745459556579589844e+00 -4.114012718200683594e+00 8.827017545700073242e-01
-9.238666534423828125e+00 -4.299597740173339844e+00 7.536835670471191406e-01
-1.129232025146484375e+01 -3.823749780654907227e+00 7.855983376502990723e-01
-1.029657649993896484e+01 -3.908603429794311523e+00 6.215337514877319336e-01
-9.392630577087402344e+00 -3.961205005645751953e+00 4.789422452449798584e-01
-9.015864372253417969e+00 -4.190165996551513672e+00 3.732444345951080322e-01
-1.134752845764160156e+01 -3.840236663818359375e+00 3.555499613285064697e-01
-1.037858486175537109e+01 -3.935590028762817383e+00 2.247537374496459961e-01
-9.426651000976562500e+00 -3.969740152359008789e+00 1.089010760188102722e-01
-1.053381443023681641e+01 -4.891170501708984375e+00 1.418917439877986908e-02
-1.374767971038818359e+01 -4.571995258331298828e+00 4.269543170928955078e+00
-1.335086536407470703e+01 -5.006379604339599609e+00 4.040170669555664062e+00
-1.317357158660888672e+01 -5.506656646728515625e+00 3.895354270935058594e+00
-1.271909618377685547e+01 -5.878478527069091797e+00 3.683782339096069336e+00
-1.378097915649414062e+01 -4.585741043090820312e+00 3.688607215881347656e+00
-1.400199031829833984e+01 -5.244967937469482422e+00 3.636637210845947266e+00
-1.267776489257812500e+01 -5.291609287261962891e+00 3.201939105987548828e+00
-1.363825988769531250e+01 -6.288857460021972656e+00 3.357006549835205078e+00
-1.412800407409667969e+01 -4.703955650329589844e+00 3.197688817977905273e+00
-1.272684097290039062e+01 -4.762248039245605469e+00 2.779464960098266602e+00
-1.257737827301025391e+01 -5.239401340484619141e+00 2.653375864028930664e+00
-1.387943172454833984e+01 -6.385384559631347656e+00 2.826060771942138672e+00
-1.343163967132568359e+01 -5.020631790161132812e+00 2.389286994934082031e+00
-1.093834304809570312e+01 -5.016121387481689453e+00 1.330653667449951172e+00
-9.882813453674316406e+00 -4.100732803344726562e+00 8.928467631340026855e-01
-9.231325149536132812e+00 -4.227466106414794922e+00 7.509544491767883301e-01
-1.151161289215087891e+01 -3.819434404373168945e+00 7.992088198661804199e-01
-1.048034954071044922e+01 -3.904961347579956055e+00 6.311686635017395020e-01
-9.538563728332519531e+00 -3.953989267349243164e+00 4.851372838020324707e-01
-9.035952568054199219e+00 -4.132273674011230469e+00 3.730193674564361572e-01
-1.153026962280273438e+01 -3.823390960693359375e+00 3.605338931083679199e-01
-1.045782089233398438e+01 -3.892410516738891602e+00 2.259481549263000488e-01
-9.609745979309082031e+00 -3.977601528167724609e+00 1.107322424650192261e-01
-1.012522125244140625e+01 -4.626139163970947266e+00 1.360030099749565125e-02
-1.378915500640869141e+01 -4.492011547088623047e+00 4.273783206939697266e+00
-1.337772083282470703e+01 -4.923037052154541016e+00 4.039080619812011719e+00
-1.308485603332519531e+01 -5.375496864318847656e+00 3.859296083450317383e+00
-1.251634407043457031e+01 -5.691829204559326172e+00 3.614876747131347656e+00
-1.362077140808105469e+01 -5.007082462310791016e+00 3.529579877853393555e+00
-1.263430690765380859e+01 -5.182672977447509766e+00 3.182871818542480469e+00
-1.430160617828369141e+01 -4.664472579956054688e+00 3.230442523956298828e+00
-1.305287551879882812e+01 -4.793148994445800781e+00 2.844192266464233398e+00
-1.282911968231201172e+01 -5.252125740051269531e+00 2.699634790420532227e+00
-1.399987125396728516e+01 -6.337001800537109375e+00 2.842612981796264648e+00
-1.345663738250732422e+01 -4.936084270477294922e+00 2.388300895690917969e+00
-1.457795619964599609e+01 -5.965113162994384766e+00 2.472200870513916016e+00
-1.076687812805175781e+01 -4.857756137847900391e+00 1.306144237518310547e+00
-9.942853927612304688e+00 -4.054314136505126953e+00 8.960067033767700195e-01
-9.252544403076171875e+00 -4.168695926666259766e+00 7.505856752395629883e-01
-1.170849418640136719e+01 -3.805167675018310547e+00 8.112413287162780762e-01
-1.061382293701171875e+01 -3.880694627761840820e+00 6.377609372138977051e-01
-9.643128395080566406e+00 -3.928172349929809570e+00 4.892203509807586670e-01
-9.119461059570312500e+00 -4.102993011474609375e+00 3.754203915596008301e-01
-1.172178173065185547e+01 -3.807224273681640625e+00 3.657848238945007324e-01
-1.074446105957031250e+01 -3.924208164215087891e+00 2.316166162490844727e-01
-9.751606941223144531e+00 -3.966409683227539062e+00 1.120843291282653809e-01
-1.061402130126953125e+01 -4.770965576171875000e+00 1.421727426350116730e-02
-1.392886066436767578e+01 -4.443173885345458984e+00 4.308552265167236328e+00
-1.335518932342529297e+01 -4.821909427642822266e+00 4.023268699645996094e+00
-1.312475013732910156e+01 -5.297997474670410156e+00 3.861401319503784180e+00
-1.256162643432617188e+01 -5.619662761688232422e+00 3.617928028106689453e+00
-1.359365367889404297e+01 -4.902644634246826172e+00 3.514691114425659180e+00
-1.258999443054199219e+01 -5.074470520019531250e+00 3.163804531097412109e+00
-1.330178928375244141e+01 -5.936861515045166016e+00 3.256006240844726562e+00
-1.444172191619873047e+01 -4.612326145172119141e+00 3.255637645721435547e+00
-1.366641330718994141e+01 -4.923495769500732422e+00 2.971241950988769531e+00
-1.328910923004150391e+01 -5.345471382141113281e+00 2.789475917816162109e+00
-1.408789539337158203e+01 -6.272979736328125000e+00 2.852617025375366211e+00
-1.350987434387207031e+01 -4.861773014068603516e+00 2.392409801483154297e+00
-1.461611652374267578e+01 -5.876289367675781250e+00 2.472511053085327148e+00
-1.082191944122314453e+01 -4.802889823913574219e+00 1.309221625328063965e+00
-1.114334392547607422e+01 -4.001349449157714844e+00 1.100445151329040527e+00
-1.006190013885498047e+01 -4.031031131744384766e+00 9.044886231422424316e-01
-9.370035171508789062e+00 -4.152656078338623047e+00 7.580354809761047363e-01
-1.190467739105224609e+01 -3.788323879241943359e+00 8.232080936431884766e-01
-1.076148605346679688e+01 -3.859992027282714844e+00 6.451983451843261719e-01
-9.788536071777343750e+00 -3.917550563812255859e+00 4.953684508800506592e-01
-9.184672355651855469e+00 -4.064754009246826172e+00 3.770710527896881104e-01
-1.197639083862304688e+01 -3.808842897415161133e+00 3.729937076568603516e-01
-1.091139984130859375e+01 -3.909465551376342773e+00 2.346937507390975952e-01
-9.791544914245605469e+00 -3.912807941436767578e+00 1.122653111815452576e-01
-1.087174415588378906e+01 -4.806844234466552734e+00 1.452270802110433578e-02
-1.396410179138183594e+01 -4.360197544097900391e+00 4.311096191406250000e+00
-1.337364101409912109e+01 -4.736018657684326172e+00 4.019997119903564453e+00
-1.267996692657470703e+01 -5.579484462738037109e+00 3.642082929611206055e+00
-1.362347984313964844e+01 -4.819143295288085938e+00 3.514691114425659180e+00
-1.258286285400390625e+01 -4.982066631317138672e+00 3.154270887374877930e+00
-1.303771495819091797e+01 -5.723326683044433594e+00 3.182710170745849609e+00
-1.420073127746582031e+01 -5.017762660980224609e+00 3.080657243728637695e+00
-1.331618118286132812e+01 -5.261666297912597656e+00 2.788329124450683594e+00
-1.428735065460205078e+01 -6.257029533386230469e+00 2.885175704956054688e+00
-1.461564922332763672e+01 -5.158633708953857422e+00 2.582573175430297852e+00
-1.087395954132080078e+01 -4.746337890625000000e+00 1.311969280242919922e+00
-1.022832393646240234e+01 -4.025049209594726562e+00 9.172115325927734375e-01
-9.424593925476074219e+00 -4.107835292816162109e+00 7.603957653045654297e-01
-1.206774425506591797e+01 -3.758828163146972656e+00 8.328735828399658203e-01
-1.092530155181884766e+01 -3.843254089355468750e+00 6.535936594009399414e-01
-1.006339359283447266e+01 -3.956089496612548828e+00 5.080401301383972168e-01
-9.268081665039062500e+00 -4.033844470977783203e+00 3.794720768928527832e-01
-1.208161354064941406e+01 -3.760834932327270508e+00 3.755449950695037842e-01
-1.099555110931396484e+01 -3.863653421401977539e+00 2.359894067049026489e-01
-1.114221954345703125e+01 -4.844919204711914062e+00 1.484402269124984741e-02
-1.400802230834960938e+01 -4.279758453369140625e+00 4.316467285156250000e+00
-1.337790966033935547e+01 -4.645349502563476562e+00 4.012636661529541016e+00
-1.256484794616699219e+01 -5.437051296234130859e+00 3.599366664886474609e+00
-1.328558540344238281e+01 -4.608094692230224609e+00 3.420159578323364258e+00
-1.264042568206787109e+01 -4.915354251861572266e+00 3.161080598831176758e+00
-1.293460369110107422e+01 -5.583655357360839844e+00 3.149116039276123047e+00
-1.437566566467285156e+01 -4.980566978454589844e+00 3.111918449401855469e+00
-1.287594890594482422e+01 -5.545009613037109375e+00 2.593238592147827148e+00
-1.058776569366455078e+01 -4.544281005859375000e+00 1.274051189422607422e+00
-1.034113597869873047e+01 -3.996339797973632812e+00 9.251113533973693848e-01
-9.491786956787109375e+00 -4.068001270294189453e+00 7.637887597084045410e-01
-1.224902629852294922e+01 -3.732998609542846680e+00 8.437882661819458008e-01
-1.108176136016845703e+01 -3.822044849395751953e+00 6.615381836891174316e-01
-1.012102508544921875e+01 -3.907217741012573242e+00 5.097296833992004395e-01
-9.343186378479003906e+00 -3.998524427413940430e+00 3.815354108810424805e-01
-1.224980354309082031e+01 -3.730899333953857422e+00 3.800542652606964111e-01
-1.120716094970703125e+01 -3.860918045043945312e+00 2.400180548429489136e-01
-9.545168876647949219e+00 -4.081023693084716797e+00 1.268278155475854874e-02
-1.412960052490234375e+01 -4.222288608551025391e+00 4.345865726470947266e+00
-1.335788822174072266e+01 -4.546745300292968750e+00 3.998188018798828125e+00
-1.252588748931884766e+01 -5.329183578491210938e+00 3.578771114349365234e+00
-1.370459079742431641e+01 -4.659418582916259766e+00 3.520599365234375000e+00
-1.243140602111816406e+01 -5.276178359985351562e+00 3.018666267395019531e+00
-1.431875324249267578e+01 -4.862652301788330078e+00 3.093081474304199219e+00
-1.300368022918701172e+01 -4.954573631286621094e+00 2.709956884384155273e+00
-1.296224880218505859e+01 -5.488136291503906250e+00 2.603788375854492188e+00
-1.473380470275878906e+01 -5.610829353332519531e+00 2.474526643753051758e+00
-1.473002815246582031e+01 -5.594677448272705078e+00 1.892822146415710449e+00
-1.067222595214843750e+01 -4.503186702728271484e+00 1.280865430831909180e+00
-9.613986968994140625e+00 -4.050729751586914062e+00 7.716073393821716309e-01
-1.252702236175537109e+01 -3.733872413635253906e+00 8.613439202308654785e-01
-1.128092956542968750e+01 -3.813446998596191406e+00 6.720182895660400391e-01
-1.029986286163330078e+01 -3.903810739517211914e+00 5.175204277038574219e-01
-9.380440711975097656e+00 -3.946545839309692383e+00 3.820606470108032227e-01
-1.263936519622802734e+01 -3.764955997467041016e+00 3.914164304733276367e-01
-1.137272834777832031e+01 -3.840055942535400391e+00 2.430547177791595459e-01
-9.606904983520507812e+00 -4.037878036499023438e+00 1.273165084421634674e-02
-1.413590717315673828e+01 -4.129862785339355469e+00 4.339929580688476562e+00
-1.387108707427978516e+01 -4.626651763916015625e+00 4.143219947814941406e+00
-1.342693996429443359e+01 -5.040420532226562500e+00 3.912725448608398438e+00
-1.411641597747802734e+01 -4.703005313873291016e+00 3.618912458419799805e+00
-1.246444702148437500e+01 -5.200177192687988281e+00 3.018884420394897461e+00
-1.427395248413085938e+01 -4.749955177307128906e+00 3.077049970626831055e+00
-1.309083557128906250e+01 -4.896009445190429688e+00 2.721808195114135742e+00
-1.282863712310791016e+01 -5.338979244232177734e+00 2.570320129394531250e+00
-1.480311965942382812e+01 -5.533463001251220703e+00 2.480418682098388672e+00
-1.495098686218261719e+01 -4.963661193847656250e+00 2.040419340133666992e+00
-1.490269660949707031e+01 -5.555868148803710938e+00 1.910593390464782715e+00
-1.067119503021240234e+01 -4.425814151763916016e+00 1.277458190917968750e+00
-1.042021656036376953e+01 -3.880614042282104492e+00 9.278554916381835938e-01
-9.666301727294921875e+00 -4.003110408782958984e+00 7.738201618194580078e-01
-1.280260753631591797e+01 -3.730634927749633789e+00 8.787023425102233887e-01
-1.144817733764648438e+01 -3.791872739791870117e+00 6.805825829505920410e-01
-1.046686267852783203e+01 -3.893826007843017578e+00 5.247009992599487305e-01
-9.460810661315917969e+00 -3.912208318710327148e+00 3.843491375446319580e-01
-1.281769943237304688e+01 -3.732605695724487305e+00 3.962223827838897705e-01
-1.158306884765625000e+01 -3.832065343856811523e+00 2.470428794622421265e-01
-9.596379280090332031e+00 -3.964346170425415039e+00 1.268522441387176514e-02
-1.419234180450439453e+01 -4.052002429962158203e+00 4.349540710449218750e+00
-1.393030834197998047e+01 -4.551612854003906250e+00 4.152488708496093750e+00
-1.344946670532226562e+01 -4.954937458038330078e+00 3.910356521606445312e+00
-1.439810848236083984e+01 -4.698900699615478516e+00 3.683666706085205078e+00
-1.284849739074707031e+01 -4.725894451141357422e+00 3.190816640853881836e+00
-1.249611949920654297e+01 -5.123599052429199219e+00 3.018884420394897461e+00
-1.310680961608886719e+01 -4.810520648956298828e+00 2.718940973281860352e+00
-1.289210033416748047e+01 -5.272819995880126953e+00 2.576504468917846680e+00
-1.481082439422607422e+01 -5.433002471923828125e+00 2.476077318191528320e+00
-1.498965358734130859e+01 -5.483765602111816406e+00 1.917391777038574219e+00
-1.079295539855957031e+01 -4.398893356323242188e+00 1.288778781890869141e+00
-1.230254650115966797e+01 -3.996004343032836914e+00 1.202243924140930176e+00
-1.047003841400146484e+01 -3.826181173324584961e+00 9.301838874816894531e-01
-9.788596153259277344e+00 -3.983570814132690430e+00 7.816387414932250977e-01
-1.165356731414794922e+01 -3.780712366104125977e+00 6.914007067680358887e-01
-1.062286281585693359e+01 -3.877826452255249023e+00 5.313184261322021484e-01
-9.699419021606445312e+00 -3.941360473632812500e+00 3.930527567863464355e-01
-1.175758934020996094e+01 -3.809923887252807617e+00 2.502617239952087402e-01
-9.664072036743164062e+00 -3.923067569732666016e+00 1.274264603853225708e-02
-1.411992168426513672e+01 -3.937787532806396484e+00 4.319859504699707031e+00
-1.386267280578613281e+01 -4.435559272766113281e+00 4.124136447906494141e+00
-1.347598743438720703e+01 -4.871008396148681641e+00 3.909303903579711914e+00
-1.432578372955322266e+01 -4.578226089477539062e+00 3.657906770706176758e+00
-1.289832305908203125e+01 -4.654572010040283203e+00 3.196037292480468750e+00
-1.251826953887939453e+01 -5.043180942535400391e+00 3.016702890396118164e+00
-1.314162063598632812e+01 -4.732003211975097656e+00 2.720087766647338867e+00
-1.296253204345703125e+01 -5.209015369415283203e+00 2.584143877029418945e+00
-1.078652477264404297e+01 -4.319284915924072266e+00 1.284822106361389160e+00
-1.057962131500244141e+01 -3.792805910110473633e+00 9.378342032432556152e-01
-9.899899482727050781e+00 -3.958236932754516602e+00 7.885723114013671875e-01
-1.188874340057373047e+01 -3.776541948318481445e+00 7.039654254913330078e-01
-1.078469753265380859e+01 -3.862078189849853516e+00 5.382174849510192871e-01
-9.767967224121093750e+00 -3.899556159973144531e+00 3.948535323143005371e-01
-1.204853248596191406e+01 -3.822670698165893555e+00 2.559504210948944092e-01
-1.010315990447998047e+01 -4.029283046722412109e+00 1.328875962644815445e-02
-1.410080051422119141e+01 -4.416558265686035156e+00 4.186838626861572266e+00
-1.344742774963378906e+01 -4.767597675323486328e+00 3.892458915710449219e+00
-1.459749984741210938e+01 -4.566536426544189453e+00 3.720061540603637695e+00
-1.283850288391113281e+01 -4.544146060943603516e+00 3.174246072769165039e+00
-1.253536796569824219e+01 -4.960888862609863281e+00 3.013431072235107422e+00
-1.448467254638671875e+01 -5.115426063537597656e+00 2.991523265838623047e+00
-1.315705490112304688e+01 -5.193646907806396484e+00 2.616520643234252930e+00
-1.474036979675292969e+01 -5.202835083007812500e+00 2.453439235687255859e+00
-1.496872138977050781e+01 -5.268749713897705078e+00 1.906299710273742676e+00
-1.079155063629150391e+01 -4.244650840759277344e+00 1.282294273376464844e+00
-1.009851264953613281e+01 -3.965953350067138672e+00 8.024392127990722656e-01
-1.204135322570800781e+01 -3.743836879730224609e+00 7.116283178329467773e-01
-1.093825244903564453e+01 -3.841509103775024414e+00 5.446941256523132324e-01
-1.009965038299560547e+01 -3.960297346115112305e+00 4.072712659835815430e-01
-1.211281871795654297e+01 -3.761420011520385742e+00 2.568209469318389893e-01
-1.107835769653320312e+01 -4.339609146118164062e+00 1.453614607453346252e-02
-1.403104591369628906e+01 -4.300351142883300781e+00 4.158213615417480469e+00
-1.343997859954833984e+01 -4.672324180603027344e+00 3.881931066513061523e+00
-1.285418319702148438e+01 -4.461133956909179688e+00 3.171295166015625000e+00
-1.260468387603759766e+01 -4.899082183837890625e+00 3.022810935974121094e+00
-1.496285438537597656e+01 -5.181261539459228516e+00 3.083658218383789062e+00
-1.322259807586669922e+01 -5.125969886779785156e+00 2.623250722885131836e+00
-1.085633373260498047e+01 -4.193397045135498047e+00 1.286910414695739746e+00
-1.022873210906982422e+01 -3.944824218750000000e+00 8.108479380607604980e-01
-1.222934627532958984e+01 -3.720150232315063477e+00 7.213758230209350586e-01
-1.110895538330078125e+01 -3.825052499771118164e+00 5.520154833793640137e-01
-1.012002944946289062e+01 -3.896816015243530273e+00 4.071211814880371094e-01
-1.248579311370849609e+01 -3.793399572372436523e+00 2.642304003238677979e-01
-1.105624294281005859e+01 -4.252883434295654297e+00 1.447261683642864227e-02
-1.406914997100830078e+01 -4.217769145965576172e+00 4.161757469177246094e+00
-1.355788516998291016e+01 -4.620267391204833984e+00 3.907724618911743164e+00
-1.397271251678466797e+01 -5.346316337585449219e+00 3.933215856552124023e+00
-1.354515743255615234e+01 -4.608015060424804688e+00 3.334728956222534180e+00
-1.276033306121826172e+01 -4.869667053222656250e+00 3.052914857864379883e+00
-1.489398097991943359e+01 -5.055281639099121094e+00 3.063013792037963867e+00
-1.338521766662597656e+01 -5.094761848449707031e+00 2.649261236190795898e+00
-1.496378993988037109e+01 -5.683650493621826172e+00 2.360829830169677734e+00
-1.498992633819580078e+01 -5.070347785949707031e+00 1.900932550430297852e+00
-1.088929462432861328e+01 -4.129524230957031250e+00 1.287789702415466309e+00
-1.037958621978759766e+01 -3.930013418197631836e+00 8.208793401718139648e-01
-1.247874259948730469e+01 -3.712516784667968750e+00 7.347294688224792480e-01
-1.134232997894287109e+01 -3.827724695205688477e+00 5.624344348907470703e-01
-1.034004306793212891e+01 -3.908852577209472656e+00 4.149994850158691406e-01
-1.262863159179687500e+01 -3.752312183380126953e+00 2.667609453201293945e-01
-1.105874156951904297e+01 -4.176131248474121094e+00 1.444207224994897842e-02
-1.411969375610351562e+01 -4.138669967651367188e+00 4.169118404388427734e+00
-1.395566558837890625e+01 -4.660445690155029297e+00 4.014057159423828125e+00
-1.390837860107421875e+01 -5.224093437194824219e+00 3.906009435653686523e+00
-1.365817642211914062e+01 -4.553153038024902344e+00 3.355612277984619141e+00
-1.283932304382324219e+01 -4.809766769409179688e+00 3.064694643020629883e+00
-1.448842048645019531e+01 -5.413125514984130859e+00 2.860984086990356445e+00
-1.099919414520263672e+01 -4.094183444976806641e+00 1.297791242599487305e+00
-1.045959281921386719e+01 -3.887095689773559570e+00 8.253049254417419434e-01
-1.273712348937988281e+01 -3.704469442367553711e+00 7.485901117324829102e-01
-1.150691413879394531e+01 -3.804782390594482422e+00 5.694273114204406738e-01
-1.046220684051513672e+01 -3.881833553314208984e+00 4.189386665821075439e-01
-1.253428363800048828e+01 -3.640730619430541992e+00 2.642911076545715332e-01
-1.101383304595947266e+01 -4.082132339477539062e+00 1.435044314712285995e-02
-1.411337471008300781e+01 -4.042946815490722656e+00 4.159849166870117188e+00
-1.399408531188964844e+01 -4.578027725219726562e+00 4.016952514648437500e+00
-1.347192955017089844e+01 -4.966050624847412109e+00 3.774809122085571289e+00
-1.365993499755859375e+01 -4.460797309875488281e+00 3.349256515502929688e+00
-1.288782882690429688e+01 -4.737967491149902344e+00 3.069275617599487305e+00
-1.453613281250000000e+01 -5.329540252685546875e+00 2.863894224166870117e+00
-1.124444198608398438e+01 -4.107094287872314453e+00 1.323729515075683594e+00
-1.067625331878662109e+01 -3.893225908279418945e+00 8.404995799064636230e-01
-1.168874454498291016e+01 -3.785502195358276367e+00 5.772649645805358887e-01
-1.061822700500488281e+01 -3.865767955780029297e+00 4.242283701896667480e-01
-1.171061706542968750e+01 -4.258844375610351562e+00 1.522397994995117188e-02
-1.398975658416748047e+01 -4.481773853302001953e+00 4.007740497589111328e+00
-1.340937995910644531e+01 -4.849744319915771484e+00 3.748873949050903320e+00
-1.362582588195800781e+01 -4.357319355010986328e+00 3.334275007247924805e+00
-1.272111797332763672e+01 -4.588272094726562500e+00 3.022810935974121094e+00
-1.463148021697998047e+01 -5.262879371643066406e+00 2.876262903213500977e+00
-1.139294147491455078e+01 -4.082278251647949219e+00 1.338237285614013672e+00
-1.235619163513183594e+01 -3.922804594039916992e+00 1.081777334213256836e+00
-1.091215515136718750e+01 -3.903558969497680664e+00 8.571693897247314453e-01
-1.191646957397460938e+01 -3.778624534606933594e+00 5.873553752899169922e-01
-1.081772994995117188e+01 -3.863392591476440430e+00 4.312438368797302246e-01
-1.215495109558105469e+01 -3.847242116928100586e+00 1.357404291629791260e-01
-1.165081882476806641e+01 -4.156332969665527344e+00 1.511280331760644913e-02
-1.405289363861083984e+01 -4.407108783721923828e+00 4.018005371093750000e+00
-1.349083995819091797e+01 -4.785805225372314453e+00 3.763367176055908203e+00
-1.271131038665771484e+01 -4.496786117553710938e+00 3.013867139816284180e+00
-1.459023952484130859e+01 -5.147160053253173828e+00 2.861893653869628906e+00
-1.486111164093017578e+01 -5.222311496734619141e+00 1.741818666458129883e+00
-1.109682083129882812e+01 -3.892983436584472656e+00 8.697824478149414062e-01
-1.209398078918457031e+01 -3.753400564193725586e+00 5.949584245681762695e-01
-1.091102218627929688e+01 -3.821386337280273438e+00 4.340199828147888184e-01
-1.201595020294189453e+01 -3.722287178039550781e+00 1.339305490255355835e-01
-1.192529296875000000e+01 -4.171943664550781250e+00 1.543533988296985626e-02
-1.408520317077636719e+01 -4.322496891021728516e+00 4.019584178924560547e+00
-1.348158645629882812e+01 -4.689591407775878906e+00 3.752687931060791016e+00
-1.378239154815673828e+01 -4.780748367309570312e+00 3.260805368423461914e+00
-1.456950664520263672e+01 -5.039537906646728516e+00 2.851707458496093750e+00
-1.495019912719726562e+01 -5.150776386260986328e+00 1.748522996902465820e+00
-1.119122791290283203e+01 -3.849148035049438477e+00 8.753144741058349609e-01
-1.219707107543945312e+01 -3.703500986099243164e+00 5.989006757736206055e-01
-1.114692020416259766e+01 -3.827382802963256836e+00 4.424610435962677002e-01
-1.222038555145263672e+01 -3.703592777252197266e+00 1.359533518552780151e-01
-1.199417877197265625e+01 -4.113615989685058594e+00 1.549153868108987808e-02
-1.399134063720703125e+01 -4.199932575225830078e+00 3.985368728637695312e+00
-1.333435344696044922e+01 -4.546852111816406250e+00 3.703869104385375977e+00
-1.381516170501708984e+01 -4.697348117828369141e+00 3.261677980422973633e+00
-1.492236709594726562e+01 -5.059289455413818359e+00 2.914642095565795898e+00
-1.498905658721923828e+01 -5.061491012573242188e+00 1.749402403831481934e+00
-1.136583995819091797e+01 -3.831377744674682617e+00 8.871161341667175293e-01
-1.269356346130371094e+01 -3.769344568252563477e+00 6.221320629119873047e-01
-1.131794357299804688e+01 -3.808633804321289062e+00 4.483135044574737549e-01
-1.261486530303955078e+01 -3.738788843154907227e+00 1.400841176509857178e-01
-1.208175468444824219e+01 -4.060971736907958984e+00 1.557217352092266083e-02
-1.405202293395996094e+01 -4.124328136444091797e+00 3.995369911193847656e+00
-1.440036106109619141e+01 -4.811918735504150391e+00 3.991696357727050781e+00
-1.377613544464111328e+01 -4.589971542358398438e+00 3.245753526687622070e+00
-1.172814750671386719e+01 -3.873534202575683594e+00 9.135223031044006348e-01
-1.273371982574462891e+01 -3.696399688720703125e+00 6.229768395423889160e-01
-1.149864101409912109e+01 -3.791057348251342773e+00 4.545411169528961182e-01
-1.151945400238037109e+01 -3.793461799621582031e+00 1.481714379042387009e-02
-1.406964683532714844e+01 -4.035901069641113281e+00 3.993264436721801758e+00
-1.399302387237548828e+01 -4.580553054809570312e+00 3.870920896530151367e+00
-1.369456481933593750e+01 -4.469625949859619141e+00 3.220012426376342773e+00
-1.183804130554199219e+01 -3.829430818557739258e+00 9.202345609664916992e-01
-1.170236587524414062e+01 -3.778774499893188477e+00 4.616691172122955322e-01
-1.110186576843261719e+01 -3.580589771270751953e+00 1.425148360431194305e-02
-1.397850036621093750e+01 -4.481026172637939453e+00 3.859224796295166016e+00
-1.366316795349121094e+01 -4.366796493530273438e+00 3.206269502639770508e+00
-1.200297451019287109e+01 -3.801588296890258789e+00 9.312248826026916504e-01
-1.195305538177490234e+01 -3.778892517089843750e+00 4.706354141235351562e-01
-1.095293426513671875e+01 -3.458504676818847656e+00 1.403279416263103485e-02
-1.432870101928710938e+01 -4.496522903442382812e+00 3.948217391967773438e+00
-1.238423633575439453e+01 -3.838891506195068359e+00 9.589587450027465820e-01
-1.204188632965087891e+01 -3.725859403610229492e+00 4.732239842414855957e-01
-1.194561004638671875e+01 -3.691502094268798828e+00 1.527529302984476089e-02
-1.435787010192871094e+01 -4.409086704254150391e+00 3.948725938796997070e+00
-1.250872039794921875e+01 -3.793510198593139648e+00 9.667773246765136719e-01
-1.225294017791748047e+01 -3.708935499191284180e+00 4.806146025657653809e-01
-1.171341705322265625e+01 -3.541160345077514648e+00 1.495031267404556274e-02
-1.265778827667236328e+01 -3.746854543685913086e+00 4.955834150314331055e-01
-5.607380867004394531e+00 -1.014927148818969727e+00 1.691272705793380737e-01
-1.269197750091552734e+01 -3.752156972885131836e+00 1.616960018873214722e-02
-1.275829315185546875e+01 -3.691615104675292969e+00 4.986221492290496826e-01
-5.583963871002197266e+00 -9.753422737121582031e-01 1.682372838258743286e-01
-1.321816444396972656e+01 -3.819679260253906250e+00 1.680978573858737946e-02
-5.537600994110107422e+00 -9.322662949562072754e-01 1.666649580001831055e-01
-1.306812477111816406e+01 -3.689593791961669922e+00 1.658987440168857574e-02
-1.277913665771484375e+01 -3.523485422134399414e+00 1.619525626301765442e-02
-1.190826511383056641e+01 -3.204875946044921875e+00 1.506637781858444214e-02
-1.242001819610595703e+01 -3.261009931564331055e+00 1.568823866546154022e-02
-5.562168121337890625e+00 -1.002796530723571777e+00 1.144418045878410339e-01
-1.293385982513427734e+01 -3.311227560043334961e+00 1.631132140755653381e-02
-5.539651393890380859e+00 -9.636796116828918457e-01 1.138547137379646301e-01
-1.261143112182617188e+01 -3.146355628967285156e+00 1.588004827499389648e-02
-5.580957412719726562e+00 -9.356217980384826660e-01 1.145835146307945251e-01
-1.259940433502197266e+01 -3.061358928680419922e+00 1.584095321595668793e-02
-1.265298557281494141e+01 -2.992277860641479492e+00 1.588493585586547852e-02
-1.317592430114746094e+01 -3.030701160430908203e+00 1.651779189705848694e-02
-1.285758399963378906e+01 -2.874526023864746094e+00 1.609629578888416290e-02
-5.546949386596679688e+00 -9.961173534393310547e-01 6.000259146094322205e-02
-1.288084411621093750e+01 -2.796852350234985352e+00 1.610362716019153595e-02
-5.549016475677490234e+00 -9.613804221153259277e-01 5.996000766754150391e-02
-1.319816589355468750e+01 -2.781064271926879883e+00 1.647869683802127838e-02
-5.560728549957275391e+00 -9.283021092414855957e-01 6.002388522028923035e-02
-1.415162944793701172e+01 -2.891401529312133789e+00 1.764667034149169922e-02
-1.330094909667968750e+01 -2.632678747177124023e+00 1.656544022262096405e-02
-1.325890541076660156e+01 -2.539915800094604492e+00 1.649335771799087524e-02
-5.541749477386474609e+00 -1.026383519172668457e+00 6.885671522468328476e-03
-5.521364688873291016e+00 -9.876066446304321289e-01 6.852685008198022842e-03
-5.536189556121826172e+00 -9.552398324012756348e-01 6.863680202513933182e-03
-5.541946411132812500e+00 -9.212524294853210449e-01 6.863680202513933182e-03
-1.349251937866210938e+01 -2.157906055450439453e+00 1.669372245669364929e-02
-1.498909568786621094e+01 -2.303025484085083008e+00 1.852753944694995880e-02
-1.454884910583496094e+01 -2.144089937210083008e+00 1.796676404774188995e-02
-1.475382804870605469e+01 -2.081886053085327148e+00 1.820378005504608154e-02
-1.074279785156250000e+01 -4.628837108612060547e-03 2.175264805555343628e-01
-1.072062873840332031e+01 6.116233021020889282e-02 2.170810997486114502e-01
-1.071039295196533203e+01 2.745558274909853935e-03 1.140326038002967834e-01
-1.069217586517333984e+01 6.834819167852401733e-02 1.138409748673439026e-01
-1.070498847961425781e+01 1.010089367628097534e-02 1.307862251996994019e-02
-1.070872402191162109e+01 7.581359148025512695e-02 1.308350916951894760e-02
-7.933579921722412109e+00 3.571006774902343750e+00 1.761671006679534912e-01
-5.012099266052246094e+00 2.554480791091918945e+00 1.669616252183914185e-01
-5.020300388336181641e+00 2.597588539123535156e+00 1.677626222372055054e-01
-4.961791038513183594e+00 2.606034278869628906e+00 1.663386374711990356e-01
-7.918626785278320312e+00 3.570822477340698242e+00 9.248447418212890625e-02
-5.037447929382324219e+00 2.610851287841796875e+00 1.148871779441833496e-01
-4.973553180694580078e+00 2.616574525833129883e+00 1.137939840555191040e-01
-7.915564060211181641e+00 3.517668247222900391e+00 1.058262772858142853e-02
-7.892008304595947266e+00 3.565347671508789062e+00 1.058018393814563751e-02
-7.861803531646728516e+00 3.609949111938476562e+00 1.056918781250715256e-02
-4.980235576629638672e+00 2.546870231628417969e+00 5.955544486641883850e-02
-1.046294498443603516e+01 4.882286548614501953e+00 1.410609669983386993e-02
-4.982263565063476562e+00 2.586595296859741211e+00 5.976837128400802612e-02
-1.036773300170898438e+01 4.915548801422119141e+00 1.401813328266143799e-02
-4.942414283752441406e+00 2.604530334472656250e+00 5.948092415928840637e-02
-5.042529106140136719e+00 2.544162034988403320e+00 6.900332402437925339e-03
-5.011693000793457031e+00 2.567303895950317383e+00 6.879562512040138245e-03
-4.994958877563476562e+00 2.597545385360717773e+00 6.878341082483530045e-03
-4.978042125701904297e+00 2.627678155899047852e+00 6.877119187265634537e-03
-2.163166761398315430e+00 2.184985160827636719e+00 9.125337004661560059e-02
-2.111980199813842773e+00 2.159626483917236328e+00 8.965139091014862061e-02
-2.095911264419555664e+00 2.169669151306152344e+00 8.953272551298141479e-02
-2.076348543167114258e+00 2.175980091094970703e+00 8.926573395729064941e-02
-2.042390108108520508e+00 2.166858196258544922e+00 8.837574720382690430e-02
-2.151629447937011719e+00 2.176320791244506836e+00 6.196822226047515869e-02
-2.095624446868896484e+00 2.145849943161010742e+00 6.073331460356712341e-02
-2.080335855484008789e+00 2.156509160995483398e+00 6.067258119583129883e-02
-2.074651241302490234e+00 2.177195072174072266e+00 6.089526787400245667e-02
-2.062623739242553711e+00 2.191339969635009766e+00 6.093575805425643921e-02
-2.148344516754150391e+00 2.175987243652343750e+00 3.255640715360641479e-02
-2.142936944961547852e+00 2.195014715194702148e+00 1.441285163164138794e-01
-2.095157861709594727e+00 2.148323774337768555e+00 3.194956853985786438e-02
-2.146069765090942383e+00 2.225378751754760742e+00 1.452548801898956299e-01
-2.081936597824096680e+00 2.161139011383056641e+00 3.194956853985786438e-02
-2.084835529327392578e+00 2.188599824905395508e+00 1.420165747404098511e-01
-2.099656105041503906e+00 2.206470012664794922e+00 3.242865577340126038e-02
-2.081283807754516602e+00 2.214211463928222656e+00 3.235412761569023132e-02
-2.106248140335083008e+00 2.136283397674560547e+00 3.665190888568758965e-03
-2.137015342712402344e+00 2.192726373672485352e+00 1.149483323097229004e-01
-2.112635850906372070e+00 2.169225692749023438e+00 3.699399065226316452e-03
-2.107580423355102539e+00 2.189239740371704102e+00 1.140854731202125549e-01
-2.085420131683349609e+00 2.167734622955322266e+00 3.674964420497417450e-03
-2.091353416442871094e+00 2.199233770370483398e+00 1.139354109764099121e-01
-1.038462445139884949e-01 7.013130784034729004e-01 7.548232562839984894e-03
-8.806869387626647949e-02 7.196305394172668457e-01 8.857544162310659885e-04
-8.375026518478989601e-04 7.418024539947509766e-01 6.894556432962417603e-02
-1.370595209300518036e-02 7.203655838966369629e-01 6.012184172868728638e-02
-6.461700424551963806e-03 7.303940653800964355e-01 1.702434718608856201e-01
-1.979964785277843475e-03 7.304199934005737305e-01 1.702434718608856201e-01
