-1.697118766605854034e-02 -7.246772050857543945e-01 6.737230718135833740e-02
-3.834553062915802002e-02 -7.015110850334167480e-01 5.862503126263618469e-02
-7.609513401985168457e-02 -7.298936843872070312e-01 1.485941652208566666e-02
-9.851150214672088623e-02 -6.676981449127197266e-01 3.808873519301414490e-02
-1.065171286463737488e-01 -6.877610683441162109e-01 7.409830112010240555e-03
-5.212354063987731934e-01 -2.037457704544067383e+00 6.241777911782264709e-02
-5.473832488059997559e-01 -2.087753534317016602e+00 1.422203779220581055e-01
-5.268780589103698730e-01 -2.008116722106933594e+00 6.161679327487945557e-02
-5.588881969451904297e-01 -2.079537153244018555e+00 1.418916136026382446e-01
-1.079068109393119812e-01 -6.951795816421508789e-01 2.641110680997371674e-02
-5.461989045143127441e-01 -2.030907869338989258e+00 6.241777911782264709e-02
-5.687237381935119629e-01 -2.065486431121826172e+00 1.411683559417724609e-01
-5.525431632995605469e-01 -2.005354404449462891e+00 6.173545494675636292e-02
-5.805742144584655762e-01 -2.059076786041259766e+00 1.409710943698883057e-01
-5.610374212265014648e-01 -1.988458275794982910e+00 6.132012978196144104e-02
-5.768330097198486328e-01 -1.997462630271911621e+00 6.170579418540000916e-02
-5.235844850540161133e-01 -2.094094276428222656e+00 4.370773956179618835e-02
-5.332180857658386230e-01 -2.081365108489990234e+00 1.212529018521308899e-01
-5.297153592109680176e-01 -2.064694643020629883e+00 4.316114261746406555e-02
-5.454716086387634277e-01 -2.076122760772705078e+00 1.211402043700218201e-01
-5.324526429176330566e-01 -2.023696660995483398e+00 4.237160831689834595e-02
-5.582001805305480957e-01 -2.072736740112304688e+00 1.211402043700218201e-01
-5.445994138717651367e-01 -2.019426107406616211e+00 4.235136136412620544e-02
-5.714388489723205566e-01 -2.071197748184204102e+00 1.212529018521308899e-01
-5.660324096679687500e-01 -2.048812150955200195e+00 4.303967580199241638e-02
-5.833224058151245117e-01 -2.064769983291625977e+00 1.210838630795478821e-01
-5.687956213951110840e-01 -2.010667085647583008e+00 4.231087490916252136e-02
-5.198202729225158691e-01 -2.077594280242919922e+00 1.006224453449249268e-01
-5.944684147834777832e-01 -2.053236007690429688e+00 4.328260570764541626e-02
-5.109948515892028809e-01 -2.037789344787597656e+00 2.236789278686046600e-02
-5.325583219528198242e-01 -2.074365615844726562e+00 1.006224453449249268e-01
-5.294687151908874512e-01 -2.057857036590576172e+00 2.262340299785137177e-02
-5.455307364463806152e-01 -2.072025060653686523e+00 1.006693914532661438e-01
-5.438712835311889648e-01 -2.061337947845458984e+00 2.269792929291725159e-02
-5.587546229362487793e-01 -2.070567369461059570e+00 1.007632464170455933e-01
-5.458070635795593262e-01 -2.018385648727416992e+00 2.226142957806587219e-02
-5.722473859786987305e-01 -2.069988250732421875e+00 1.009040400385856628e-01
-5.779352784156799316e-01 -2.086308956146240234e+00 2.304925769567489624e-02
-5.854820013046264648e-01 -2.068360567092895508e+00 1.009979099035263062e-01
-5.727174878120422363e-01 -2.019231796264648438e+00 2.234660089015960693e-02
-5.030052065849304199e-01 -2.053284168243408203e+00 2.582737710326910019e-03
-5.201145410537719727e-01 -2.071188688278198242e+00 8.017121255397796631e-02
-5.956889390945434570e-01 -2.052171230316162109e+00 2.275115996599197388e-02
-5.141310691833496094e-01 -2.044340133666992188e+00 2.575407270342111588e-03
-5.328133106231689453e-01 -2.067958354949951172e+00 8.017121255397796631e-02
-5.286639928817749023e-01 -2.048893451690673828e+00 2.585181267932057381e-03
-5.462578535079956055e-01 -2.067548513412475586e+00 8.028376102447509766e-02
-5.381564497947692871e-01 -2.034010171890258789e+00 2.570520387962460518e-03
-5.589337944984436035e-01 -2.064157962799072266e+00 8.028376102447509766e-02
-5.493182539939880371e-01 -2.025844097137451172e+00 2.564411843195557594e-03
-5.715886950492858887e-01 -2.060689449310302734e+00 8.028376102447509766e-02
-5.654849410057067871e-01 -2.035924673080444336e+00 2.581516047939658165e-03
-5.798540711402893066e-01 -2.041763067245483398e+00 7.968350499868392944e-02
-5.768724083900451660e-01 -2.028569221496582031e+00 2.576629165560007095e-03
-5.873525738716125488e-01 -2.018270015716552734e+00 2.568076830357313156e-03
-4.238862037658691406e+00 -6.330965995788574219e+00 9.308362379670143127e-03
-4.267522335052490234e+00 -6.289942264556884766e+00 9.286371059715747833e-03
-5.099265098571777344e+00 -6.604524612426757812e+00 1.019411720335483551e-02
-4.994939327239990234e+00 -6.387986183166503906e+00 9.907010011374950409e-03
-4.980652809143066406e+00 -6.289796829223632812e+00 9.801941923797130585e-03
-4.974109172821044922e+00 -6.202946662902832031e+00 9.713976643979549408e-03
-5.012076377868652344e+00 -6.172309398651123047e+00 9.713976643979549408e-03
-5.084786415100097656e+00 -6.183922290802001953e+00 9.781172499060630798e-03
-5.139910221099853516e+00 -6.173355579376220703e+00 9.814158082008361816e-03
-5.191228389739990234e+00 -6.157757759094238281e+00 9.839816018939018250e-03
-5.280202865600585938e+00 -6.185875415802001953e+00 9.936331771314144135e-03
-5.463222503662109375e+00 -6.321323394775390625e+00 1.020755618810653687e-02
-5.929942131042480469e+00 -6.776849746704101562e+00 1.100168004631996155e-02
-6.078175067901611328e+00 -6.860846996307373047e+00 1.119837909936904907e-02
-6.144195556640625000e+00 -6.850222587585449219e+00 1.124236173927783966e-02
-6.259387969970703125e+00 -6.893088340759277344e+00 1.137553062289953232e-02
-6.464094161987304688e+00 -6.945322990417480469e+00 1.159177720546722412e-02
-6.160959720611572266e+00 -6.538709163665771484e+00 1.097602397203445435e-02
-6.596462249755859375e+00 -6.915403366088867188e+00 1.167607586830854416e-02
-6.568610668182373047e+00 -6.802144050598144531e+00 1.155268121510744095e-02
-7.056410789489746094e+00 -5.806327819824218750e+00 6.021516919136047363e-01
-6.594844818115234375e+00 -6.745979785919189453e+00 1.152580231428146362e-02
-6.952514648437500000e+00 -5.649651527404785156e+00 5.903164744377136230e-01
-6.977150440216064453e+00 -5.667649269104003906e+00 2.667885422706604004e-01
-6.294248580932617188e+00 -6.359954357147216797e+00 1.093204133212566376e-02
-6.979266643524169922e+00 -5.600640296936035156e+00 5.896589756011962891e-01
-6.952538967132568359e+00 -5.577197074890136719e+00 2.645339071750640869e-01
-6.684917926788330078e+00 -6.672314167022705078e+00 1.153924223035573959e-02
-7.011153697967529297e+00 -5.555851459503173828e+00 5.894616842269897461e-01
-6.963122844696044922e+00 -5.515811920166015625e+00 2.636439204216003418e-01
-6.715050697326660156e+00 -6.620639324188232422e+00 1.152091566473245621e-02
-7.023108482360839844e+00 -5.495509624481201172e+00 5.876206755638122559e-01
-6.923616409301757812e+00 -5.415710449218750000e+00 2.608849704265594482e-01
-6.623016357421875000e+00 -6.450237751007080078e+00 1.129489671438932419e-02
-7.059064865112304688e+00 -5.454143524169921875e+00 5.878179669380187988e-01
-6.948014259338378906e+00 -5.366404533386230469e+00 2.605586349964141846e-01
-6.837589263916015625e+00 -6.577948093414306641e+00 1.159177720546722412e-02
-6.855191707611083984e+00 -5.229764461517333984e+00 5.681582689285278320e-01
-7.053431034088134766e+00 -5.797813415527343750e+00 5.152684450149536133e-01
-6.974452972412109375e+00 -5.318822383880615234e+00 2.603213191032409668e-01
-7.011151790618896484e+00 -5.758961200714111328e+00 1.837182790040969849e-01
-6.779960632324218750e+00 -6.442873954772949219e+00 1.142684277147054672e-02
-6.854473114013671875e+00 -5.162989139556884766e+00 5.654624700546264648e-01
-6.932290077209472656e+00 -5.627318382263183594e+00 5.038869380950927734e-01
-7.040494918823242188e+00 -5.301180362701416016e+00 2.615672945976257324e-01
-7.029273986816406250e+00 -5.701976299285888672e+00 1.832728832960128784e-01
-7.030078411102294922e+00 -6.598941326141357422e+00 1.177992299199104309e-02
-9.195562362670898438e+00 -6.848311424255371094e+00 3.378830194473266602e+00
-6.845188140869140625e+00 -5.090466022491455078e+00 5.621091127395629883e-01
-6.964351177215576172e+00 -5.582803249359130859e+00 5.037178993225097656e-01
-6.901221752166748047e+00 -5.130265235900878906e+00 2.552187144756317139e-01
-6.993900775909423828e+00 -5.602481842041015625e+00 1.814508885145187378e-01
-7.097568511962890625e+00 -6.580838680267333984e+00 1.182512752711772919e-02
-9.256730079650878906e+00 -6.805964469909667969e+00 3.385896921157836914e+00
-6.927771568298339844e+00 -5.086162567138671875e+00 5.663172602653503418e-01
-6.967944622039794922e+00 -5.515797615051269531e+00 5.015204548835754395e-01
-6.933375835418701172e+00 -5.088414669036865234e+00 2.552483677864074707e-01
-7.002268791198730469e+00 -5.538993835449218750e+00 1.807828247547149658e-01
-6.954925537109375000e+00 -6.369666576385498047e+00 1.152213849127292633e-02
-9.298316001892089844e+00 -6.749038219451904297e+00 3.385896921157836914e+00
-6.999246120452880859e+00 -5.072836875915527344e+00 5.696047544479370117e-01
-6.896251678466796875e+00 -5.390547275543212891e+00 4.939703047275543213e-01
-6.976609230041503906e+00 -5.054573535919189453e+00 2.556933760643005371e-01
-6.984909057617187500e+00 -5.455920696258544922e+00 1.794669479131698608e-01
-7.197813510894775391e+00 -6.511357784271240234e+00 1.185811311006546021e-02
-9.347350120544433594e+00 -6.697444438934326172e+00 3.388723850250244141e+00
-9.324027061462402344e+00 -6.683196544647216797e+00 2.913470506668090820e+00
-7.005083560943603516e+00 -5.011795997619628906e+00 5.675664544105529785e-01
-6.910228252410888672e+00 -5.333490371704101562e+00 4.926180243492126465e-01
-7.025675773620605469e+00 -5.841507434844970703e+00 4.292880296707153320e-01
-7.009118080139160156e+00 -5.012833595275878906e+00 2.557527124881744385e-01
-6.995295524597167969e+00 -5.395252227783203125e+00 1.788798421621322632e-01
-7.115338802337646484e+00 -6.357798099517822266e+00 1.165775023400783539e-02
-9.316220283508300781e+00 -6.589006900787353516e+00 3.362717628479003906e+00
-9.345869064331054688e+00 -6.612424373626708984e+00 2.907562732696533203e+00
-7.011251449584960938e+00 -4.951450824737548828e+00 5.655939579010009766e-01
-6.869766712188720703e+00 -5.235313892364501953e+00 4.874343574047088623e-01
-6.991907119750976562e+00 -5.741237640380859375e+00 4.250641465187072754e-01
-6.996466159820556641e+00 -4.939179420471191406e+00 2.541804015636444092e-01
-6.967816829681396484e+00 -5.306192398071289062e+00 1.773412674665451050e-01
-7.121225833892822266e+00 -6.284904003143310547e+00 1.160399336367845535e-02
-9.350181579589843750e+00 -6.527327060699462891e+00 3.360455989837646484e+00
-9.375936508178710938e+00 -6.547740459442138672e+00 2.904362916946411133e+00
-9.905642509460449219e+00 -6.920236110687255859e+00 2.594893932342529297e+00
-8.367799758911132812e+00 -5.837186336517333984e+00 1.045337319374084473e+00
-7.000571250915527344e+00 -4.879806995391845703e+00 5.623063445091247559e-01
-6.860275268554687500e+00 -5.161848545074462891e+00 4.845044612884521484e-01
-6.959502696990966797e+00 -5.643491744995117188e+00 4.209810495376586914e-01
-6.977434158325195312e+00 -4.861869812011718750e+00 2.524004280567169189e-01
-6.889966487884521484e+00 -5.180423736572265625e+00 1.745475381612777710e-01
-6.973464965820312500e+00 -6.078788280487060547e+00 1.130222622305154800e-02
-9.378208160400390625e+00 -6.461668968200683594e+00 3.356215715408325195e+00
-9.417531967163085938e+00 -6.491187572479248047e+00 2.904855251312255859e+00
-9.991383552551269531e+00 -6.889296531677246094e+00 2.606231927871704102e+00
-8.283830642700195312e+00 -5.703369617462158203e+00 1.030456304550170898e+00
-6.962149620056152344e+00 -4.789818763732910156e+00 5.568490028381347656e-01
-6.890215873718261719e+00 -5.118466854095458984e+00 4.843917787075042725e-01
-6.891077995300292969e+00 -5.518264770507812500e+00 4.147860109806060791e-01
-6.989839076995849609e+00 -4.807071208953857422e+00 2.517774403095245361e-01
-6.913595199584960938e+00 -5.132090568542480469e+00 1.743450909852981567e-01
-7.337254524230957031e+00 -6.317094326019287109e+00 1.182879135012626648e-02
-9.410540580749511719e+00 -6.399149417877197266e+00 3.353671789169311523e+00
-9.476417541503906250e+00 -6.446364402770996094e+00 2.910762786865234375e+00
-1.005044174194335938e+01 -6.839412212371826172e+00 2.610641002655029297e+00
-8.390254974365234375e+00 -5.701074600219726562e+00 1.039323687553405762e+00
-7.432388782501220703e+00 -5.454765796661376953e+00 8.568684458732604980e-01
-7.070635318756103516e+00 -5.595205783843994141e+00 7.523961663246154785e-01
-6.913808345794677734e+00 -4.694320678710937500e+00 5.506683588027954102e-01
-6.922297477722167969e+00 -5.076683521270751953e+00 4.844481348991394043e-01
-6.907569885253906250e+00 -5.462246894836425781e+00 4.137534797191619873e-01
-6.929881572723388672e+00 -4.703467369079589844e+00 2.485734820365905762e-01
-6.939310073852539062e+00 -5.085436344146728516e+00 1.742033809423446655e-01
-7.324904441833496094e+00 -5.786028385162353516e+00 9.938327968120574951e-02
-7.433775424957275391e+00 -6.321187496185302734e+00 1.192164327949285507e-02
-9.502599716186523438e+00 -6.910142421722412109e+00 3.329188108444213867e+00
-9.526254653930664062e+00 -6.395119190216064453e+00 2.913962841033935547e+00
-9.492454528808593750e+00 -6.897700309753417969e+00 2.853914022445678711e+00
-7.327837467193603516e+00 -5.309161186218261719e+00 8.410432934761047363e-01
-7.085203170776367188e+00 -5.536376476287841797e+00 7.503172755241394043e-01
-6.935850620269775391e+00 -4.647366523742675781e+00 5.501423478126525879e-01
-6.919351577758789062e+00 -5.009522914886474609e+00 4.820817112922668457e-01
-6.881120204925537109e+00 -5.373038768768310547e+00 4.101866781711578369e-01
-6.952797889709472656e+00 -4.656963825225830078e+00 2.483658194541931152e-01
-6.898290157318115234e+00 -4.990605354309082031e+00 1.724016368389129639e-01
-7.437538146972656250e+00 -5.801244735717773438e+00 1.004266217350959778e-01
-7.490034103393554688e+00 -6.290246963500976562e+00 1.194974314421415329e-02
-1.029291915893554688e+01 -6.815964221954345703e+00 3.638044357299804688e+00
-9.485419273376464844e+00 -6.809064388275146484e+00 3.308469295501708984e+00
-9.516439437866210938e+00 -6.826299667358398438e+00 2.848478555679321289e+00
-7.295485019683837891e+00 -5.217759609222412109e+00 8.336397409439086914e-01
-7.052764892578125000e+00 -5.441662311553955078e+00 7.433320879936218262e-01
-6.986708641052246094e+00 -4.619580745697021484e+00 5.519176125526428223e-01
-6.910156250000000000e+00 -4.938526153564453125e+00 4.793207943439483643e-01
-6.868867874145507812e+00 -5.295949935913085938e+00 4.075115323066711426e-01
-6.980407238006591797e+00 -4.613663196563720703e+00 2.483361363410949707e-01
-6.844978332519531250e+00 -4.888336181640625000e+00 1.703164428472518921e-01
-7.620346546173095703e+00 -5.868986606597900391e+00 1.024068370461463928e-01
-7.186740875244140625e+00 -5.960722446441650391e+00 1.140729524195194244e-02
-1.041805934906005859e+01 -6.807247161865234375e+00 3.667442560195922852e+00
-9.505040168762207031e+00 -6.735159397125244141e+00 3.300836086273193359e+00
-9.475672721862792969e+00 -6.709383010864257812e+00 2.823900222778320312e+00
-7.164677619934082031e+00 -5.058046340942382812e+00 8.151308894157409668e-01
-7.052727699279785156e+00 -5.372920989990234375e+00 7.398395538330078125e-01
-7.004893779754638672e+00 -4.570081233978271484e+00 5.511286258697509766e-01
-6.959093093872070312e+00 -4.909270763397216797e+00 4.806167483329772949e-01
-6.809037208557128906e+00 -5.183516979217529297e+00 4.020674228668212891e-01
-7.059148788452148438e+00 -5.786273956298828125e+00 3.426690995693206787e-01
-7.022818088531494141e+00 -4.580028057098388672e+00 2.488404661417007446e-01
-6.895273685455322266e+00 -4.860645771026611328e+00 1.708225607872009277e-01
-7.681684494018554688e+00 -5.841486930847167969e+00 1.027475148439407349e-01
-7.210028171539306641e+00 -5.905740737915039062e+00 1.138652581721544266e-02
-9.375100135803222656e+00 -6.557050704956054688e+00 3.241678237915039062e+00
-9.476840019226074219e+00 -6.623283863067626953e+00 2.812083721160888672e+00
-1.012735462188720703e+01 -6.533986091613769531e+00 2.588175296783447266e+00
-9.934323310852050781e+00 -6.937854766845703125e+00 2.478473186492919922e+00
-7.216818809509277344e+00 -5.028789997100830078e+00 8.175370693206787109e-01
-7.005126476287841797e+00 -5.269043445587158203e+00 7.314408421516418457e-01
-6.935384750366210938e+00 -5.620048046112060547e+00 6.602291464805603027e-01
-7.024413585662841797e+00 -4.521613597869873047e+00 5.504711270332336426e-01
-6.980071544647216797e+00 -4.860202312469482422e+00 4.799969196319580078e-01
-6.869460582733154297e+00 -5.163246154785156250e+00 4.037569761276245117e-01
-6.974905490875244141e+00 -5.646025657653808594e+00 3.368916511535644531e-01
-7.049947261810302734e+00 -4.536309719085693359e+00 2.488107979297637939e-01
-6.892140865325927734e+00 -4.795404911041259766e+00 1.700127869844436646e-01
-7.746969699859619141e+00 -5.816457271575927734e+00 1.031414344906806946e-01
-7.236799716949462891e+00 -5.853842735290527344e+00 1.137186493724584579e-02
-9.377150535583496094e+00 -6.473166465759277344e+00 3.228592634201049805e+00
-9.739658355712890625e+00 -6.718390941619873047e+00 2.877783536911010742e+00
-1.016643142700195312e+01 -6.471197605133056641e+00 2.587965250015258789e+00
-9.965413093566894531e+00 -6.868984222412109375e+00 2.475667715072631836e+00
-7.266408443450927734e+00 -4.997390747070312500e+00 8.196655511856079102e-01
-6.918916225433349609e+00 -5.138031005859375000e+00 7.191337347030639648e-01
-6.892651557922363281e+00 -5.515700340270996094e+00 6.529269218444824219e-01
-7.106777191162109375e+00 -4.513197422027587891e+00 5.547449588775634766e-01
-6.971911430358886719e+00 -4.791270256042480469e+00 4.774051010608673096e-01
-6.876946926116943359e+00 -5.103140830993652344e+00 4.023489952087402344e-01
-6.906383991241455078e+00 -5.520760059356689453e+00 3.319395780563354492e-01
-7.069211006164550781e+00 -4.487609863281250000e+00 2.485141456127166748e-01
-6.917314052581787109e+00 -4.750195503234863281e+00 1.699115633964538574e-01
-7.801792621612548828e+00 -5.783104419708251953e+00 1.033969447016716003e-01
-7.396812438964843750e+00 -5.908563613891601562e+00 1.156611926853656769e-02
-9.438161849975585938e+00 -6.430134296417236328e+00 3.235953330993652344e+00
-9.484805107116699219e+00 -6.991842746734619141e+00 3.214720010757446289e+00
-9.697966575622558594e+00 -6.602181434631347656e+00 2.853441476821899414e+00
-1.026804733276367188e+01 -6.447690963745117188e+00 2.603712558746337891e+00
-9.987932205200195312e+00 -6.794483184814453125e+00 2.470858097076416016e+00
-7.692574501037597656e+00 -4.822970867156982422e+00 9.302645921707153320e-01
-7.227730751037597656e+00 -4.905739307403564453e+00 8.118918538093566895e-01
-6.957545280456542969e+00 -5.100783348083496094e+00 7.198821306228637695e-01
-6.893502235412597656e+00 -5.447335243225097656e+00 6.498289704322814941e-01
-7.108121871948242188e+00 -4.453083992004394531e+00 5.527066588401794434e-01
-6.935901641845703125e+00 -4.704128265380859375e+00 4.729538857936859131e-01
-6.879926681518554688e+00 -5.040187358856201172e+00 4.007063806056976318e-01
-6.898556232452392578e+00 -5.445464134216308594e+00 3.299512267112731934e-01
-7.108473300933837891e+00 -4.451576709747314453e+00 2.489294707775115967e-01
-6.926466941833496094e+00 -4.694200038909912109e+00 1.694256961345672607e-01
-7.816149711608886719e+00 -5.719771385192871094e+00 1.031201407313346863e-01
-7.674751281738281250e+00 -6.053816318511962891e+00 1.194241270422935486e-02
-9.939732551574707031e+00 -6.682922363281250000e+00 3.393798112869262695e+00
-9.539228439331054688e+00 -6.942028999328613281e+00 3.218668222427368164e+00
-1.077042388916015625e+01 -6.668759346008300781e+00 3.217223644256591797e+00
-9.818142890930175781e+00 -6.596196651458740234e+00 2.876837968826293945e+00
-1.005953025817871094e+01 -6.753274917602539062e+00 2.478272676467895508e+00
-7.763479709625244141e+00 -4.801318168640136719e+00 9.352588653564453125e-01
-7.260177135467529297e+00 -4.862960815429687500e+00 8.121694326400756836e-01
-6.965300559997558594e+00 -5.041052818298339844e+00 7.174705862998962402e-01
-6.880408287048339844e+00 -5.368738174438476562e+00 6.454771161079406738e-01
-7.148044586181640625e+00 -4.417253971099853516e+00 5.536929368972778320e-01
-6.951359748840332031e+00 -4.652596473693847656e+00 4.720523953437805176e-01
-6.869443893432617188e+00 -4.968024253845214844e+00 3.983128368854522705e-01
-6.900312900543212891e+00 -5.378459453582763672e+00 3.284505903720855713e-01
-7.133952140808105469e+00 -4.406825065612792969e+00 2.488701194524765015e-01
-6.944335460662841797e+00 -4.644385814666748047e+00 1.691625118255615234e-01
-7.277053356170654297e+00 -5.668027877807617188e+00 1.126923877745866776e-02
-9.990172386169433594e+00 -6.628190517425537109e+00 3.397069454193115234e+00
-9.552653312683105469e+00 -6.862539768218994141e+00 3.208929538726806641e+00
-1.079625129699707031e+01 -6.593454837799072266e+00 3.212793111801147461e+00
-9.651107788085937500e+00 -6.398380279541015625e+00 2.816337823867797852e+00
-1.038664150238037109e+01 -6.880798339843750000e+00 2.548410654067993164e+00
-7.768165588378906250e+00 -4.738568782806396484e+00 9.323030114173889160e-01
-7.242531776428222656e+00 -4.787026882171630859e+00 8.068944811820983887e-01
-6.977451324462890625e+00 -4.984895706176757812e+00 7.155579924583435059e-01
-6.847651004791259766e+00 -5.275900840759277344e+00 6.393550038337707520e-01
-7.194610595703125000e+00 -4.385255813598632812e+00 5.552052259445190430e-01
-6.983942508697509766e+00 -4.612607479095458984e+00 4.723341166973114014e-01
-6.898171901702880859e+00 -4.924620151519775391e+00 3.982189893722534180e-01
-6.930809497833251953e+00 -5.334190845489501953e+00 3.283380866050720215e-01
-7.174516201019287109e+00 -4.371290683746337891e+00 2.493447959423065186e-01
-6.950172424316406250e+00 -4.586820125579833984e+00 1.686159223318099976e-01
-7.392548561096191406e+00 -5.685452938079833984e+00 1.139385625720024109e-02
-1.044460964202880859e+01 -6.288554668426513672e+00 3.592816114425659180e+00
-1.002099418640136719e+01 -6.560443401336669922e+00 3.393798112869262695e+00
-1.081906986236572266e+01 -6.516584873199462891e+00 3.207623720169067383e+00
-9.791014671325683594e+00 -6.405001163482666016e+00 2.845642566680908203e+00
-9.804463386535644531e+00 -6.944918155670166016e+00 2.800391674041748047e+00
-1.005225944519042969e+01 -6.570890903472900391e+00 2.456429719924926758e+00
-7.823519706726074219e+00 -4.706712722778320312e+00 9.354627132415771484e-01
-7.210265159606933594e+00 -4.334344863891601562e+00 5.543504953384399414e-01
-7.005421161651611328e+00 -4.565306663513183594e+00 4.718833565711975098e-01
-6.916010856628417969e+00 -4.873569965362548828e+00 3.975149989128112793e-01
-6.927605628967285156e+00 -5.264356136322021484e+00 3.266498744487762451e-01
-7.220051288604736328e+00 -4.338512420654296875e+00 2.499974370002746582e-01
-7.003320217132568359e+00 -4.560455322265625000e+00 1.692232489585876465e-01
-7.324558258056640625e+00 -5.561972618103027344e+00 1.123625319451093674e-02
-1.051434040069580078e+01 -6.242958545684814453e+00 3.603557586669921875e+00
-1.005782699584960938e+01 -6.496744155883789062e+00 3.392707586288452148e+00
-9.577661514282226562e+00 -6.703859806060791016e+00 3.189452886581420898e+00
-1.084968376159667969e+01 -6.444632530212402344e+00 3.204916000366210938e+00
-9.836662292480468750e+00 -6.349020004272460938e+00 2.847533226013183594e+00
-9.607444763183593750e+00 -6.717214107513427734e+00 2.732294082641601562e+00
-1.011544132232666016e+01 -6.523955821990966797e+00 2.462040662765502930e+00
-7.824874877929687500e+00 -4.642377376556396484e+00 9.322011470794677734e-01
-7.276207923889160156e+00 -4.313428401947021484e+00 5.573750138282775879e-01
-7.023224830627441406e+00 -4.515757083892822266e+00 4.712072610855102539e-01
-6.917902946472167969e+00 -4.811649799346923828e+00 3.959193229675292969e-01
-6.890234947204589844e+00 -5.169574737548828125e+00 3.233859837055206299e-01
-7.272334098815917969e+00 -4.309416770935058594e+00 2.508874535560607910e-01
-7.014348030090332031e+00 -4.506589889526367188e+00 1.688183695077896118e-01
-7.593778133392333984e+00 -5.693284034729003906e+00 1.159544102847576141e-02
-1.062032604217529297e+01 -6.218067646026611328e+00 3.626737117767333984e+00
-1.004881858825683594e+01 -6.403883934020996094e+00 3.376350641250610352e+00
-9.409065246582031250e+00 -6.500200271606445312e+00 3.119967937469482422e+00
-1.160743141174316406e+01 -6.798726081848144531e+00 3.416361808776855469e+00
-9.945861816406250000e+00 -6.863352298736572266e+00 2.816508054733276367e+00
-1.172211933135986328e+01 -6.868649482727050781e+00 2.917602300643920898e+00
-1.017016029357910156e+01 -6.471233367919921875e+00 2.465647935867309570e+00
-7.830029010772705078e+00 -4.580714225769042969e+00 9.294491410255432129e-01
-7.331099510192871094e+00 -4.653971672058105469e+00 8.070795536041259766e-01
-6.979315280914306641e+00 -4.794677257537841797e+00 7.065771818161010742e-01
-6.838664531707763672e+00 -5.071147441864013672e+00 6.296924352645874023e-01
-7.333549976348876953e+00 -4.286829471588134766e+00 5.597420930862426758e-01
-7.056702136993408203e+00 -4.476322174072265625e+00 4.716016650199890137e-01
-6.919296264648437500e+00 -4.749890327453613281e+00 3.943236172199249268e-01
-6.872038841247558594e+00 -5.090321540832519531e+00 3.210600018501281738e-01
-7.312447547912597656e+00 -4.272781848907470703e+00 2.513621151447296143e-01
-7.039334297180175781e+00 -4.461859703063964844e+00 1.687576323747634888e-01
-7.672776222229003906e+00 -5.679304122924804688e+00 1.166263688355684280e-02
-1.060760498046875000e+01 -6.123532295227050781e+00 3.609493970870971680e+00
-1.001787376403808594e+01 -6.298066616058349609e+00 3.352905750274658203e+00
-9.425658226013183594e+00 -6.426584243774414062e+00 3.112335443496704102e+00
-9.679491996765136719e+00 -6.592231750488281250e+00 2.729570150375366211e+00
-1.174287891387939453e+01 -6.784366607666015625e+00 2.912353277206420898e+00
-1.019639873504638672e+01 -6.400374412536621094e+00 2.462441444396972656e+00
-7.875222682952880859e+00 -4.542524814605712891e+00 9.314876794815063477e-01
-7.312259674072265625e+00 -4.579306125640869141e+00 8.018969893455505371e-01
-6.983033657073974609e+00 -4.734426498413085938e+00 7.039993405342102051e-01
-6.839073181152343750e+00 -5.006705284118652344e+00 6.268895268440246582e-01
-7.406400203704833984e+00 -4.268657684326171875e+00 5.632926225662231445e-01
-7.091652870178222656e+00 -4.437705039978027344e+00 4.721087515354156494e-01
-6.940040588378906250e+00 -4.701742172241210938e+00 3.938542902469635010e-01
-6.873298168182373047e+00 -5.026235103607177734e+00 3.196719288825988770e-01
-7.385296821594238281e+00 -4.254777908325195312e+00 2.529640793800354004e-01
-7.084381580352783203e+00 -4.429714679718017578e+00 1.691827625036239624e-01
-7.537924289703369141e+00 -5.508218765258789062e+00 1.140607334673404694e-02
-1.064414501190185547e+01 -6.057855606079101562e+00 3.609211206436157227e+00
-1.001708221435546875e+01 -6.212140083312988281e+00 3.339820146560668945e+00
-9.479320526123046875e+00 -6.378322601318359375e+00 3.117073059082031250e+00
-1.026572132110595703e+01 -6.361373901367187500e+00 2.937338352203369141e+00
-9.719758987426757812e+00 -6.532715320587158203e+00 2.729570150375366211e+00
-1.190407562255859375e+01 -6.780416488647460938e+00 2.941957712173461914e+00
-1.024630737304687500e+01 -6.344395160675048828e+00 2.465046644210815430e+00
-1.038196182250976562e+01 -6.967269420623779297e+00 2.434889793395996094e+00
-8.846128463745117188e+00 -5.468880653381347656e+00 1.347049236297607422e+00
-7.892570018768310547e+00 -4.488216876983642578e+00 9.302645921707153320e-01
-7.450671195983886719e+00 -4.233484268188476562e+00 5.646734237670898438e-01
-7.110252380371093750e+00 -4.388863563537597656e+00 4.715453088283538818e-01
-6.962116718292236328e+00 -4.654629230499267578e+00 3.934788405895233154e-01
-6.912921428680419922e+00 -4.990400314331054688e+00 3.200846016407012939e-01
-7.136956691741943359e+00 -4.401907444000244141e+00 1.697900891304016113e-01
-7.539139747619628906e+00 -5.438461780548095703e+00 1.135720405727624893e-02
-1.071374034881591797e+01 -6.010734081268310547e+00 3.620235443115234375e+00
-9.896822929382324219e+00 -6.571388721466064453e+00 3.241039991378784180e+00
-9.421146392822265625e+00 -6.770715236663818359e+00 3.050155401229858398e+00
-1.105444240570068359e+01 -6.204415321350097656e+00 3.219439029693603516e+00
-1.041648483276367188e+01 -6.366674423217773438e+00 2.969242811203002930e+00
-9.785631179809570312e+00 -6.490178108215332031e+00 2.736833810806274414e+00
-1.210913753509521484e+01 -6.799152851104736328e+00 2.982270002365112305e+00
-1.031514358520507812e+01 -6.299788475036621094e+00 2.472260951995849609e+00
-8.835488319396972656e+00 -5.387650966644287109e+00 1.340369820594787598e+00
-7.887853145599365234e+00 -4.421706199645996094e+00 9.264933466911315918e-01
-7.344095706939697266e+00 -4.474721908569335938e+00 7.993057370185852051e-01
-7.018151760101318359e+00 -4.633552551269531250e+00 7.017540931701660156e-01
-6.871583461761474609e+00 -4.902131080627441406e+00 6.243079304695129395e-01
-7.577494144439697266e+00 -4.244252204895019531e+00 5.723006129264831543e-01
-7.146428585052490234e+00 -4.350864410400390625e+00 4.721650779247283936e-01
-6.970534801483154297e+00 -4.598621368408203125e+00 3.923524618148803711e-01
-6.980846881866455078e+00 -4.974565505981445312e+00 3.218103051185607910e-01
-7.608769893646240234e+00 -4.260025501251220703e+00 2.588083148002624512e-01
-7.194581985473632812e+00 -4.376739501953125000e+00 1.705188900232315063e-01
-7.872134208679199219e+00 -5.605556964874267578e+00 1.180680096149444580e-02
-1.068074893951416016e+01 -5.906354904174804688e+00 3.596773624420166016e+00
-1.001604080200195312e+01 -6.562353134155273438e+00 3.266833543777465820e+00
-9.599765777587890625e+00 -6.810148715972900391e+00 3.094397544860839844e+00
-1.104989910125732422e+01 -6.113010406494140625e+00 3.207131385803222656e+00
-1.018739604949951172e+01 -6.141111373901367188e+00 2.893144845962524414e+00
-1.024820423126220703e+01 -6.706795692443847656e+00 2.854642391204833984e+00
-1.078877258300781250e+01 -5.971010208129882812e+00 2.648013830184936523e+00
-1.042723846435546875e+01 -6.813569545745849609e+00 2.425714254379272461e+00
-8.845434188842773438e+00 -5.319536209106445312e+00 1.336901783943176270e+00
-8.791261672973632812e+00 -5.731430053710937500e+00 1.260688781738281250e+00
-7.963596820831298828e+00 -4.400166034698486328e+00 9.322011470794677734e-01
-7.366293430328369141e+00 -4.426498413085937500e+00 7.987505197525024414e-01
-7.042275905609130859e+00 -4.587682723999023438e+00 7.013382911682128906e-01
-6.897455692291259766e+00 -4.857004642486572266e+00 6.239390969276428223e-01
-7.680266857147216797e+00 -4.240117549896240234e+00 5.780867338180541992e-01
-7.199525356292724609e+00 -4.322865486145019531e+00 4.739117622375488281e-01
-6.996108531951904297e+00 -4.554129123687744141e+00 3.922116756439208984e-01
-6.975275516510009766e+00 -4.906342029571533203e+00 3.201596140861511230e-01
-7.722280502319335938e+00 -4.261554241180419922e+00 2.617749571800231934e-01
-7.247021198272705078e+00 -4.347942829132080078e+00 1.711262166500091553e-01
-7.723120689392089844e+00 -5.428340911865234375e+00 1.153313368558883667e-02
-1.039757537841796875e+01 -5.666735172271728516e+00 3.489639043807983398e+00
-1.014118862152099609e+01 -6.555765628814697266e+00 3.294469356536865234e+00
-9.631864547729492188e+00 -6.744460582733154297e+00 3.091346502304077148e+00
-1.053322219848632812e+01 -5.743048191070556641e+00 3.046885490417480469e+00
-1.041949367523193359e+01 -6.194178104400634766e+00 2.948209524154663086e+00
-9.978263854980468750e+00 -6.443037509918212891e+00 2.768385887145996094e+00
-9.685265541076660156e+00 -6.769265174865722656e+00 2.641278505325317383e+00
-1.080117416381835938e+01 -5.891590118408203125e+00 2.642134904861450195e+00
-8.817345619201660156e+00 -5.229244232177734375e+00 1.327781915664672852e+00
-8.076063156127929688e+00 -4.397842884063720703e+00 9.421896934509277344e-01
-7.460130214691162109e+00 -4.420810222625732422e+00 8.059689998626708984e-01
-7.071131229400634766e+00 -4.544924736022949219e+00 7.014214992523193359e-01
-6.891914844512939453e+00 -4.790117263793945312e+00 6.207673549652099609e-01
-7.753469467163085938e+00 -4.218665122985839844e+00 5.816373229026794434e-01
-7.261996746063232422e+00 -4.299973487854003906e+00 4.762781858444213867e-01
-7.018877506256103516e+00 -4.507877826690673828e+00 3.919301033020019531e-01
-7.005249023437500000e+00 -4.863450527191162109e+00 3.201596140861511230e-01
-7.835214614868164062e+00 -4.261370182037353516e+00 2.647119164466857910e-01
-7.264959335327148438e+00 -4.298303604125976562e+00 1.709237843751907349e-01
-7.550872802734375000e+00 -5.238348960876464844e+00 1.122770085930824280e-02
-1.037806606292724609e+01 -5.573783397674560547e+00 3.471547603607177734e+00
-1.020643806457519531e+01 -6.509499073028564453e+00 3.302628755569458008e+00
-9.812297821044921875e+00 -6.781459331512451172e+00 3.135842561721801758e+00
-1.062034416198730469e+01 -5.706292629241943359e+00 3.061900854110717773e+00
-1.161745738983154297e+01 -6.810216426849365234e+00 3.275289297103881836e+00
-1.001596641540527344e+01 -6.380643844604492188e+00 2.767931699752807617e+00
-9.690469741821289062e+00 -6.684772968292236328e+00 2.631462097167968750e+00
-1.075444793701171875e+01 -5.780765533447265625e+00 2.621978998184204102e+00
-8.947278976440429688e+00 -5.677910804748535156e+00 1.272973537445068359e+00
-8.138834953308105469e+00 -4.367492198944091797e+00 9.463686347007751465e-01
-7.517204761505126953e+00 -4.392534732818603516e+00 8.092080354690551758e-01
-7.127500057220458984e+00 -4.519596576690673828e+00 7.042488455772399902e-01
-6.911307811737060547e+00 -4.740969181060791016e+00 6.198822259902954102e-01
-8.018405914306640625e+00 -4.299263000488281250e+00 5.995216369628906250e-01
-7.319283962249755859e+00 -4.273457050323486328e+00 4.783066213130950928e-01
-7.040498733520507812e+00 -4.460983276367187500e+00 3.916015625000000000e-01
-6.926145076751708984e+00 -4.745816230773925781e+00 3.152075409889221191e-01
-7.876191616058349609e+00 -4.221240997314453125e+00 2.652162313461303711e-01
-7.296377658843994141e+00 -4.256668567657470703e+00 1.710452437400817871e-01
-7.948401927947998047e+00 -5.442193031311035156e+00 1.176892686635255814e-02
-1.027726840972900391e+01 -5.438663005828857422e+00 3.426602363586425781e+00
-9.905656814575195312e+00 -6.756547927856445312e+00 3.152369737625122070e+00
-1.066629314422607422e+01 -5.646915912628173828e+00 3.065100908279418945e+00
-1.160013771057128906e+01 -6.704768180847167969e+00 3.258746385574340820e+00
-9.939487457275390625e+00 -6.246517658233642578e+00 2.736153125762939453e+00
-9.707102775573730469e+00 -6.608711242675781250e+00 2.624917745590209961e+00
-1.083377933502197266e+01 -5.738006591796875000e+00 2.632686853408813477e+00
-8.996256828308105469e+00 -5.631860733032226562e+00 1.275001168251037598e+00
-8.487760543823242188e+00 -5.752588748931884766e+00 1.133808851242065430e+00
-8.213848114013671875e+00 -4.343045234680175781e+00 9.519744515419006348e-01
-7.537975788116455078e+00 -4.342847824096679688e+00 8.085602521896362305e-01
-7.149183750152587891e+00 -4.472078323364257812e+00 7.036667466163635254e-01
-6.941919326782226562e+00 -4.699591159820556641e+00 6.200297474861145020e-01
-7.992580413818359375e+00 -4.222481250762939453e+00 5.956423282623291016e-01
-7.377382755279541016e+00 -4.246896266937255859e+00 4.803913235664367676e-01
-7.060961723327636719e+00 -4.413464069366455078e+00 3.912260830402374268e-01
-6.923678398132324219e+00 -4.681957244873046875e+00 3.137819468975067139e-01
-8.060159683227539062e+00 -4.256384372711181641e+00 2.705264985561370850e-01
-7.385624408721923828e+00 -4.248208999633789062e+00 1.725230962038040161e-01
-8.043787956237792969e+00 -5.435311317443847656e+00 1.186055690050125122e-02
-1.035467433929443359e+01 -5.398560047149658203e+00 3.441301584243774414e+00
-1.073339748382568359e+01 -5.598395347595214844e+00 3.074454784393310547e+00
-1.140805149078369141e+01 -6.500689506530761719e+00 3.193519353866577148e+00
-9.937896728515625000e+00 -6.160781383514404297e+00 2.725257396697998047e+00
-9.817946434020996094e+00 -6.596375465393066406e+00 2.643896341323852539e+00
-1.071449375152587891e+01 -5.590914249420166016e+00 2.595314025878906250e+00
-1.201729583740234375e+01 -6.842301368713378906e+00 2.828561544418334961e+00
-1.041687583923339844e+01 -6.447651386260986328e+00 2.385763645172119141e+00
-1.035064792633056641e+01 -6.941178798675537109e+00 2.305303096771240234e+00
-8.569828987121582031e+00 -4.871494293212890625e+00 1.276787400245666504e+00
-8.908995628356933594e+00 -5.501435279846191406e+00 1.257826209068298340e+00
-8.370880126953125000e+00 -5.598726272583007812e+00 1.113585829734802246e+00
-8.251811981201171875e+00 -4.298539161682128906e+00 9.532995223999023438e-01
-7.668376922607421875e+00 -4.355525016784667969e+00 8.196655511856079102e-01
-7.188362121582031250e+00 -4.435453891754150391e+00 7.048308849334716797e-01
-6.952382087707519531e+00 -4.644720077514648438e+00 6.184070706367492676e-01
-8.119242668151855469e+00 -4.225878715515136719e+00 6.031380295753479004e-01
-7.464952945709228516e+00 -4.236537933349609375e+00 4.843917787075042725e-01
-7.108316421508789062e+00 -4.382637500762939453e+00 3.923524618148803711e-01
-6.965575218200683594e+00 -4.648261070251464844e+00 3.143821954727172852e-01
-8.173024177551269531e+00 -4.252058029174804688e+00 2.734337747097015381e-01
-7.455036640167236328e+00 -4.227470397949218750e+00 1.735353171825408936e-01
-1.135482311248779297e+01 -6.992621421813964844e+00 1.419791579246520996e-01
-8.215929031372070312e+00 -5.478502273559570312e+00 1.206458546221256256e-02
-1.042941474914550781e+01 -5.356396198272705078e+00 3.455152511596679688e+00
-1.049374103546142578e+01 -6.970540046691894531e+00 3.312047958374023438e+00
-1.062012767791748047e+01 -5.456686496734619141e+00 3.032362461090087891e+00
-1.117493820190429688e+01 -6.277335643768310547e+00 3.117421388626098633e+00
-9.750055313110351562e+00 -6.464285850524902344e+00 2.614883184432983398e+00
-1.117641830444335938e+01 -5.744977951049804688e+00 2.698614120483398438e+00
-1.192833900451660156e+01 -6.695069313049316406e+00 2.797901153564453125e+00
-1.037916660308837891e+01 -6.336558341979980469e+00 2.368177890777587891e+00
-1.033564090728759766e+01 -6.839552402496337891e+00 2.292570590972900391e+00
-8.697319984436035156e+00 -4.873600006103515625e+00 1.291302204132080078e+00
-9.427618026733398438e+00 -5.742086887359619141e+00 1.326048970222473145e+00
-7.775756359100341797e+00 -4.353630065917968750e+00 8.282722234725952148e-01
-7.223954677581787109e+00 -4.396443843841552734e+00 7.056624293327331543e-01
-6.994904518127441406e+00 -4.611304759979248047e+00 6.196609735488891602e-01
-8.227598190307617188e+00 -4.218318462371826172e+00 6.092529296875000000e-01
-7.576198101043701172e+00 -4.238424777984619141e+00 4.899135529994964600e-01
-7.175187110900878906e+00 -4.363332748413085938e+00 3.945582807064056396e-01
-6.986454010009765625e+00 -4.600487232208251953e+00 3.140445351600646973e-01
-8.291473388671875000e+00 -4.249240398406982422e+00 2.765190601348876953e-01
-7.325997352600097656e+00 -4.449789524078369141e+00 9.126015007495880127e-02
-8.141626358032226562e+00 -5.357079982757568359e+00 1.190698239952325821e-02
-1.042784690856933594e+01 -5.274982452392578125e+00 3.443845510482788086e+00
-1.261651992797851562e+01 -6.991382598876953125e+00 4.087060928344726562e+00
-1.014239501953125000e+01 -6.647826671600341797e+00 3.188220977783203125e+00
-1.069492053985595703e+01 -5.412427425384521484e+00 3.044178009033203125e+00
-1.102283000946044922e+01 -6.103218555450439453e+00 3.064483642578125000e+00
-1.072830486297607422e+01 -6.469891548156738281e+00 2.920015811920166016e+00
-9.814035415649414062e+00 -6.420366764068603516e+00 2.621427297592163086e+00
-1.115476036071777344e+01 -5.647586822509765625e+00 2.684967041015625000e+00
-1.079559230804443359e+01 -5.972476959228515625e+00 2.523561716079711914e+00
-1.038673782348632812e+01 -6.254019737243652344e+00 2.361104965209960938e+00
-8.694071769714355469e+00 -4.801922798156738281e+00 1.286421060562133789e+00
-8.820423126220703125e+00 -5.743999004364013672e+00 1.163923501968383789e+00
-8.479732513427734375e+00 -4.285801410675048828e+00 9.734805226325988770e-01
-7.828475952148437500e+00 -4.320269584655761719e+00 8.310484886169433594e-01
-7.270447254180908203e+00 -4.363831520080566406e+00 7.075750827789306641e-01
-7.071554660797119141e+00 -4.599837303161621094e+00 6.239390969276428223e-01
-8.339725494384765625e+00 -4.211385250091552734e+00 6.156308054924011230e-01
-7.623045444488525391e+00 -4.203428745269775391e+00 4.912658333778381348e-01
-7.220671653747558594e+00 -4.330527305603027344e+00 3.955908119678497314e-01
-7.018740177154541016e+00 -4.560255050659179688e+00 3.142321407794952393e-01
-8.370038032531738281e+00 -4.224859237670898438e+00 2.782693803310394287e-01
-7.712138175964355469e+00 -4.249045848846435547e+00 1.782927513122558594e-01
-8.270797729492187500e+00 -5.369644165039062500e+00 1.204748172312974930e-02
-1.038961410522460938e+01 -5.175826072692871094e+00 3.420666217803955078e+00
-1.031682682037353516e+01 -5.634556293487548828e+00 3.330823659896850586e+00
-1.065506172180175781e+01 -5.310386657714843750e+00 3.023501157760620117e+00
-1.057048320770263672e+01 -5.768301486968994141e+00 2.928830623626708984e+00
-1.136043167114257812e+01 -6.756398200988769531e+00 3.080725669860839844e+00
-9.931961059570312500e+00 -6.410836696624755859e+00 2.642369270324707031e+00
-1.114982986450195312e+01 -5.559403896331787109e+00 2.675518751144409180e+00
-1.064279937744140625e+01 -5.802943706512451172e+00 2.479475021362304688e+00
-8.728599548339843750e+00 -4.751331329345703125e+00 1.287191867828369141e+00
-8.439076423645019531e+00 -4.200444698333740234e+00 9.658362269401550293e-01
-7.959801673889160156e+00 -4.329242706298828125e+00 8.421538472175598145e-01
-7.318525791168212891e+00 -4.331828594207763672e+00 7.096539139747619629e-01
-7.085377216339111328e+00 -4.547203540802001953e+00 6.226851344108581543e-01
-8.472622871398925781e+00 -4.213452339172363281e+00 6.235209703445434570e-01
-7.730276584625244141e+00 -4.200911045074462891e+00 4.965057969093322754e-01
-7.267741203308105469e+00 -4.298344135284423828e+00 3.967171311378479004e-01
-7.039858818054199219e+00 -4.512788295745849609e+00 3.139320015907287598e-01
-8.556917190551757812e+00 -4.253509521484375000e+00 2.836093008518218994e-01
-7.957721233367919922e+00 -4.320914745330810547e+00 1.833538562059402466e-01
-7.493696689605712891e+00 -4.426685810089111328e+00 9.266546368598937988e-02
-7.830350399017333984e+00 -5.015665054321289062e+00 1.136086974292993546e-02
-1.202039432525634766e+01 -5.896455287933349609e+00 3.945596218109130859e+00
-1.036645603179931641e+01 -5.579355239868164062e+00 3.335731029510498047e+00
-1.067004299163818359e+01 -5.236368179321289062e+00 3.018578052520751953e+00
-1.058428382873535156e+01 -5.691828727722167969e+00 2.922922372817993164e+00
-1.037592697143554688e+01 -6.085010528564453125e+00 2.803569316864013672e+00
-9.801535606384277344e+00 -6.241786956787109375e+00 2.597431659698486328e+00
-1.114862632751464844e+01 -5.473649501800537109e+00 2.667120218276977539e+00
-1.074293231964111328e+01 -5.772310256958007812e+00 2.494504690170288086e+00
-1.277688217163085938e+01 -6.270308017730712891e+00 2.514705657958984375e+00
-8.791670799255371094e+00 -4.715966701507568359e+00 1.292201280593872070e+00
-8.453971862792968750e+00 -4.143330574035644531e+00 9.646131396293640137e-01
-8.037116050720214844e+00 -4.307601451873779297e+00 8.475213646888732910e-01
-7.394025802612304688e+00 -4.315474033355712891e+00 7.143938541412353516e-01
-7.193191528320312500e+00 -4.554323673248291016e+00 6.296924352645874023e-01
-8.591518402099609375e+00 -4.207024097442626953e+00 6.303591728210449219e-01
-7.885290145874023438e+00 -4.222685813903808594e+00 5.047884583473205566e-01
-7.318139076232910156e+00 -4.267759323120117188e+00 3.980312347412109375e-01
-7.060659885406494141e+00 -4.465235233306884766e+00 3.136318922042846680e-01
-8.653780937194824219e+00 -4.235640048980712891e+00 2.859529554843902588e-01
-7.851853847503662109e+00 -4.201253890991210938e+00 1.803172081708908081e-01
-7.510348320007324219e+00 -4.374582767486572266e+00 9.253770858049392700e-02
-8.046957015991210938e+00 -5.085048198699951172e+00 1.162964943796396255e-02
-1.036734580993652344e+01 -5.498062133789062500e+00 3.325098752975463867e+00
-1.067317295074462891e+01 -5.156884670257568359e+00 3.010454893112182617e+00
-1.060441303253173828e+01 -5.619043350219726562e+00 2.918904781341552734e+00
-1.038861942291259766e+01 -6.007092475891113281e+00 2.796986579895019531e+00
-9.854524612426757812e+00 -6.190873146057128906e+00 2.601358175277709961e+00
-1.295485496520996094e+01 -6.262098312377929688e+00 3.089979410171508789e+00
-1.094179534912109375e+01 -5.792923927307128906e+00 2.532379150390625000e+00
-1.044956016540527344e+01 -6.551979064941406250e+00 2.281475067138671875e+00
-8.776602745056152344e+00 -4.638762474060058594e+00 1.285778880119323730e+00
-8.378889083862304688e+00 -4.042961120605468750e+00 9.531975388526916504e-01
-8.105659484863281250e+00 -4.280524730682373047e+00 8.519635200500488281e-01
-7.487737178802490234e+00 -4.308792591094970703e+00 7.208800315856933594e-01
-7.165174961090087891e+00 -4.475233554840087891e+00 6.248242259025573730e-01
-8.686380386352539062e+00 -4.187593460083007812e+00 6.354219913482666016e-01
-8.008184432983398438e+00 -4.225474834442138672e+00 5.109862685203552246e-01
-7.335528850555419922e+00 -4.217796802520751953e+00 3.975619375705718994e-01
-7.088772773742675781e+00 -4.422356128692626953e+00 3.136693835258483887e-01
-8.781359672546386719e+00 -4.231493473052978516e+00 2.893052399158477783e-01
-8.131311416625976562e+00 -4.286814212799072266e+00 1.861273497343063354e-01
-7.474616527557373047e+00 -4.292563438415527344e+00 9.177117794752120972e-02
-8.407271385192871094e+00 -5.240830421447753906e+00 1.210368145257234573e-02
-1.039576911926269531e+01 -5.431673049926757812e+00 3.323463201522827148e+00
-1.072036838531494141e+01 -5.098791122436523438e+00 3.014885663986206055e+00
-1.063610649108886719e+01 -5.552520751953125000e+00 2.918195724487304688e+00
-9.887349128723144531e+00 -6.127205848693847656e+00 2.600049495697021484e+00
-1.282705688476562500e+01 -6.103513717651367188e+00 3.050506830215454102e+00
-1.084683609008789062e+01 -5.657713890075683594e+00 2.502320051193237305e+00
-1.043437004089355469e+01 -6.453600406646728516e+00 2.269470214843750000e+00
-1.267145156860351562e+01 -6.026760101318359375e+00 2.479211091995239258e+00
-1.258293151855468750e+01 -5.981965541839599609e+00 1.940727829933166504e+00
-9.603634834289550781e+00 -5.452645301818847656e+00 1.326645255088806152e+00
-9.283250808715820312e+00 -4.409314632415771484e+00 1.052981615066528320e+00
-8.256318092346191406e+00 -4.295506477355957031e+00 8.650122880935668945e-01
-7.540904521942138672e+00 -4.278010845184326172e+00 7.234578728675842285e-01
-7.168725490570068359e+00 -4.416537761688232422e+00 6.227589249610900879e-01
-8.817384719848632812e+00 -4.184267997741699219e+00 6.431148648262023926e-01
-8.136721611022949219e+00 -4.229675769805908203e+00 5.175222158432006836e-01
-7.562008857727050781e+00 -4.286495208740234375e+00 4.084032475948333740e-01
-7.125136375427246094e+00 -4.384538173675537109e+00 3.140820860862731934e-01
-8.906500816345214844e+00 -4.224653720855712891e+00 2.925685048103332520e-01
-8.186740875244140625e+00 -4.252048015594482422e+00 1.867954134941101074e-01
-7.450344562530517578e+00 -4.218045711517333984e+00 9.115368872880935669e-02
-8.072975158691406250e+00 -4.963917732238769531e+00 1.157833728939294815e-02
-1.142315387725830078e+01 -5.344919204711914062e+00 3.716628313064575195e+00
-1.046312046051025391e+01 -5.385395526885986328e+00 3.334367752075195312e+00
-1.199043750762939453e+01 -6.746617794036865234e+00 3.753489732742309570e+00
-1.079007625579833984e+01 -5.050996780395507812e+00 3.025716543197631836e+00
-1.059307098388671875e+01 -5.447605133056640625e+00 2.897162437438964844e+00
-1.240749359130859375e+01 -6.972730159759521484e+00 3.317250490188598633e+00
-9.780703544616699219e+00 -5.978371143341064453e+00 2.562310695648193359e+00
-1.243572330474853516e+01 -5.823995113372802734e+00 2.948886394500732422e+00
-1.090487575531005859e+01 -5.603141784667968750e+00 2.507730722427368164e+00
-1.053673171997070312e+01 -6.427862644195556641e+00 2.283112287521362305e+00
-1.281610870361328125e+01 -5.999413013458251953e+00 2.500264167785644531e+00
-1.295760250091552734e+01 -6.062891960144042969e+00 1.992739915847778320e+00
-8.702271461486816406e+00 -4.463723659515380859e+00 1.266768336296081543e+00
-9.349109649658203125e+00 -5.687700748443603516e+00 1.210084795951843262e+00
-8.356067657470703125e+00 -4.282458782196044922e+00 8.726934790611267090e-01
-7.688779830932617188e+00 -4.299755573272705078e+00 7.350996732711791992e-01
-7.205917358398437500e+00 -4.378683090209960938e+00 6.236440539360046387e-01
-8.985738754272460938e+00 -4.196803092956542969e+00 6.535035967826843262e-01
-8.226506233215332031e+00 -4.212433815002441406e+00 5.215789675712585449e-01
-7.568112373352050781e+00 -4.228808403015136719e+00 4.073238372802734375e-01
-7.166427135467529297e+00 -4.349550724029541016e+00 3.147198259830474854e-01
-9.029168128967285156e+00 -4.215167522430419922e+00 2.957428097724914551e-01
-8.340847015380859375e+00 -4.267308712005615234e+00 1.897106170654296875e-01
-7.579119682312011719e+00 -4.229753017425537109e+00 9.240995347499847412e-02
-8.361504554748535156e+00 -5.070891380310058594e+00 1.194729935377836227e-02
-1.142001056671142578e+01 -5.258278846740722656e+00 3.705038309097290039e+00
-1.204679489135742188e+01 -6.681341171264648438e+00 3.758227109909057617e+00
-1.074691867828369141e+01 -4.950631141662597656e+00 3.005039453506469727e+00
-1.051707839965820312e+01 -5.327182292938232422e+00 2.867384910583496094e+00
-1.045057392120361328e+01 -5.788898944854736328e+00 2.784502029418945312e+00
-1.255380249023437500e+01 -5.785638809204101562e+00 2.968412637710571289e+00
-1.099237346649169922e+01 -5.563111305236816406e+00 2.519954681396484375e+00
-1.067623901367187500e+01 -6.423414707183837891e+00 2.304757356643676758e+00
-1.266216945648193359e+01 -5.832902431488037109e+00 2.463203907012939453e+00
-1.296307277679443359e+01 -5.968772888183593750e+00 1.987911224365234375e+00
-8.800309181213378906e+00 -4.446018695831298828e+00 1.277044296264648438e+00
-9.365082740783691406e+00 -5.618978977203369141e+00 1.207666873931884766e+00
-8.441741943359375000e+00 -4.261168479919433594e+00 8.788939714431762695e-01
-7.741200447082519531e+00 -4.266929149627685547e+00 7.375944256782531738e-01
-9.081133842468261719e+00 -4.173675060272216797e+00 6.585665345191955566e-01
-8.368979454040527344e+00 -4.220774650573730469e+00 5.289601087570190430e-01
-7.805661201477050781e+00 -4.298907756805419922e+00 4.186813831329345703e-01
-7.227278709411621094e+00 -4.326025962829589844e+00 3.162204921245574951e-01
-9.164765357971191406e+00 -4.210174560546875000e+00 2.993324100971221924e-01
-8.428480148315429688e+00 -4.247093200683593750e+00 1.911074817180633545e-01
-7.663632392883300781e+00 -4.215458393096923828e+00 9.312325716018676758e-02
-8.496306419372558594e+00 -5.081599235534667969e+00 1.209512911736965179e-02
-1.140225696563720703e+01 -5.165545940399169922e+00 3.688925743103027344e+00
-1.049439907073974609e+01 -5.736443042755126953e+00 3.262885570526123047e+00
-1.168636608123779297e+01 -5.296713829040527344e+00 3.258577585220336914e+00
-1.054608917236328125e+01 -5.260815620422363281e+00 2.866439580917358398e+00
-1.053205680847167969e+01 -5.749867439270019531e+00 2.796759843826293945e+00
-1.257214832305908203e+01 -5.700829982757568359e+00 2.964423418045043945e+00
-1.104383754730224609e+01 -5.504298686981201172e+00 2.523962497711181641e+00
-1.070868682861328125e+01 -6.353772163391113281e+00 2.303302288055419922e+00
-1.279369258880615234e+01 -5.798596858978271484e+00 2.481821060180664062e+00
-1.296426773071289062e+01 -5.873180866241455078e+00 1.982530713081359863e+00
-8.961495399475097656e+00 -4.458642482757568359e+00 1.296440124511718750e+00
-9.870723724365234375e+00 -5.366478443145751953e+00 1.349664568901062012e+00
-9.405371665954589844e+00 -5.564952850341796875e+00 1.208436250686645508e+00
-8.600581169128417969e+00 -4.275331020355224609e+00 8.926830887794494629e-01
-7.806640625000000000e+00 -4.240755081176757812e+00 7.413363456726074219e-01
-7.290015220642089844e+00 -4.308190822601318359e+00 6.262993812561035156e-01
-9.264773368835449219e+00 -4.189412117004394531e+00 6.700072288513183594e-01
-8.470726966857910156e+00 -4.207093715667724609e+00 5.337494015693664551e-01
-7.870519638061523438e+00 -4.271898746490478516e+00 4.207463860511779785e-01
-7.253686904907226562e+00 -4.281599044799804688e+00 3.162204921245574951e-01
-9.301549911499023438e+00 -4.204086780548095703e+00 3.029517233371734619e-01
-8.513490676879882812e+00 -4.224628925323486328e+00 1.924436241388320923e-01
-7.691111564636230469e+00 -4.169308662414550781e+00 9.314455091953277588e-02
-8.727158546447753906e+00 -5.147231101989746094e+00 1.237857155501842499e-02
-1.148367786407470703e+01 -5.117742061614990234e+00 3.705038309097290039e+00
-1.052770137786865234e+01 -5.671027660369873047e+00 3.262359142303466797e+00
-1.170625305175781250e+01 -5.219382286071777344e+00 3.255131483078002930e+00
-1.057468223571777344e+01 -5.194293498992919922e+00 2.865494251251220703e+00
-1.068635272979736328e+01 -5.749272823333740234e+00 2.828311443328857422e+00
-1.169077968597412109e+01 -6.853540897369384766e+00 3.029137134552001953e+00
-1.254885292053222656e+01 -5.597692012786865234e+00 2.950776100158691406e+00
-1.114512538909912109e+01 -5.469667434692382812e+00 2.539392948150634766e+00
-1.246848678588867188e+01 -6.696842670440673828e+00 2.756215572357177734e+00
-1.080433559417724609e+01 -6.321214199066162109e+00 2.315489053726196289e+00
-1.291717147827148438e+01 -5.759285926818847656e+00 2.498872280120849609e+00
-1.285531425476074219e+01 -5.729016304016113281e+00 1.960456609725952148e+00
-9.078634262084960938e+00 -4.447638034820556641e+00 1.309413552284240723e+00
-9.840453147888183594e+00 -5.272052288055419922e+00 1.341076970100402832e+00
-8.712507247924804688e+00 -4.264501571655273438e+00 9.015673398971557617e-01
-7.962544441223144531e+00 -4.262380599975585938e+00 7.536435127258300781e-01
-7.381798744201660156e+00 -4.301539421081542969e+00 6.319051980972290039e-01
-9.378740310668945312e+00 -4.171823501586914062e+00 6.763851642608642578e-01
-8.571721076965332031e+00 -4.191883087158203125e+00 5.384823083877563477e-01
-7.908915042877197266e+00 -4.230121135711669922e+00 4.214034378528594971e-01
-7.285003185272216797e+00 -4.240026473999023438e+00 3.164455592632293701e-01
-9.420331954956054688e+00 -4.188354969024658203e+00 3.059776425361633301e-01
-8.631776809692382812e+00 -4.217519283294677734e+00 1.945287883281707764e-01
-7.983792304992675781e+00 -4.264794826507568359e+00 9.637037664651870728e-02
-7.508586883544921875e+00 -4.366648674011230469e+00 1.061194948852062225e-02
-1.151398563385009766e+01 -5.046798229217529297e+00 3.704755783081054688e+00
-1.043192195892333984e+01 -5.537121295928955078e+00 3.222089529037475586e+00
-1.173184490203857422e+01 -5.144731044769287109e+00 3.253408193588256836e+00
-1.074718952178955078e+01 -5.197419166564941406e+00 2.903543233871459961e+00
-1.074896335601806641e+01 -5.698190689086914062e+00 2.835575103759765625e+00
-1.175880432128906250e+01 -6.796818256378173828e+00 3.035899639129638672e+00
-1.288916587829589844e+01 -5.654930114746093750e+00 3.022582292556762695e+00
-1.142018318176269531e+01 -5.517966270446777344e+00 2.594300985336303711e+00
-1.253710460662841797e+01 -6.634903430938720703e+00 2.762332439422607422e+00
-1.289385318756103516e+01 -5.651620388031005859e+00 1.961008429527282715e+00
-9.271896362304687500e+00 -4.471982955932617188e+00 1.333305120468139648e+00
-9.999932289123535156e+00 -5.278780460357666016e+00 1.358371257781982422e+00
-8.806681632995605469e+00 -4.243813514709472656e+00 9.086007475852966309e-01
-8.070522308349609375e+00 -4.256679058074951172e+00 7.613769769668579102e-01
-7.436589241027832031e+00 -4.272559165954589844e+00 6.343392729759216309e-01
-9.488265991210937500e+00 -4.150992870330810547e+00 6.824342608451843262e-01
-8.725921630859375000e+00 -4.201143741607666016e+00 5.465395450592041016e-01
-8.033696174621582031e+00 -4.233671665191650391e+00 4.266598522663116455e-01
-7.356819629669189453e+00 -4.221606731414794922e+00 3.184339106082916260e-01
-9.606123924255371094e+00 -4.200556755065917969e+00 3.111692368984222412e-01
-8.795342445373535156e+00 -4.230785369873046875e+00 1.976261883974075317e-01
-1.306770706176757812e+01 -6.877801418304443359e+00 1.572246700525283813e-01
-7.524828433990478516e+00 -4.314525604248046875e+00 1.059728860855102539e-02
-1.175526428222656250e+01 -5.066797256469726562e+00 3.772315263748168945e+00
-1.153712081909179688e+01 -5.497286796569824219e+00 3.621160030364990234e+00
-1.045629787445068359e+01 -5.468090534210205078e+00 3.219194412231445312e+00
-1.071068668365478516e+01 -6.116005897521972656e+00 3.242633581161499023e+00
-1.175518131256103516e+01 -5.069194793701171875e+00 3.251192808151245117e+00
-1.084467792510986328e+01 -5.162702560424804688e+00 2.921267986297607422e+00
-1.088299846649169922e+01 -5.683977603912353516e+00 2.861679077148437500e+00
-1.181639766693115234e+01 -6.733720302581787109e+00 3.040044307708740234e+00
-1.286616706848144531e+01 -5.550949096679687500e+00 3.009144783020019531e+00
-1.181214523315429688e+01 -5.618216991424560547e+00 2.675460338592529297e+00
-1.258802318572998047e+01 -6.563298225402832031e+00 2.764626264572143555e+00
-1.331783103942871094e+01 -5.743057250976562500e+00 2.562553167343139648e+00
-1.289522743225097656e+01 -6.127845287322998047e+00 2.378932476043701172e+00
-1.292374038696289062e+01 -5.570438385009765625e+00 1.960318565368652344e+00
-9.380686759948730469e+00 -4.453713417053222656e+00 1.344994068145751953e+00
-8.542596817016601562e+00 -4.442672252655029297e+00 1.156684875488281250e+00
-9.616878509521484375e+00 -5.453646659851074219e+00 1.222504377365112305e+00
-9.019677162170410156e+00 -4.278457641601562500e+00 9.278498888015747070e-01
-8.169000625610351562e+00 -4.244757175445556641e+00 7.681958675384521484e-01
-7.510391712188720703e+00 -4.253880977630615234e+00 6.383961439132690430e-01
-9.667549133300781250e+00 -4.158942222595214844e+00 6.934805512428283691e-01
-8.835440635681152344e+00 -4.187287807464599609e+00 5.517795681953430176e-01
-8.157041549682617188e+00 -4.234927654266357422e+00 4.318223595619201660e-01
-7.553927898406982422e+00 -4.273317337036132812e+00 3.258244991302490234e-01
-9.740073204040527344e+00 -4.188127517700195312e+00 3.146698474884033203e-01
-8.997343063354492188e+00 -4.260170936584472656e+00 2.015738636255264282e-01
-1.312031459808349609e+01 -6.803013801574707031e+00 1.573524326086044312e-01
-7.542454719543457031e+00 -4.263351917266845703e+00 1.058507058769464493e-02
-1.181262779235839844e+01 -5.005801200866699219e+00 3.780795812606811523e+00
-1.157586002349853516e+01 -5.428843975067138672e+00 3.622795581817626953e+00
-1.044934368133544922e+01 -5.383063793182373047e+00 3.206824064254760742e+00
-1.073789882659912109e+01 -6.044477939605712891e+00 3.239582300186157227e+00
-1.171289157867431641e+01 -4.965948104858398438e+00 3.231008291244506836e+00
-1.096853828430175781e+01 -5.139351844787597656e+00 2.946082592010498047e+00
-1.264707279205322266e+01 -6.506864547729492188e+00 3.314980745315551758e+00
-1.356694602966308594e+01 -5.754810333251953125e+00 3.164725065231323242e+00
-1.265916633605957031e+01 -5.926114082336425781e+00 2.859021425247192383e+00
-1.241064929962158203e+01 -6.374271869659423828e+00 2.717029571533203125e+00
-1.341356372833251953e+01 -5.686986446380615234e+00 2.574210882186889648e+00
-1.307258033752441406e+01 -5.539727687835693359e+00 1.977702021598815918e+00
-1.262793922424316406e+01 -5.900751590728759766e+00 1.805356740951538086e+00
-8.582067489624023438e+00 -4.396510124206542969e+00 1.158354759216308594e+00
-1.022986030578613281e+01 -4.330864906311035156e+00 1.138190507888793945e+00
-9.152222633361816406e+00 -4.272735595703125000e+00 9.387701153755187988e-01
-8.251665115356445312e+00 -4.223612308502197266e+00 7.735177874565124512e-01
-7.626909732818603516e+00 -4.258278846740722656e+00 6.460672020912170410e-01
-9.850037574768066406e+00 -4.166011333465576172e+00 7.047240138053894043e-01
-8.994881629943847656e+00 -4.195457458496093750e+00 5.601185560226440430e-01
-8.272696495056152344e+00 -4.230733871459960938e+00 4.365625083446502686e-01
-7.719649314880371094e+00 -4.304757118225097656e+00 3.318270146846771240e-01
-9.863179206848144531e+00 -4.169539928436279297e+00 3.178144693374633789e-01
-9.046875000000000000e+00 -4.215864181518554688e+00 2.021002173423767090e-01
-1.343341827392578125e+01 -6.861104011535644531e+00 1.605995595455169678e-01
-7.528288364410400391e+00 -4.194602489471435547e+00 1.052887085825204849e-02
-1.208928108215332031e+01 -5.035763263702392578e+00 3.859379768371582031e+00
-1.160371208190917969e+01 -5.355294704437255859e+00 3.621160030364990234e+00
-1.052089118957519531e+01 -5.338490962982177734e+00 3.218668222427368164e+00
-1.106062507629394531e+01 -6.137078285217285156e+00 3.325523853302001953e+00
-1.108722305297851562e+01 -5.112232685089111328e+00 2.969479084014892578e+00
-1.072953796386718750e+01 -5.437299728393554688e+00 2.803569316864013672e+00
-1.071140003204345703e+01 -5.931088924407958984e+00 2.736825227737426758e+00
-1.267927265167236328e+01 -5.840948581695556641e+00 2.855414152145385742e+00
-1.146856021881103516e+01 -5.801747322082519531e+00 2.502939701080322266e+00
-1.361181926727294922e+01 -5.672761917114257812e+00 2.605529308319091797e+00
-1.309352588653564453e+01 -5.454079627990722656e+00 1.975770473480224609e+00
-1.268102741241455078e+01 -5.831028938293457031e+00 1.807797312736511230e+00
-1.002694511413574219e+01 -5.524686813354492188e+00 1.265918016433715820e+00
-1.026175117492675781e+01 -4.270307064056396484e+00 1.138801932334899902e+00
-9.261508941650390625e+00 -4.254739284515380859e+00 9.472842216491699219e-01
-8.405564308166503906e+00 -4.237500667572021484e+00 7.854922413825988770e-01
-7.686096191406250000e+00 -4.229671478271484375e+00 6.488701105117797852e-01
-9.927933692932128906e+00 -4.127327919006347656e+00 7.084718346595764160e-01
-9.093954086303710938e+00 -4.173921108245849609e+00 5.646823644638061523e-01
-8.367194175720214844e+00 -4.214494705200195312e+00 4.401763081550598145e-01
-7.674983501434326172e+00 -4.218322277069091797e+00 3.287882804870605469e-01
-1.002149581909179688e+01 -4.164173126220703125e+00 3.220864236354827881e-01
-9.226160049438476562e+00 -4.230702400207519531e+00 2.055215239524841309e-01
-1.350831508636474609e+01 -6.795175075531005859e+00 1.609934717416763306e-01
-7.635401248931884766e+00 -4.193097114562988281e+00 1.064249221235513687e-02
-1.225044536590576172e+01 -5.014909744262695312e+00 3.900933027267456055e+00
-1.151808834075927734e+01 -5.230291366577148438e+00 3.584356784820556641e+00
-1.054568195343017578e+01 -5.269953727722167969e+00 3.216299057006835938e+00
-1.055585479736328125e+01 -5.772578239440917969e+00 3.163048982620239258e+00
-1.118917179107666016e+01 -5.076221942901611328e+00 2.988385438919067383e+00
-1.090822315216064453e+01 -5.443988800048828125e+00 2.841476917266845703e+00
-1.051115417480468750e+01 -5.736223220825195312e+00 2.676617622375488281e+00
-1.383015060424804688e+01 -5.667223930358886719e+00 3.209656476974487305e+00
-1.251320552825927734e+01 -5.671634197235107422e+00 2.810125112533569336e+00
-1.130714511871337891e+01 -5.633223056793212891e+00 2.460121631622314453e+00
-1.345135784149169922e+01 -5.509263038635253906e+00 2.568295001983642578e+00
-1.309659099578857422e+01 -5.930544853210449219e+00 2.395532608032226562e+00
-1.282951068878173828e+01 -5.804206848144531250e+00 1.823853492736816406e+00
-1.010083484649658203e+01 -5.484876155853271484e+00 1.270973682403564453e+00
-9.334622383117675781e+00 -4.219157218933105469e+00 9.520965218544006348e-01
-8.503706932067871094e+00 -4.221739292144775391e+00 7.922279238700866699e-01
-7.807458400726318359e+00 -4.234253406524658203e+00 6.569099426269531250e-01
-1.008608722686767578e+01 -4.120676994323730469e+00 7.179400324821472168e-01
-9.206748008728027344e+00 -4.157489776611328125e+00 5.700914263725280762e-01
-8.479697227478027344e+00 -4.206130981445312500e+00 4.447287321090698242e-01
-7.896666526794433594e+00 -4.277284622192382812e+00 3.371542692184448242e-01
-1.004593276977539062e+01 -4.102226257324218750e+00 3.220567703247070312e-01
-9.346725463867187500e+00 -4.216772079467773438e+00 2.076269537210464478e-01
-1.405601119995117188e+01 -6.962946414947509766e+00 1.670086234807968140e-01
-8.030359268188476562e+00 -4.346075534820556641e+00 1.115561928600072861e-02
-1.229611396789550781e+01 -4.945733070373535156e+00 3.905738592147827148e+00
-1.153766536712646484e+01 -5.154025554656982422e+00 3.580540180206298828e+00
-1.058767127990722656e+01 -5.705864906311035156e+00 3.162031888961791992e+00
-1.195125675201416016e+01 -5.333778381347656250e+00 3.183120965957641602e+00
-1.074301052093505859e+01 -5.279449939727783203e+00 2.789949893951416016e+00
-1.049028587341308594e+01 -5.641575336456298828e+00 2.662438392639160156e+00
-1.373134040832519531e+01 -5.528577804565429688e+00 3.178792476654052734e+00
-1.273299407958984375e+01 -5.677334308624267578e+00 2.851606607437133789e+00
-1.136440849304199219e+01 -5.574977397918701172e+00 2.465091705322265625e+00
-1.260832023620605469e+01 -6.766455650329589844e+00 2.646896839141845703e+00
-1.324536514282226562e+01 -5.900246143341064453e+00 2.416077613830566406e+00
-1.279693031311035156e+01 -5.695135593414306641e+00 1.814219832420349121e+00
-1.019301605224609375e+01 -5.454214572906494141e+00 1.278337597846984863e+00
-9.560497283935546875e+00 -4.250798225402832031e+00 9.724562764167785645e-01
-8.638676643371582031e+00 -4.222875118255615234e+00 8.023729324340820312e-01
-7.911572933197021484e+00 -4.228102684020996094e+00 6.634746789932250977e-01
-1.025008392333984375e+01 -4.114469051361083984e+00 7.278027534484863281e-01
-9.411835670471191406e+00 -4.180766105651855469e+00 5.811913013458251953e-01
-8.597795486450195312e+00 -4.199173450469970703e+00 4.495626986026763916e-01
-7.945683956146240234e+00 -4.240984916687011719e+00 3.381296694278717041e-01
-1.035942363739013672e+01 -4.156260013580322266e+00 3.312829732894897461e-01
-9.477515220642089844e+00 -4.205980300903320312e+00 2.099550515413284302e-01
-1.414161014556884766e+01 -6.897610664367675781e+00 1.675196588039398193e-01
-9.122772216796875000e+00 -4.865161895751953125e+00 1.263146940618753433e-02
-1.233782768249511719e+01 -4.874774932861328125e+00 3.909413576126098633e+00
-1.159461784362792969e+01 -5.094358444213867188e+00 3.588446140289306641e+00
-1.059087753295898438e+01 -5.624010086059570312e+00 3.152623891830444336e+00
-1.200422286987304688e+01 -5.269329071044921875e+00 3.188556671142578125e+00
-1.074890232086181641e+01 -5.200707435607910156e+00 2.783140182495117188e+00
-1.054971122741699219e+01 -5.590353012084960938e+00 2.668764352798461914e+00
-1.372318267822265625e+01 -5.427679061889648438e+00 3.169134378433227539e+00
-1.256212329864501953e+01 -5.508994102478027344e+00 2.805716514587402344e+00
-1.133918285369873047e+01 -5.476540088653564453e+00 2.452284336090087891e+00
-1.271740436553955078e+01 -6.724818229675292969e+00 2.661084413528442383e+00
-1.332468605041503906e+01 -5.837863445281982422e+00 2.423966884613037109e+00
-1.286434078216552734e+01 -5.630823612213134766e+00 1.818844079971313477e+00
-8.349140167236328125e+00 -4.401885986328125000e+00 1.043684363365173340e+00
-9.672155380249023438e+00 -4.229556560516357422e+00 9.811554551124572754e-01
-8.762302398681640625e+00 -4.216893672943115234e+00 8.114369511604309082e-01
-8.030903816223144531e+00 -4.228731155395507812e+00 6.712932586669921875e-01
-1.038652992248535156e+01 -4.095420837402343750e+00 7.356929183006286621e-01
-9.512333869934082031e+00 -4.155712604522705078e+00 5.858114957809448242e-01
-8.724225997924804688e+00 -4.194818973541259766e+00 4.548190832138061523e-01
-8.068845748901367188e+00 -4.243314743041992188e+00 3.422563970088958740e-01
-1.054096221923828125e+01 -4.154188156127929688e+00 3.362669050693511963e-01
-9.678160667419433594e+00 -4.224136352539062500e+00 2.138217389583587646e-01
-1.425397682189941406e+01 -6.844470977783203125e+00 1.683500707149505615e-01
-8.877144813537597656e+00 -4.664434909820556641e+00 1.225151121616363525e-02
-1.181113147735595703e+01 -5.103257179260253906e+00 3.645695447921752930e+00
-1.040923786163330078e+01 -5.445939064025878906e+00 3.088549375534057617e+00
-1.207736587524414062e+01 -5.213287353515625000e+00 3.199427843093872070e+00
-1.077709484100341797e+01 -5.132980823516845703e+00 2.782232284545898438e+00
-1.085113525390625000e+01 -5.665076732635498047e+00 2.736170768737792969e+00
-1.261458206176757812e+01 -5.439957618713378906e+00 2.809924840927124023e+00
-1.138321018218994141e+01 -5.411918640136718750e+00 2.454578161239624023e+00
-1.276104354858398438e+01 -6.648021697998046875e+00 2.661629915237426758e+00
-1.332583141326904297e+01 -5.741164207458496094e+00 2.417721271514892578e+00
-1.291394615173339844e+01 -6.136912822723388672e+00 2.244114637374877930e+00
-1.289045047760009766e+01 -5.548254966735839844e+00 1.817687988281250000e+00
-8.389224052429199219e+00 -4.357446193695068359e+00 1.045333027839660645e+00
-9.859831809997558594e+00 -4.239749908447265625e+00 9.975358247756958008e-01
-8.869066238403320312e+00 -4.201446533203125000e+00 8.189210295677185059e-01
-8.150536537170410156e+00 -4.228052139282226562e+00 6.791118979454040527e-01
-1.048032188415527344e+01 -4.058277130126953125e+00 7.405585646629333496e-01
-9.614710807800292969e+00 -4.130371093750000000e+00 5.905444622039794922e-01
-8.848214149475097656e+00 -4.187788009643554688e+00 4.599346816539764404e-01
-8.199430465698242188e+00 -4.247968673706054688e+00 3.466832637786865234e-01
-1.058303260803222656e+01 -4.095925807952880859e+00 3.368008732795715332e-01
-9.798530578613281250e+00 -4.205286502838134766e+00 2.159069329500198364e-01
-1.443312168121337891e+01 -6.821831226348876953e+00 1.699683070182800293e-01
-8.824782371520996094e+00 -4.568045139312744141e+00 1.214033272117376328e-02
-1.198744869232177734e+01 -5.092382907867431641e+00 3.690404415130615234e+00
-1.148838138580322266e+01 -5.392863750457763672e+00 3.462390899658203125e+00
-1.041838645935058594e+01 -5.369560718536376953e+00 3.081429958343505859e+00
-1.215653228759765625e+01 -5.159203052520751953e+00 3.211953163146972656e+00
-1.113377571105957031e+01 -5.219292640686035156e+00 2.865991830825805664e+00
-1.116167449951171875e+01 -5.740323543548583984e+00 2.805540561676025391e+00
-1.264321327209472656e+01 -5.360541820526123047e+00 2.808922767639160156e+00
-1.141975879669189453e+01 -5.343634605407714844e+00 2.455342769622802734e+00
-1.305337238311767578e+01 -6.105272769927978516e+00 2.261790990829467773e+00
-1.292973041534423828e+01 -5.471374511718750000e+00 1.818458676338195801e+00
-9.920512199401855469e+00 -4.193904399871826172e+00 1.001052498817443848e+00
-8.994029998779296875e+00 -4.193268299102783203e+00 8.280681371688842773e-01
-8.289996147155761719e+00 -4.236045360565185547e+00 6.885531544685363770e-01
-1.072607612609863281e+01 -4.077935695648193359e+00 7.561416625976562500e-01
-9.765878677368164062e+00 -4.124515533447265625e+00 5.982635617256164551e-01
-8.939844131469726562e+00 -4.164206981658935547e+00 4.633607268333435059e-01
-8.268065452575683594e+00 -4.219381332397460938e+00 3.484840393066406250e-01
-1.102002525329589844e+01 -4.187490463256835938e+00 3.498837053775787354e-01
-9.900604248046875000e+00 -4.177343368530273438e+00 2.175872027873992920e-01
-1.473491668701171875e+01 -6.854183197021484375e+00 1.730237901210784912e-01
-9.008549690246582031e+00 -4.593303680419921875e+00 1.235413644462823868e-02
-1.242420482635498047e+01 -5.188162803649902344e+00 3.814990043640136719e+00
-1.088979816436767578e+01 -5.030567646026611328e+00 3.272624015808105469e+00
-1.044078922271728516e+01 -5.300280094146728516e+00 3.078378915786743164e+00
-1.223459148406982422e+01 -5.103968143463134766e+00 3.224242210388183594e+00
-1.145034694671630859e+01 -5.282241821289062500e+00 2.939083337783813477e+00
-1.121496868133544922e+01 -5.680989742279052734e+00 2.810121536254882812e+00
-1.267858028411865234e+01 -5.283994197845458984e+00 2.809524059295654297e+00
-1.182322883605957031e+01 -5.444251060485839844e+00 2.534862041473388672e+00
-1.245377349853515625e+01 -6.294860839843750000e+00 2.581233739852905273e+00
-1.325504493713378906e+01 -5.518815040588378906e+00 2.392409801483154297e+00
-1.300353908538818359e+01 -5.984998703002929688e+00 2.246750593185424805e+00
-1.030925464630126953e+01 -4.283875942230224609e+00 1.037607550621032715e+00
-9.129187583923339844e+00 -4.188284397125244141e+00 8.381300568580627441e-01
-8.382644653320312500e+00 -4.218723773956298828e+00 6.940852403640747070e-01
-9.921942710876464844e+00 -4.118872165679931641e+00 6.062644720077514648e-01
-9.096895217895507812e+00 -4.169625759124755859e+00 4.701659083366394043e-01
-8.373264312744140625e+00 -4.208509922027587891e+00 3.518229424953460693e-01
-1.002579116821289062e+01 -4.157880783081054688e+00 2.197736203670501709e-01
-1.498127174377441406e+01 -6.857281208038330078e+00 1.754192113876342773e-01
-8.937368392944335938e+00 -4.488128662109375000e+00 1.221852377057075500e-02
-1.244512367248535156e+01 -5.107448101043701172e+00 3.811718463897705078e+00
-1.087303256988525391e+01 -4.942097663879394531e+00 3.258410930633544922e+00
-1.058730030059814453e+01 -5.293205261230468750e+00 3.111941814422607422e+00
-1.236007881164550781e+01 -5.067505359649658203e+00 3.249057054519653320e+00
-1.192949962615966797e+01 -5.414756298065185547e+00 3.053486824035644531e+00
-1.126009464263916016e+01 -5.617297172546386719e+00 2.812739133834838867e+00
-1.377059841156005859e+01 -5.640189647674560547e+00 3.043784618377685547e+00
-1.190200996398925781e+01 -5.392261028289794922e+00 2.544610738754272461e+00
-1.173951721191406250e+01 -5.843676567077636719e+00 2.425715684890747070e+00
-1.323570823669433594e+01 -5.415713787078857422e+00 2.382877111434936523e+00
-1.308141422271728516e+01 -5.923843860626220703e+00 2.253883123397827148e+00
-9.658782005310058594e+00 -4.363770961761474609e+00 1.273212075233459473e+00
-1.041093444824218750e+01 -4.251406192779541016e+00 1.045196175575256348e+00
-9.278242111206054688e+00 -4.187946796417236328e+00 8.494392633438110352e-01
-8.515599250793457031e+00 -4.220351219177246094e+00 7.029364705085754395e-01
-1.008292198181152344e+01 -4.113353252410888672e+00 6.145470738410949707e-01
-9.239773750305175781e+00 -4.166701793670654297e+00 4.762201309204101562e-01
-8.508192062377929688e+00 -4.211133003234863281e+00 3.563998341560363770e-01
-1.009000015258789062e+01 -4.112133026123046875e+00 2.206238806247711182e-01
-8.896614074707031250e+00 -4.399516582489013672e+00 1.212567184120416641e-02
-1.254315185546875000e+01 -5.057976722717285156e+00 3.832165002822875977e+00
-1.106696414947509766e+01 -4.948536396026611328e+00 3.307366371154785156e+00
-1.062218284606933594e+01 -5.229424953460693359e+00 3.112704515457153320e+00
-1.238733386993408203e+01 -4.990117549896240234e+00 3.248111486434936523e+00
-1.232265472412109375e+01 -5.502271652221679688e+00 3.145418167114257812e+00
-1.100003433227539062e+01 -5.403524398803710938e+00 2.739443063735961914e+00
-1.370042514801025391e+01 -5.513525962829589844e+00 3.020739316940307617e+00
-1.203170013427734375e+01 -5.362284183502197266e+00 2.565255165100097656e+00
-1.216806983947753906e+01 -5.964120864868164062e+00 2.506657838821411133e+00
-1.321286106109619141e+01 -5.311954498291015625e+00 2.372851133346557617e+00
-1.294876480102539062e+01 -5.768292903900146484e+00 2.224887847900390625e+00
-9.916735649108886719e+00 -4.407246112823486328e+00 1.303626060485839844e+00
-9.392111778259277344e+00 -4.170164585113525391e+00 8.575054407119750977e-01
-8.605864524841308594e+00 -4.199510574340820312e+00 7.082471847534179688e-01
-1.028312587738037109e+01 -4.121612071990966797e+00 6.251961588859558105e-01
-9.375651359558105469e+00 -4.158938884735107422e+00 4.818989336490631104e-01
-8.590464591979980469e+00 -4.186428070068359375e+00 3.587633669376373291e-01
-1.034429645538330078e+01 -4.141939640045166016e+00 2.256242483854293823e-01
-9.095167160034179688e+00 -4.428458690643310547e+00 1.235902309417724609e-02
-1.269739151000976562e+01 -5.029816627502441406e+00 3.869785785675048828e+00
-1.145742702484130859e+01 -5.039001941680908203e+00 3.414751768112182617e+00
-1.227593135833740234e+01 -5.391312599182128906e+00 3.124989032745361328e+00
-1.281294918060302734e+01 -6.196780681610107422e+00 3.181401252746582031e+00
-1.277727031707763672e+01 -5.600852012634277344e+00 2.716838359832763672e+00
-1.178023433685302734e+01 -5.684644699096679688e+00 2.419531583786010742e+00
-1.282194328308105469e+01 -5.617766857147216797e+00 2.197132825851440430e+00
-9.604740142822265625e+00 -4.194211959838867188e+00 8.745523691177368164e-01
-8.772602081298828125e+00 -4.214427947998046875e+00 7.198275923728942871e-01
-1.049680995941162109e+01 -4.132687091827392578e+00 6.366340517997741699e-01
-9.553892135620117188e+00 -4.168036937713623047e+00 4.897365868091583252e-01
-8.721404075622558594e+00 -4.184212684631347656e+00 3.631526827812194824e-01
-1.051280021667480469e+01 -4.134745121002197266e+00 2.287418991327285767e-01
-9.573046684265136719e+00 -4.588689804077148438e+00 1.296988781541585922e-02
-1.177945041656494141e+01 -5.094601154327392578e+00 3.501344442367553711e+00
-1.071785163879394531e+01 -5.114090442657470703e+00 3.122112274169921875e+00
-1.215321063995361328e+01 -5.248700618743896484e+00 3.085492610931396484e+00
-1.106287193298339844e+01 -5.266871929168701172e+00 2.738788366317749023e+00
-1.319448471069335938e+01 -5.687477111816406250e+00 2.798077821731567383e+00
-1.190993022918701172e+01 -5.657400131225585938e+00 2.438993930816650391e+00
-1.310204505920410156e+01 -5.644919395446777344e+00 2.239152908325195312e+00
-9.361395835876464844e+00 -4.432797431945800781e+00 1.145349144935607910e+00
-9.734683990478515625e+00 -4.180023193359375000e+00 8.840321898460388184e-01
-8.853290557861328125e+00 -4.186526775360107422e+00 7.243269681930541992e-01
-1.071938991546630859e+01 -4.144532680511474609e+00 6.485790610313415527e-01
-9.628858566284179688e+00 -4.130602359771728516e+00 4.922709167003631592e-01
-8.889683723449707031e+00 -4.198041915893554688e+00 3.690801858901977539e-01
-1.053797340393066406e+01 -4.070161819458007812e+00 2.287418991327285767e-01
-9.180480003356933594e+00 -4.331448078155517578e+00 1.240178290754556656e-02
-1.159563922882080078e+01 -4.930866718292236328e+00 3.437650203704833984e+00
-1.076741218566894531e+01 -5.056864261627197266e+00 3.127451896667480469e+00
-1.212064552307128906e+01 -5.146625041961669922e+00 3.069149255752563477e+00
-1.106228351593017578e+01 -5.183570861816406250e+00 2.730717182159423828e+00
-1.343247890472412109e+01 -5.692585945129394531e+00 2.841086864471435547e+00
-1.166738700866699219e+01 -5.454698562622070312e+00 2.382425308227539062e+00
-1.321648502349853516e+01 -5.598328590393066406e+00 2.252797603607177734e+00
-1.309495830535888672e+01 -6.110975742340087891e+00 2.131312847137451172e+00
-9.847366333007812500e+00 -4.157032489776611328e+00 8.919320702552795410e-01
-8.967418670654296875e+00 -4.173361778259277344e+00 7.315554618835449219e-01
-1.077635478973388672e+01 -4.090728759765625000e+00 6.504946947097778320e-01
-9.850986480712890625e+00 -4.154510021209716797e+00 5.023143887519836426e-01
-8.985959053039550781e+00 -4.176267623901367188e+00 3.720064163208007812e-01
-9.277629852294921875e+00 -4.307885646820068359e+00 1.249707769602537155e-02
-1.152331447601318359e+01 -4.816836357116699219e+00 3.407382249832153320e+00
-1.081316280364990234e+01 -4.997599124908447266e+00 3.131774425506591797e+00
-1.117984580993652344e+01 -5.155236244201660156e+00 2.751877069473266602e+00
-1.351517677307128906e+01 -5.630063533782958984e+00 2.851217985153198242e+00
-1.176852893829345703e+01 -5.414240837097167969e+00 2.396249294281005859e+00
-1.328250789642333984e+01 -5.530419349670410156e+00 2.258224725723266602e+00
-1.303421401977539062e+01 -5.985510826110839844e+00 2.115408658981323242e+00
-1.002640247344970703e+01 -4.160313606262207031e+00 9.058191180229187012e-01
-9.097130775451660156e+00 -4.166012287139892578e+00 7.400379776954650879e-01
-1.100614452362060547e+01 -4.100871562957763672e+00 6.628341674804687500e-01
-9.990715026855468750e+00 -4.141418457031250000e+00 5.081340074539184570e-01
-9.133191108703613281e+00 -4.176742076873779297e+00 3.770335316658020020e-01
-3.568283081054687500e+00 -1.183228254318237305e+00 1.115747466683387756e-01
-1.023894023895263672e+01 -4.238033294677734375e+00 1.179823875427246094e-01
-9.726833343505859375e+00 -4.444118499755859375e+00 1.306518260389566422e-02
-1.146787738800048828e+01 -4.711212635040283203e+00 3.382378339767456055e+00
-1.086035156250000000e+01 -4.938763618469238281e+00 3.136605262756347656e+00
-1.229995536804199219e+01 -5.580478191375732422e+00 3.019102811813354492e+00
-1.357581138610839844e+01 -5.557814598083496094e+00 2.856761217117309570e+00
-1.252982997894287109e+01 -5.671591758728027344e+00 2.544127702713012695e+00
-1.302020740509033203e+01 -5.882611274719238281e+00 2.107237577438354492e+00
-1.015601348876953125e+01 -4.141232967376708984e+00 9.152157306671142578e-01
-9.281640052795410156e+00 -4.181804656982421875e+00 7.529459595680236816e-01
-1.005664253234863281e+01 -4.096619129180908203e+00 5.101990103721618652e-01
-9.291697502136230469e+00 -4.180484771728515625e+00 3.825108408927917480e-01
-3.563117265701293945e+00 -1.157297253608703613e+00 1.111890897154808044e-01
-1.013507556915283203e+01 -4.122383594512939453e+00 1.164918988943099976e-01
-9.357158660888671875e+00 -4.206009864807128906e+00 1.253373082727193832e-02
-1.131861782073974609e+01 -5.063580989837646484e+00 3.259923696517944336e+00
-1.164240741729736328e+01 -5.196245670318603516e+00 2.849823474884033203e+00
-1.364335155487060547e+01 -5.487963676452636719e+00 2.863833904266357422e+00
-1.295604896545410156e+01 -5.768997192382812500e+00 2.623432636260986328e+00
-1.296927070617675781e+01 -5.764038562774658203e+00 2.093230247497558594e+00
-1.033571815490722656e+01 -4.140728950500488281e+00 9.291027784347534180e-01
-9.399210929870605469e+00 -4.165586471557617188e+00 7.603957653045654297e-01
-1.044419670104980469e+01 -4.179957866668701172e+00 5.285494327545166016e-01
-9.412209510803222656e+00 -4.165452480316162109e+00 3.864124715328216553e-01
-3.572056531906127930e+00 -1.136018514633178711e+00 1.112484186887741089e-01
-1.031710338592529297e+01 -4.122827053070068359e+00 1.182911247014999390e-01
-9.250174522399902344e+00 -4.089881420135498047e+00 1.235657930374145508e-02
-1.165222167968750000e+01 -5.127252101898193359e+00 3.346882104873657227e+00
-1.369320106506347656e+01 -5.410639286041259766e+00 2.867274761199951172e+00
-1.360730075836181641e+01 -5.959207057952880859e+00 2.747846841812133789e+00
-1.291012001037597656e+01 -5.643144130706787109e+00 2.078055620193481445e+00
-1.065396308898925781e+01 -4.192546367645263672e+00 9.553800821304321289e-01
-9.545269966125488281e+00 -4.160433769226074219e+00 7.701321840286254883e-01
-1.046964740753173828e+01 -4.115794658660888672e+00 5.285494327545166016e-01
-9.553957939147949219e+00 -4.158268928527832031e+00 3.911769688129425049e-01
-3.570370197296142578e+00 -1.111405611038208008e+00 1.109814271330833435e-01
-1.026122665405273438e+01 -4.027658939361572266e+00 1.173648908734321594e-01
-9.102688789367675781e+00 -3.958079814910888672e+00 1.212689466774463654e-02
-1.156186103820800781e+01 -5.003039360046386719e+00 3.312047958374023438e+00
-1.382164001464843750e+01 -5.966574668884277344e+00 3.365077733993530273e+00
-1.364631938934326172e+01 -5.876769065856933594e+00 2.748392581939697266e+00
-1.299085617065429688e+01 -5.583746433258056641e+00 2.085496902465820312e+00
-1.014386940002441406e+01 -4.353759765625000000e+00 1.220636010169982910e+00
-9.705364227294921875e+00 -4.159536361694335938e+00 7.809749245643615723e-01
-1.055061721801757812e+01 -4.073061466217041016e+00 5.313653945922851562e-01
-9.681268692016601562e+00 -4.143210411071777344e+00 3.953412175178527832e-01
-1.057032203674316406e+01 -4.074310302734375000e+00 1.206120178103446960e-01
-8.801305770874023438e+00 -3.762986183166503906e+00 1.169440150260925293e-02
-1.159323120117187500e+01 -4.932381629943847656e+00 3.312302112579345703e+00
-1.356984043121337891e+01 -5.745386600494384766e+00 2.725838184356689453e+00
-1.289911651611328125e+01 -5.450789928436279297e+00 2.065361261367797852e+00
-9.863963127136230469e+00 -4.156054496765136719e+00 7.916702032089233398e-01
-1.078090286254882812e+01 -4.086132526397705078e+00 5.416904687881469727e-01
-9.870464324951171875e+00 -4.152709007263183594e+00 4.020190536975860596e-01
-9.355232238769531250e+00 -3.932097434997558594e+00 1.239811908453702927e-02
-1.158669567108154297e+01 -4.845854759216308594e+00 3.301877260208129883e+00
-1.353765773773193359e+01 -5.634057044982910156e+00 2.712378025054931641e+00
-1.297617340087890625e+01 -5.389755249023437500e+00 2.072365045547485352e+00
-9.974967956542968750e+00 -4.130938529968261719e+00 7.985298633575439453e-01
-9.983487129211425781e+00 -4.128344058990478516e+00 4.055830538272857666e-01
-3.558544635772705078e+00 -1.177285313606262207e+00 7.589638978242874146e-02
-9.744257926940917969e+00 -4.025435924530029297e+00 1.288070157170295715e-02
-1.347367763519287109e+01 -5.510683059692382812e+00 2.692733764648437500e+00
-1.299526119232177734e+01 -5.304425239562988281e+00 2.070176362991333008e+00
-1.009896469116210938e+01 -4.109878540039062500e+00 8.064222931861877441e-01
-1.005214214324951172e+01 -4.084689617156982422e+00 4.073463082313537598e-01
-3.585674762725830078e+00 -1.161900401115417480e+00 7.632152736186981201e-02
-9.580680847167968750e+00 -3.889215469360351562e+00 1.263269037008285522e-02
-1.027956104278564453e+01 -4.110035419464111328e+00 8.188140392303466797e-01
-1.038235187530517578e+01 -4.144829750061035156e+00 4.196889698505401611e-01
-3.582253694534301758e+00 -1.136551380157470703e+00 7.609883695840835571e-02
-9.640589714050292969e+00 -3.844803571701049805e+00 1.268033869564533234e-02
-1.047909832000732422e+01 -4.115419387817382812e+00 8.326809406280517578e-01
-1.047550201416015625e+01 -4.107677459716796875e+00 4.224276244640350342e-01
-3.586295843124389648e+00 -1.113660216331481934e+00 7.603810727596282959e-02
-9.812977790832519531e+00 -3.843935251235961914e+00 1.287581492215394974e-02
-1.067350006103515625e+01 -4.116353988647460938e+00 8.461053371429443359e-01
-1.053128337860107422e+01 -4.055173397064208984e+00 4.236656427383422852e-01
-9.892378807067871094e+00 -3.805192470550537109e+00 1.294911932200193405e-02
-1.107068824768066406e+01 -4.191684722900390625e+00 8.755357861518859863e-01
-1.085695266723632812e+01 -4.104259967803955078e+00 4.357457458972930908e-01
-3.529861450195312500e+00 -1.189172863960266113e+00 3.965749591588973999e-02
-9.931444168090820312e+00 -3.750427961349487305e+00 1.296988781541585922e-02
-3.567477464675903320e+00 -1.177521109580993652e+00 3.999817743897438049e-02
-9.739543914794921875e+00 -3.609833955764770508e+00 1.269011106342077255e-02
-3.645367860794067383e+00 -1.180584311485290527e+00 1.800315827131271362e-01
-3.577489852905273438e+00 -1.156532049179077148e+00 4.003011807799339294e-02
-9.950406074523925781e+00 -3.618701696395874023e+00 1.293567940592765808e-02
-3.624930143356323242e+00 -1.149438619613647461e+00 1.786705553531646729e-01
-3.593098878860473633e+00 -1.137274980545043945e+00 4.012593626976013184e-02
-9.920620918273925781e+00 -3.539099216461181641e+00 1.286848541349172592e-02
-3.613381624221801758e+00 -1.119349122047424316e+00 4.027498140931129456e-02
-9.985569000244140625e+00 -3.493350744247436523e+00 1.292468421161174774e-02
-3.635493040084838867e+00 -1.101797103881835938e+00 4.044532403349876404e-02
-9.814795494079589844e+00 -3.366157770156860352e+00 1.267667300999164581e-02
-3.580165386199951172e+00 -1.203380703926086426e+00 4.614475183188915253e-03
-3.597833156585693359e+00 -1.186191678047180176e+00 1.422223001718521118e-01
-3.591280937194824219e+00 -1.182641744613647461e+00 4.619361832737922668e-03
-3.612651586532592773e+00 -1.166550040245056152e+00 1.425224393606185913e-01
-3.608939170837402344e+00 -1.163960337638854980e+00 4.632801283150911331e-03
-3.611166000366210938e+00 -1.141650199890136719e+00 1.421847939491271973e-01
-3.608384132385253906e+00 -1.139385461807250977e+00 4.623027052730321884e-03
-3.606708526611328125e+00 -1.114566087722778320e+00 4.612031392753124237e-03
-1.070164299011230469e+01 -3.235284090042114258e+00 1.365894358605146408e-02
-1.066471290588378906e+01 -3.152832508087158203e+00 1.358686201274394989e-02
-1.093652057647705078e+01 -3.160347938537597656e+00 1.390817761421203613e-02
-1.069201469421386719e+01 -3.018733978271484375e+00 1.357342302799224854e-02
-1.071997642517089844e+01 -2.955730199813842773e+00 1.358564011752605438e-02
-1.079198646545410156e+01 -2.904451370239257812e+00 1.365405693650245667e-02
-1.034920978546142578e+01 -2.717296838760375977e+00 1.307251397520303726e-02
-9.424057006835937500e+00 -2.412674903869628906e+00 1.188499201089143753e-02
-1.130158138275146484e+01 -2.819568634033203125e+00 1.423071417957544327e-02
-1.050824928283691406e+01 -2.553257226943969727e+00 1.321179047226905823e-02
-9.852240562438964844e+00 -2.329935550689697266e+00 1.236879732459783554e-02
-1.050370693206787109e+01 -2.416042804718017578e+00 1.316780876368284225e-02
-1.148838615417480469e+01 -2.568418979644775391e+00 1.438220776617527008e-02
-1.105440425872802734e+01 -2.400272607803344727e+00 1.382021233439445496e-02
-1.156600761413574219e+01 -2.437142610549926758e+00 1.444085128605365753e-02
-1.199224281311035156e+01 -2.450204610824584961e+00 1.495397835969924927e-02
-1.201195621490478516e+01 -2.377546310424804688e+00 1.496008690446615219e-02
-1.075640964508056641e+01 -2.060530185699462891e+00 1.338038966059684753e-02
-1.193403434753417969e+01 -2.210294008255004883e+00 1.482813991606235504e-02
-1.151621437072753906e+01 -2.059905529022216797e+00 1.429302152246236801e-02
-1.186762714385986328e+01 -2.047695636749267578e+00 1.471329666674137115e-02
-1.162250232696533203e+01 -1.932039260864257812e+00 1.439442578703165054e-02
-1.247643280029296875e+01 -1.995399713516235352e+00 1.543656084686517715e-02
-1.262187576293945312e+01 -1.939309954643249512e+00 1.560149528086185455e-02
-8.787801742553710938e+00 -3.335132896900177002e-01 2.610036134719848633e-01
-1.214877414703369141e+01 -1.790386557579040527e+00 1.500284764915704727e-02
-8.770700454711914062e+00 -2.789822816848754883e-01 2.604399621486663818e-01
-1.272393894195556641e+01 -1.795451998710632324e+00 1.569923385977745056e-02
-1.116294479370117188e+01 -1.505383729934692383e+00 1.376156974583864212e-02
-1.227885341644287109e+01 -1.579220175743103027e+00 1.512501947581768036e-02
-1.185057830810546875e+01 -1.450278759002685547e+00 1.458623632788658142e-02
-1.223274230957031250e+01 -1.420921087265014648e+00 1.504560746252536774e-02
-8.793093681335449219e+00 -3.276627957820892334e-01 1.781712919473648071e-01
-1.269946956634521484e+01 -1.396215796470642090e+00 1.560882572084665298e-02
-8.733981132507324219e+00 -2.718061506748199463e-01 1.769363880157470703e-01
-1.231291675567626953e+01 -1.277303338050842285e+00 1.512379851192235947e-02
-1.352381134033203125e+01 -1.319095849990844727e+00 1.660086959600448608e-02
-1.320003223419189453e+01 -1.205797791481018066e+00 1.619403436779975891e-02
-1.325600528717041016e+01 -1.128939270973205566e+00 1.625389978289604187e-02
-8.751521110534667969e+00 -3.738744258880615234e-01 9.326165169477462769e-02
-1.346305847167968750e+01 -1.063407778739929199e+00 1.649946719408035278e-02
-8.774635314941406250e+00 -3.209365904331207275e-01 9.348522871732711792e-02
-1.306140995025634766e+01 -9.510769248008728027e-01 1.599977910518646240e-02
-8.733462333679199219e+00 -2.657825052738189697e-01 9.302744269371032715e-02
-1.345713329315185547e+01 -8.969181776046752930e-01 1.647747494280338287e-02
-1.301320552825927734e+01 -7.871593832969665527e-01 1.592769660055637360e-02
-1.290695381164550781e+01 -7.012749314308166504e-01 1.579208485782146454e-02
-1.355526638031005859e+01 -6.531069278717041016e-01 1.658010110259056091e-02
-8.733282089233398438e+00 -3.670827448368072510e-01 1.067914348095655441e-02
-8.750361442565917969e+00 -3.140273988246917725e-01 1.069747004657983780e-02
-8.737129211425781250e+00 -2.598842978477478027e-01 1.067914348095655441e-02
-1.356921100616455078e+01 -3.202945291996002197e-01 1.658254489302635193e-02
-1.394986248016357422e+01 -2.436479777097702026e-01 1.704557985067367554e-02
-1.357411956787109375e+01 -1.537779718637466431e-01 1.658498868346214294e-02
-1.476479053497314453e+01 -7.666471600532531738e-02 1.803884655237197876e-02
-1.444298362731933594e+01 1.362795010209083557e-02 1.764545030891895294e-02
-1.444462776184082031e+01 1.022623330354690552e-01 1.764789223670959473e-02
-1.451927280426025391e+01 3.701366484165191650e-01 1.774441078305244446e-02
-1.491952705383300781e+01 4.719602763652801514e-01 1.823676750063896179e-02
-1.442092323303222656e+01 7.220951318740844727e-01 1.764056272804737091e-02
-1.363200283050537109e+01 9.344162344932556152e-01 1.669372245669364929e-02
-1.465913295745849609e+01 1.095230698585510254e+00 1.795943453907966614e-02
-1.455345916748046875e+01 1.177175164222717285e+00 1.783848367631435394e-02
-1.486077022552490234e+01 1.293860316276550293e+00 1.822455041110515594e-02
-1.314080810546875000e+01 2.191355228424072266e+00 2.697571218013763428e-01
-1.316392993927001953e+01 2.204510211944580078e+00 1.421069204807281494e-01
-1.314227485656738281e+01 2.283871650695800781e+00 1.420217454433441162e-01
-1.314145278930664062e+01 2.210031509399414062e+00 1.628077588975429535e-02
-1.311582469940185547e+01 2.288561820983886719e+00 1.626611687242984772e-02
-1.495091819763183594e+01 5.573473930358886719e+00 1.949392631649971008e-02
-6.000251293182373047e+00 3.246015787124633789e+00 2.024721205234527588e-01
-5.965325355529785156e+00 3.274594545364379883e+00 2.019677907228469849e-01
-1.421477985382080078e+01 5.903674602508544922e+00 1.880487240850925446e-02
-8.609264373779296875e+00 4.529313087463378906e+00 1.969783753156661987e-01
-8.542505264282226562e+00 4.561333179473876953e+00 1.960876286029815674e-01
-6.052172660827636719e+00 3.279482603073120117e+00 1.393829435110092163e-01
-5.996892452239990234e+00 3.297287940979003906e+00 1.385731697082519531e-01
-8.543732643127441406e+00 4.502336025238037109e+00 1.028220355510711670e-01
-6.048178195953369141e+00 3.282696962356567383e+00 7.326789200305938721e-02
-6.002521038055419922e+00 3.305757045745849609e+00 7.295914739370346069e-02
-8.622736930847167969e+00 4.484110832214355469e+00 1.187399681657552719e-02
-8.595060348510742188e+00 4.536934375762939453e+00 1.187399681657552719e-02
-8.560008049011230469e+00 4.585809707641601562e+00 1.186422258615493774e-02
-6.040109157562255859e+00 3.283693313598632812e+00 8.399395272135734558e-03
-6.010215282440185547e+00 3.315379619598388672e+00 8.385956287384033203e-03
-5.974051952362060547e+00 3.343404531478881836e+00 8.363964967429637909e-03
-3.122550725936889648e+00 2.370279312133789062e+00 1.163510158658027649e-01
-1.050479888916015625e+01 6.837954998016357422e+00 1.334514766931533813e-01
-3.109533309936523438e+00 2.390612840652465820e+00 1.164103522896766663e-01
-3.092440128326416016e+00 2.407805204391479492e+00 1.163213476538658142e-01
-3.064264535903930664e+00 2.416213512420654297e+00 1.158170253038406372e-01
-3.100961208343505859e+00 2.357251644134521484e+00 7.887232303619384766e-02
-1.050487327575683594e+01 6.848285675048828125e+00 1.532049756497144699e-02
-3.098322153091430664e+00 2.385383367538452148e+00 7.917599380016326904e-02
-1.044263076782226562e+01 6.899383544921875000e+00 1.529117580503225327e-02
-3.050512552261352539e+00 2.378529071807861328e+00 7.832572609186172485e-02
-3.059400558471679688e+00 2.415789604187011719e+00 7.893306016921997070e-02
-3.088661193847656250e+00 2.351252555847167969e+00 4.132896661758422852e-02
-3.053586483001708984e+00 2.354285717010498047e+00 4.105216264724731445e-02
-3.055634498596191406e+00 2.385901212692260742e+00 4.127573594450950623e-02
-3.038584232330322266e+00 2.402744531631469727e+00 4.124379530549049377e-02
-3.112785577774047852e+00 2.342938423156738281e+00 4.759861156344413757e-03
-3.131972312927246094e+00 2.385896682739257812e+00 1.478121578693389893e-01
-3.100736856460571289e+00 2.363812685012817383e+00 4.763526376336812973e-03
-3.117273807525634766e+00 2.405069112777709961e+00 1.478121578693389893e-01
-3.088549137115478516e+00 2.384627342224121094e+00 4.767191596329212189e-03
-3.096945762634277344e+00 2.419844150543212891e+00 1.475495398044586182e-01
-3.029744148254394531e+00 2.369038820266723633e+00 4.698774311691522598e-03
-9.207390248775482178e-02 7.120309472084045410e-01 7.644049357622861862e-03
-4.420639201998710632e-02 7.104934453964233398e-01 4.017347469925880432e-02
-3.261251747608184814e-02 6.580573320388793945e-01 1.334108412265777588e-02
-1.880884543061256409e-02 7.425799369812011719e-01 4.192014411091804504e-02
-9.460150264203548431e-03 7.058940529823303223e-01 6.561396270990371704e-02
-9.029543958604335785e-03 7.107969522476196289e-01 1.439379435032606125e-02
-5.106986965984106064e-03 7.029517292976379395e-01 6.533633172512054443e-02
