-8.106872439384460449e-03 -7.383541464805603027e-01 4.865606874227523804e-02 8.300000000000000000e+01 2.425632000000000000e+07 4.000000000000000000e+00 2.400000000000000000e+01 2.000000000000000000e+00 7.400000000000000000e+02
-4.159523174166679382e-02 -6.897687315940856934e-01 6.422579288482666016e-02 1.440000000000000000e+02 2.562201000000000000e+07 4.000000000000000000e+00 2.100000000000000000e+01 2.600000000000000000e+01 6.940000000000000000e+02
-3.032448515295982361e-02 -7.158678174018859863e-01 5.978921800851821899e-02 9.500000000000000000e+01 2.591710000000000000e+07 5.000000000000000000e+00 2.200000000000000000e+01 1.400000000000000000e+01 7.190000000000000000e+02
-6.077777221798896790e-02 -7.122742533683776855e-01 4.034250602126121521e-02 6.200000000000000000e+01 2.601566000000000000e+07 3.000000000000000000e+00 2.500000000000000000e+01 1.500000000000000000e+01 7.160000000000000000e+02
-5.665304139256477356e-02 -7.142665982246398926e-01 5.978921800851821899e-02 5.900000000000000000e+01 2.650684000000000000e+07 3.000000000000000000e+00 2.200000000000000000e+01 1.000000000000000000e+01 7.190000000000000000e+02
-1.067802160978317261e-01 -7.219969630241394043e-01 1.477843895554542542e-02 2.140000000000000000e+02 2.699550000000000000e+07 1.100000000000000000e+01 2.900000000000000000e+01 2.500000000000000000e+01 7.300000000000000000e+02
-1.056422591209411621e-01 -6.868172287940979004e-01 3.921562060713768005e-02 5.300000000000000000e+01 2.709267000000000000e+07 3.000000000000000000e+00 2.500000000000000000e+01 1.700000000000000000e+01 6.960000000000000000e+02
-8.195919543504714966e-02 -7.014490365982055664e-01 3.318100422620773315e-02 1.020000000000000000e+02 2.709267000000000000e+07 5.000000000000000000e+00 2.600000000000000000e+01 1.500000000000000000e+01 7.070000000000000000e+02
-1.134847477078437805e-01 -7.088307738304138184e-01 4.051154106855392456e-02 7.700000000000000000e+01 2.719087000000000000e+07 4.000000000000000000e+00 2.500000000000000000e+01 1.800000000000000000e+01 7.190000000000000000e+02
-1.259849071502685547e-01 -7.036734223365783691e-01 4.034250602126121521e-02 9.000000000000000000e+01 2.748181000000000000e+07 5.000000000000000000e+00 2.500000000000000000e+01 1.700000000000000000e+01 7.160000000000000000e+02
-9.337368607521057129e-02 -7.512186765670776367e-01 9.248497663065791130e-04 1.510000000000000000e+02 2.777250000000000000e+07 9.000000000000000000e+00 3.100000000000000000e+01 9.000000000000000000e+00 7.570000000000000000e+02
-1.308078914880752563e-01 -7.262724041938781738e-01 7.856975309550762177e-03 9.900000000000000000e+01 2.806488000000000000e+07 5.000000000000000000e+00 3.000000000000000000e+01 2.100000000000000000e+01 7.380000000000000000e+02
-1.046697348356246948e-01 -7.027473449707031250e-01 2.667371556162834167e-02 1.320000000000000000e+02 2.816221000000000000e+07 7.000000000000000000e+00 2.700000000000000000e+01 1.400000000000000000e+01 7.110000000000000000e+02
-1.099956855177879333e-01 -6.833129525184631348e-01 5.118970572948455811e-02 5.400000000000000000e+01 2.835701000000000000e+07 3.000000000000000000e+00 2.300000000000000000e+01 7.000000000000000000e+00 6.940000000000000000e+02
-7.119801044464111328e+00 -7.744590282440185547e+00 1.285260170698165894e-02 1.850000000000000000e+02 3.764592800000000000e+07 2.024000000000000000e+03 3.100000000000000000e+01 1.270000000000000000e+02 1.052000000000000000e+04
-7.499964237213134766e+00 -7.862589836120605469e+00 1.327532064169645309e-02 1.020000000000000000e+02 3.793760800000000000e+07 1.196000000000000000e+03 3.100000000000000000e+01 1.970000000000000000e+02 1.086600000000000000e+04
-7.566823005676269531e+00 -7.835845470428466797e+00 1.330830715596675873e-02 2.220000000000000000e+02 3.803524000000000000e+07 2.606000000000000000e+03 3.100000000000000000e+01 1.610000000000000000e+02 1.089300000000000000e+04
-7.813647747039794922e+00 -7.895214080810546875e+00 1.357097923755645752e-02 9.500000000000000000e+01 3.823115200000000000e+07 1.158000000000000000e+03 3.100000000000000000e+01 1.300000000000000000e+02 1.110800000000000000e+04
-7.938384056091308594e+00 -7.923417091369628906e+00 1.370292622596025467e-02 1.720000000000000000e+02 3.832843200000000000e+07 2.154000000000000000e+03 3.100000000000000000e+01 9.200000000000000000e+01 1.121600000000000000e+04
-7.815519332885742188e+00 -7.518743991851806641e+00 1.324966363608837128e-02 8.200000000000000000e+01 3.861954000000000000e+07 9.480000000000000000e+02 3.100000000000000000e+01 1.630000000000000000e+02 1.084500000000000000e+04
-7.734649658203125000e+00 -7.350097179412841797e+00 1.303586084395647049e-02 1.140000000000000000e+02 3.871751200000000000e+07 1.286000000000000000e+03 3.100000000000000000e+01 1.220000000000000000e+02 1.067000000000000000e+04
-7.818975925445556641e+00 -7.339457988739013672e+00 1.310183573514223099e-02 1.580000000000000000e+02 3.881479200000000000e+07 1.807000000000000000e+03 3.100000000000000000e+01 9.600000000000000000e+01 1.072400000000000000e+04
-7.415085315704345703e+00 -6.875238895416259766e+00 1.235413644462823868e-02 1.610000000000000000e+02 3.891258000000000000e+07 1.623000000000000000e+03 3.100000000000000000e+01 1.470000000000000000e+02 1.011200000000000000e+04
-7.979248523712158203e+00 -7.307792186737060547e+00 1.321912091225385666e-02 5.700000000000000000e+01 3.901040800000000000e+07 6.550000000000000000e+02 3.100000000000000000e+01 1.170000000000000000e+02 1.082000000000000000e+04
-8.012073516845703125e+00 -7.247961521148681641e+00 1.319957338273525238e-02 1.790000000000000000e+02 3.910800000000000000e+07 2.068000000000000000e+03 3.100000000000000000e+01 9.600000000000000000e+01 1.080400000000000000e+04
-8.050429344177246094e+00 -7.193333148956298828e+00 1.318979915231466293e-02 1.270000000000000000e+02 3.920592800000000000e+07 1.468000000000000000e+03 3.100000000000000000e+01 1.180000000000000000e+02 1.079600000000000000e+04
-7.724782943725585938e+00 -6.817579269409179688e+00 1.258748676627874374e-02 9.100000000000000000e+01 3.930310000000000000e+07 9.560000000000000000e+02 3.100000000000000000e+01 1.120000000000000000e+02 1.030300000000000000e+04
-8.074776649475097656e+00 -7.038804531097412109e+00 1.308717485517263412e-02 1.200000000000000000e+02 3.939976000000000000e+07 1.363000000000000000e+03 3.100000000000000000e+01 1.460000000000000000e+02 1.071200000000000000e+04
-7.799527645111083984e+00 -6.715094089508056641e+00 1.257404778152704239e-02 1.370000000000000000e+02 3.949824800000000000e+07 1.442000000000000000e+03 3.100000000000000000e+01 1.040000000000000000e+02 1.029200000000000000e+04
-7.612040042877197266e+00 -6.472771644592285156e+00 1.220752857625484467e-02 2.160000000000000000e+02 3.959451200000000000e+07 2.139000000000000000e+03 3.100000000000000000e+01 9.100000000000000000e+01 9.992000000000000000e+03
-7.990085124969482422e+00 -6.710197925567626953e+00 1.274753361940383911e-02 1.850000000000000000e+02 3.969270000000000000e+07 1.994000000000000000e+03 3.100000000000000000e+01 1.020000000000000000e+02 1.043400000000000000e+04
-7.960294723510742188e+00 -6.602312564849853516e+00 1.263513416051864624e-02 1.210000000000000000e+02 3.979171200000000000e+07 1.285000000000000000e+03 3.100000000000000000e+01 1.030000000000000000e+02 1.034200000000000000e+04
-8.216491699218750000e+00 -6.730136394500732422e+00 1.297599636018276215e-02 8.200000000000000000e+01 3.988960000000000000e+07 9.150000000000000000e+02 3.100000000000000000e+01 1.030000000000000000e+02 1.062100000000000000e+04
-8.067150115966796875e+00 -6.525512695312500000e+00 1.267667300999164581e-02 1.060000000000000000e+02 3.998804800000000000e+07 1.133000000000000000e+03 3.100000000000000000e+01 9.100000000000000000e+01 1.037600000000000000e+04
-8.053126335144042969e+00 -6.432826042175292969e+00 1.259237341582775116e-02 1.710000000000000000e+02 4.008588800000000000e+07 1.810000000000000000e+03 3.100000000000000000e+01 7.100000000000000000e+01 1.030700000000000000e+04
-7.968393325805664062e+00 -6.285439968109130859e+00 1.239934004843235016e-02 1.290000000000000000e+02 4.018240000000000000e+07 1.320000000000000000e+03 3.100000000000000000e+01 9.500000000000000000e+01 1.014900000000000000e+04
-7.994187355041503906e+00 -6.226596832275390625e+00 1.237979251891374588e-02 6.800000000000000000e+01 4.028068800000000000e+07 6.890000000000000000e+02 3.100000000000000000e+01 9.900000000000000000e+01 1.013300000000000000e+04
-8.256571769714355469e+00 -6.349955081939697266e+00 1.272554229944944382e-02 4.700000000000000000e+01 4.037802000000000000e+07 5.030000000000000000e+02 3.100000000000000000e+01 7.200000000000000000e+01 1.041600000000000000e+04
-8.283432006835937500e+00 -6.290102481842041016e+00 1.270721573382616043e-02 6.600000000000000000e+01 4.047599200000000000e+07 7.060000000000000000e+02 3.100000000000000000e+01 8.600000000000000000e+01 1.040100000000000000e+04
-7.961025714874267578e+00 -5.968620777130126953e+00 1.215621642768383026e-02 7.600000000000000000e+01 4.057378000000000000e+07 7.440000000000000000e+02 3.100000000000000000e+01 9.400000000000000000e+01 9.950000000000000000e+03
-8.148607254028320312e+00 -6.031509399414062500e+00 1.238590106368064880e-02 1.320000000000000000e+02 4.067068800000000000e+07 1.349000000000000000e+03 3.100000000000000000e+01 9.100000000000000000e+01 1.013800000000000000e+04
-8.034477233886718750e+00 -5.871067047119140625e+00 1.215743739157915115e-02 7.500000000000000000e+01 4.076964800000000000e+07 7.330000000000000000e+02 3.100000000000000000e+01 1.090000000000000000e+02 9.951000000000000000e+03
-8.265803337097167969e+00 -5.962650775909423828e+00 1.245187409222126007e-02 9.300000000000000000e+01 4.086739200000000000e+07 9.590000000000000000e+02 3.100000000000000000e+01 7.700000000000000000e+01 1.019200000000000000e+04
-8.092071533203125000e+00 -5.762168884277343750e+00 1.213666796684265137e-02 1.550000000000000000e+02 4.096450000000000000e+07 1.523000000000000000e+03 3.100000000000000000e+01 8.000000000000000000e+01 9.934000000000000000e+03
-8.379259109497070312e+00 -5.889519691467285156e+00 1.251296140253543854e-02 4.000000000000000000e+01 4.106248800000000000e+07 4.120000000000000000e+02 3.100000000000000000e+01 8.300000000000000000e+01 1.024200000000000000e+04
-8.404556274414062500e+00 -5.830584049224853516e+00 1.249707769602537155e-02 5.900000000000000000e+01 4.116048800000000000e+07 6.120000000000000000e+02 3.100000000000000000e+01 6.400000000000000000e+01 1.022900000000000000e+04
-8.430274009704589844e+00 -5.772126197814941406e+00 1.248241867870092392e-02 3.300000000000000000e+01 4.125771200000000000e+07 3.300000000000000000e+02 3.100000000000000000e+01 5.000000000000000000e+01 1.021700000000000000e+04
-8.280759811401367188e+00 -5.595437049865722656e+00 1.220997143536806107e-02 3.600000000000000000e+01 4.135595200000000000e+07 3.520000000000000000e+02 3.100000000000000000e+01 8.200000000000000000e+01 9.994000000000000000e+03
-8.376504898071289062e+00 -5.585576057434082031e+00 1.230038050562143326e-02 5.500000000000000000e+01 4.145420000000000000e+07 5.500000000000000000e+02 3.100000000000000000e+01 8.600000000000000000e+01 1.006800000000000000e+04
-8.604427337646484375e+00 -5.661596775054931641e+00 1.258382108062505722e-02 5.700000000000000000e+01 4.155260800000000000e+07 5.980000000000000000e+02 3.100000000000000000e+01 7.600000000000000000e+01 1.030000000000000000e+04
-8.571066856384277344e+00 -5.564587593078613281e+00 1.248486153781414032e-02 6.300000000000000000e+01 4.164915200000000000e+07 6.510000000000000000e+02 3.100000000000000000e+01 7.500000000000000000e+01 1.021900000000000000e+04
-8.464424133300781250e+00 -5.421815395355224609e+00 1.228083204478025436e-02 9.800000000000000000e+01 4.174632000000000000e+07 9.820000000000000000e+02 3.100000000000000000e+01 9.200000000000000000e+01 1.005200000000000000e+04
-8.507677078247070312e+00 -5.376186847686767578e+00 1.229549292474985123e-02 1.460000000000000000e+02 4.184288000000000000e+07 1.472000000000000000e+03 3.100000000000000000e+01 7.300000000000000000e+01 1.006400000000000000e+04
-8.660160064697265625e+00 -5.398473262786865234e+00 1.246775779873132706e-02 5.600000000000000000e+01 4.194092000000000000e+07 5.760000000000000000e+02 3.100000000000000000e+01 8.100000000000000000e+01 1.020500000000000000e+04
-8.634344100952148438e+00 -5.309092521667480469e+00 1.238345820456743240e-02 6.800000000000000000e+01 4.203998000000000000e+07 6.920000000000000000e+02 3.100000000000000000e+01 7.400000000000000000e+01 1.013600000000000000e+04
-8.561586380004882812e+00 -5.192231655120849609e+00 1.223318465054035187e-02 5.200000000000000000e+01 4.213674000000000000e+07 5.160000000000000000e+02 3.100000000000000000e+01 6.200000000000000000e+01 1.001300000000000000e+04
-8.645634651184082031e+00 -5.170911788940429688e+00 1.230771001428365707e-02 8.600000000000000000e+01 4.223492800000000000e+07 8.680000000000000000e+02 3.100000000000000000e+01 5.900000000000000000e+01 1.007400000000000000e+04
-8.597095489501953125e+00 -5.070520401000976562e+00 1.219408959150314331e-02 5.200000000000000000e+01 4.233272800000000000e+07 5.110000000000000000e+02 3.100000000000000000e+01 7.700000000000000000e+01 9.981000000000000000e+03
-8.354880332946777344e+00 -4.858814239501953125e+00 1.180802285671234131e-02 5.400000000000000000e+01 4.242974000000000000e+07 4.950000000000000000e+02 3.100000000000000000e+01 1.100000000000000000e+02 9.665000000000000000e+03
-8.561509132385253906e+00 -4.908929347991943359e+00 1.205725595355033875e-02 5.600000000000000000e+01 4.252731200000000000e+07 5.390000000000000000e+02 3.100000000000000000e+01 7.200000000000000000e+01 9.869000000000000000e+03
-8.429546356201171875e+00 -4.764778137207031250e+00 1.183001417666673660e-02 6.400000000000000000e+01 4.262468800000000000e+07 5.940000000000000000e+02 3.100000000000000000e+01 7.300000000000000000e+01 9.683000000000000000e+03
-8.548599243164062500e+00 -4.763098239898681641e+00 1.195585168898105621e-02 5.500000000000000000e+01 4.272200800000000000e+07 5.210000000000000000e+02 3.100000000000000000e+01 7.100000000000000000e+01 9.786000000000000000e+03
-8.647786140441894531e+00 -4.749063968658447266e+00 1.205359026789665222e-02 6.400000000000000000e+01 4.281904000000000000e+07 6.180000000000000000e+02 3.100000000000000000e+01 6.100000000000000000e+01 9.866000000000000000e+03
-8.685558319091796875e+00 -4.700672626495361328e+00 1.206580735743045807e-02 5.900000000000000000e+01 4.291666000000000000e+07 5.610000000000000000e+02 3.100000000000000000e+01 5.600000000000000000e+01 9.876000000000000000e+03
-8.522764205932617188e+00 -4.545177936553955078e+00 1.180069241672754288e-02 5.900000000000000000e+01 4.301322000000000000e+07 5.450000000000000000e+02 3.100000000000000000e+01 6.600000000000000000e+01 9.659000000000000000e+03
-8.753211021423339844e+00 -4.599315166473388672e+00 1.208046823740005493e-02 5.100000000000000000e+01 4.311095200000000000e+07 4.920000000000000000e+02 3.100000000000000000e+01 8.400000000000000000e+01 9.888000000000000000e+03
-8.787484169006347656e+00 -4.548738002777099609e+00 1.208902057260274887e-02 5.200000000000000000e+01 4.320868800000000000e+07 5.020000000000000000e+02 3.100000000000000000e+01 7.900000000000000000e+01 9.895000000000000000e+03
-8.786721229553222656e+00 -4.480197429656982422e+00 1.204992551356554031e-02 6.300000000000000000e+01 4.330703200000000000e+07 5.980000000000000000e+02 3.100000000000000000e+01 5.600000000000000000e+01 9.863000000000000000e+03
-8.675529479980468750e+00 -4.356639385223388672e+00 1.186055690050125122e-02 5.400000000000000000e+01 4.340384000000000000e+07 5.040000000000000000e+02 3.100000000000000000e+01 6.200000000000000000e+01 9.708000000000000000e+03
-8.717336654663085938e+00 -4.310861110687255859e+00 1.188132632523775101e-02 5.900000000000000000e+01 4.350208000000000000e+07 5.520000000000000000e+02 3.100000000000000000e+01 7.600000000000000000e+01 9.725000000000000000e+03
-8.775991439819335938e+00 -4.273051261901855469e+00 1.192530896514654160e-02 4.600000000000000000e+01 4.360008000000000000e+07 4.320000000000000000e+02 3.100000000000000000e+01 7.300000000000000000e+01 9.761000000000000000e+03
-8.784911155700683594e+00 -4.210909843444824219e+00 1.190209574997425079e-02 3.600000000000000000e+01 4.369827200000000000e+07 3.280000000000000000e+02 3.100000000000000000e+01 5.100000000000000000e+01 9.742000000000000000e+03
-8.781642913818359375e+00 -4.143272399902343750e+00 1.186299975961446762e-02 6.300000000000000000e+01 4.379488000000000000e+07 5.890000000000000000e+02 3.100000000000000000e+01 5.900000000000000000e+01 9.710000000000000000e+03
-8.871296882629394531e+00 -4.119212627410888672e+00 1.194974314421415329e-02 3.400000000000000000e+01 4.389272000000000000e+07 3.110000000000000000e+02 3.100000000000000000e+01 5.200000000000000000e+01 9.781000000000000000e+03
-8.909138679504394531e+00 -4.070519924163818359e+00 1.196684688329696655e-02 3.300000000000000000e+01 4.399048800000000000e+07 3.110000000000000000e+02 3.100000000000000000e+01 6.900000000000000000e+01 9.795000000000000000e+03
-8.934859275817871094e+00 -4.016188144683837891e+00 1.196806970983743668e-02 4.800000000000000000e+01 4.408904800000000000e+07 4.560000000000000000e+02 3.100000000000000000e+01 5.800000000000000000e+01 9.796000000000000000e+03
-8.971223831176757812e+00 -3.966545820236206055e+00 1.198395155370235443e-02 3.900000000000000000e+01 4.418544800000000000e+07 3.700000000000000000e+02 3.100000000000000000e+01 6.800000000000000000e+01 9.809000000000000000e+03
-8.957794189453125000e+00 -3.895076036453247070e+00 1.193386130034923553e-02 2.800000000000000000e+01 4.428256800000000000e+07 2.540000000000000000e+02 3.100000000000000000e+01 3.800000000000000000e+01 9.768000000000000000e+03
-8.935550689697265625e+00 -3.820382356643676758e+00 1.187277399003505707e-02 3.900000000000000000e+01 4.438040000000000000e+07 3.630000000000000000e+02 3.100000000000000000e+01 6.100000000000000000e+01 9.718000000000000000e+03
-8.951448440551757812e+00 -3.762382984161376953e+00 1.186299975961446762e-02 3.100000000000000000e+01 4.447762000000000000e+07 2.790000000000000000e+02 3.100000000000000000e+01 4.500000000000000000e+01 9.710000000000000000e+03
-8.944790840148925781e+00 -3.695169210433959961e+00 1.182390470057725906e-02 5.000000000000000000e+01 4.457540800000000000e+07 4.540000000000000000e+02 3.100000000000000000e+01 5.600000000000000000e+01 9.678000000000000000e+03
-8.857960700988769531e+00 -3.595831871032714844e+00 1.167974062263965607e-02 6.400000000000000000e+01 4.467202000000000000e+07 5.720000000000000000e+02 3.100000000000000000e+01 4.600000000000000000e+01 9.560000000000000000e+03
-8.782327651977539062e+00 -3.502516508102416992e+00 1.155146025121212006e-02 2.800000000000000000e+01 4.476955200000000000e+07 2.450000000000000000e+02 3.100000000000000000e+01 6.200000000000000000e+01 9.455000000000000000e+03
-8.793411254882812500e+00 -3.444550991058349609e+00 1.153802033513784409e-02 4.100000000000000000e+01 4.486794000000000000e+07 3.600000000000000000e+02 3.100000000000000000e+01 6.900000000000000000e+01 9.444000000000000000e+03
-9.082247734069824219e+00 -3.493568181991577148e+00 1.188865769654512405e-02 6.200000000000000000e+01 4.496430000000000000e+07 5.820000000000000000e+02 3.100000000000000000e+01 5.900000000000000000e+01 9.731000000000000000e+03
-9.103512763977050781e+00 -3.437774658203125000e+00 1.188865769654512405e-02 4.900000000000000000e+01 4.506131200000000000e+07 4.500000000000000000e+02 3.100000000000000000e+01 5.600000000000000000e+01 9.731000000000000000e+03
-9.130060195922851562e+00 -3.383936882019042969e+00 1.189598720520734787e-02 2.700000000000000000e+01 4.516022000000000000e+07 2.420000000000000000e+02 3.100000000000000000e+01 5.200000000000000000e+01 9.737000000000000000e+03
-9.212677955627441406e+00 -3.350409269332885742e+00 1.197662111371755600e-02 4.400000000000000000e+01 4.525658000000000000e+07 4.180000000000000000e+02 3.100000000000000000e+01 6.200000000000000000e+01 9.803000000000000000e+03
-9.094608306884765625e+00 -3.244426012039184570e+00 1.179702673107385635e-02 5.200000000000000000e+01 4.535404800000000000e+07 4.710000000000000000e+02 3.100000000000000000e+01 5.200000000000000000e+01 9.656000000000000000e+03
-9.103017807006835938e+00 -3.184598922729492188e+00 1.178236585110425949e-02 6.600000000000000000e+01 4.545143200000000000e+07 6.000000000000000000e+02 3.100000000000000000e+01 5.200000000000000000e+01 9.644000000000000000e+03
-8.825370788574218750e+00 -3.026817083358764648e+00 1.139874383807182312e-02 1.440000000000000000e+02 4.555019200000000000e+07 1.248000000000000000e+03 3.100000000000000000e+01 7.400000000000000000e+01 9.330000000000000000e+03
-8.783111572265625000e+00 -2.952217578887939453e+00 1.132055278867483139e-02 7.400000000000000000e+01 4.564663200000000000e+07 6.290000000000000000e+02 3.100000000000000000e+01 9.100000000000000000e+01 9.266000000000000000e+03
-8.447726249694824219e+00 -2.781913518905639648e+00 1.086606830358505249e-02 8.700000000000000000e+01 4.574360000000000000e+07 6.820000000000000000e+02 3.100000000000000000e+01 8.300000000000000000e+01 8.894000000000000000e+03
-8.521739959716796875e+00 -2.748444080352783203e+00 1.093937270343303680e-02 6.700000000000000000e+01 4.584200000000000000e+07 5.330000000000000000e+02 3.100000000000000000e+01 6.600000000000000000e+01 8.954000000000000000e+03
-8.952301979064941406e+00 -2.826784133911132812e+00 1.146960351616144180e-02 3.100000000000000000e+01 4.593947200000000000e+07 2.680000000000000000e+02 3.100000000000000000e+01 7.000000000000000000e+01 9.388000000000000000e+03
-8.884446144104003906e+00 -2.745523452758789062e+00 1.136086974292993546e-02 2.800000000000000000e+01 4.603740800000000000e+07 2.300000000000000000e+02 3.100000000000000000e+01 5.100000000000000000e+01 9.299000000000000000e+03
-8.970044136047363281e+00 -2.711793184280395508e+00 1.144883409142494202e-02 3.800000000000000000e+01 4.613580800000000000e+07 3.210000000000000000e+02 3.100000000000000000e+01 4.700000000000000000e+01 9.371000000000000000e+03
-8.880068778991699219e+00 -2.625234127044677734e+00 1.131322141736745834e-02 4.100000000000000000e+01 4.623283200000000000e+07 3.390000000000000000e+02 3.100000000000000000e+01 5.200000000000000000e+01 9.260000000000000000e+03
-8.864307403564453125e+00 -2.561536312103271484e+00 1.127290446311235428e-02 4.000000000000000000e+01 4.633096800000000000e+07 3.280000000000000000e+02 3.100000000000000000e+01 4.900000000000000000e+01 9.227000000000000000e+03
-8.811528205871582031e+00 -2.487806081771850586e+00 1.118616200983524323e-02 9.000000000000000000e+01 4.642830000000000000e+07 7.430000000000000000e+02 3.100000000000000000e+01 4.800000000000000000e+01 9.156000000000000000e+03
-8.784210205078125000e+00 -2.421997547149658203e+00 1.113240607082843781e-02 5.300000000000000000e+01 4.652556000000000000e+07 4.350000000000000000e+02 3.100000000000000000e+01 6.700000000000000000e+01 9.112000000000000000e+03
-8.868432044982910156e+00 -2.386764526367187500e+00 1.122036948800086975e-02 4.900000000000000000e+01 4.662278000000000000e+07 4.080000000000000000e+02 3.100000000000000000e+01 6.900000000000000000e+01 9.184000000000000000e+03
-8.766843795776367188e+00 -2.301829576492309570e+00 1.107376255095005035e-02 3.200000000000000000e+01 4.672026000000000000e+07 2.580000000000000000e+02 3.100000000000000000e+01 6.300000000000000000e+01 9.064000000000000000e+03
-8.698458671569824219e+00 -2.226912736892700195e+00 1.096991542726755142e-02 4.100000000000000000e+01 4.681754000000000000e+07 3.260000000000000000e+02 3.100000000000000000e+01 6.300000000000000000e+01 8.979000000000000000e+03
-8.612022399902343750e+00 -2.148565530776977539e+00 1.084407791495323181e-02 5.600000000000000000e+01 4.691648800000000000e+07 4.370000000000000000e+02 3.100000000000000000e+01 6.200000000000000000e+01 8.876000000000000000e+03
-8.608524322509765625e+00 -2.091668844223022461e+00 1.082330755889415741e-02 7.000000000000000000e+01 4.701284800000000000e+07 5.440000000000000000e+02 3.100000000000000000e+01 8.200000000000000000e+01 8.859000000000000000e+03
-8.622169494628906250e+00 -2.039038658142089844e+00 1.082453038543462753e-02 6.800000000000000000e+01 4.711180800000000000e+07 5.290000000000000000e+02 3.100000000000000000e+01 6.300000000000000000e+01 8.860000000000000000e+03
-8.204742431640625000e+00 -1.887239336967468262e+00 1.028574723750352859e-02 1.090000000000000000e+02 4.720876800000000000e+07 7.620000000000000000e+02 3.100000000000000000e+01 5.400000000000000000e+01 8.419000000000000000e+03
-8.345962524414062500e+00 -1.865878224372863770e+00 1.044823694974184036e-02 7.800000000000000000e+01 4.730604800000000000e+07 5.660000000000000000e+02 3.100000000000000000e+01 7.300000000000000000e+01 8.552000000000000000e+03
-8.480385780334472656e+00 -1.841369032859802246e+00 1.060217525810003281e-02 4.500000000000000000e+01 4.740342000000000000e+07 3.280000000000000000e+02 3.100000000000000000e+01 5.400000000000000000e+01 8.678000000000000000e+03
-8.635365486145019531e+00 -1.819609403610229492e+00 1.078176964074373245e-02 2.400000000000000000e+01 4.750124800000000000e+07 1.760000000000000000e+02 3.100000000000000000e+01 4.800000000000000000e+01 8.825000000000000000e+03
-8.513120651245117188e+00 -1.739364981651306152e+00 1.061561331152915955e-02 3.800000000000000000e+01 4.759874000000000000e+07 2.760000000000000000e+02 3.100000000000000000e+01 5.600000000000000000e+01 8.689000000000000000e+03
-1.465725040435791016e+01 -2.354517221450805664e+00 1.580550819635391235e-01 9.300000000000000000e+01 4.769672000000000000e+07 2.032000000000000000e+03 3.000000000000000000e+01 9.100000000000000000e+01 1.484600000000000000e+04
-8.503032684326171875e+00 -1.683019280433654785e+00 1.058995723724365234e-02 3.600000000000000000e+01 4.769672000000000000e+07 2.670000000000000000e+02 3.100000000000000000e+01 5.900000000000000000e+01 8.668000000000000000e+03
-8.467039108276367188e+00 -1.621971249580383301e+00 1.053253654390573502e-02 3.200000000000000000e+01 4.779364000000000000e+07 2.340000000000000000e+02 3.100000000000000000e+01 6.500000000000000000e+01 8.621000000000000000e+03
-8.480764389038085938e+00 -1.570716381072998047e+00 1.053742319345474243e-02 4.000000000000000000e+01 4.789212800000000000e+07 2.940000000000000000e+02 3.100000000000000000e+01 6.200000000000000000e+01 8.625000000000000000e+03
-1.464266490936279297e+01 -2.076464176177978516e+00 1.574589014053344727e-01 2.700000000000000000e+01 4.798992800000000000e+07 5.730000000000000000e+02 3.000000000000000000e+01 9.300000000000000000e+01 1.479000000000000000e+04
-8.483351707458496094e+00 -1.517417311668395996e+00 1.052887085825204849e-02 4.500000000000000000e+01 4.798992800000000000e+07 3.300000000000000000e+02 3.100000000000000000e+01 5.900000000000000000e+01 8.618000000000000000e+03
-8.455057144165039062e+00 -1.458874821662902832e+00 1.048244629055261612e-02 3.800000000000000000e+01 4.808692800000000000e+07 2.690000000000000000e+02 3.100000000000000000e+01 5.000000000000000000e+01 8.580000000000000000e+03
-1.467795181274414062e+01 -1.898030281066894531e+00 1.575759947299957275e-01 2.200000000000000000e+01 4.818406000000000000e+07 4.650000000000000000e+02 3.000000000000000000e+01 8.700000000000000000e+01 1.480100000000000000e+04
-8.353364944458007812e+00 -1.388602018356323242e+00 1.034561172127723694e-02 3.800000000000000000e+01 4.818406000000000000e+07 2.680000000000000000e+02 3.100000000000000000e+01 6.900000000000000000e+01 8.468000000000000000e+03
-8.357778549194335938e+00 -1.336688876152038574e+00 1.034072507172822952e-02 6.100000000000000000e+01 4.828250000000000000e+07 4.270000000000000000e+02 3.100000000000000000e+01 4.500000000000000000e+01 8.464000000000000000e+03
-8.371752738952636719e+00 -1.286292433738708496e+00 1.034805458039045334e-02 4.600000000000000000e+01 4.837844000000000000e+07 3.260000000000000000e+02 3.100000000000000000e+01 7.200000000000000000e+01 8.470000000000000000e+03
-8.377509117126464844e+00 -1.234608530998229980e+00 1.034561172127723694e-02 4.300000000000000000e+01 4.847634000000000000e+07 2.990000000000000000e+02 3.100000000000000000e+01 4.100000000000000000e+01 8.468000000000000000e+03
-1.378624248504638672e+01 -1.439718365669250488e+00 1.475791186094284058e-01 2.100000000000000000e+01 4.857458000000000000e+07 3.890000000000000000e+02 3.000000000000000000e+01 8.600000000000000000e+01 1.386200000000000000e+04
-8.299770355224609375e+00 -1.171165585517883301e+00 1.024054270237684250e-02 4.500000000000000000e+01 4.857458000000000000e+07 3.110000000000000000e+02 3.100000000000000000e+01 7.700000000000000000e+01 8.382000000000000000e+03
-8.340496063232421875e+00 -1.124761104583740234e+00 1.028208155184984207e-02 3.600000000000000000e+01 4.867334000000000000e+07 2.450000000000000000e+02 3.100000000000000000e+01 5.300000000000000000e+01 8.416000000000000000e+03
-8.168710708618164062e+00 -1.050602436065673828e+00 1.006217021495103836e-02 5.000000000000000000e+01 4.877060800000000000e+07 3.350000000000000000e+02 3.100000000000000000e+01 7.500000000000000000e+01 8.236000000000000000e+03
-8.228603363037109375e+00 -1.007019877433776855e+00 1.012814324349164963e-02 4.400000000000000000e+01 4.886671200000000000e+07 2.920000000000000000e+02 3.100000000000000000e+01 5.100000000000000000e+01 8.290000000000000000e+03
-1.463079929351806641e+01 -1.165762066841125488e+00 1.562665104866027832e-01 7.800000000000000000e+01 4.896351200000000000e+07 1.663000000000000000e+03 3.000000000000000000e+01 9.100000000000000000e+01 1.467800000000000000e+04
-8.305152893066406250e+00 -9.647033214569091797e-01 1.021488569676876068e-02 4.700000000000000000e+01 4.896351200000000000e+07 3.250000000000000000e+02 3.100000000000000000e+01 5.900000000000000000e+01 8.361000000000000000e+03
-8.308928489685058594e+00 -9.135071039199829102e-01 1.021244283765554428e-02 3.600000000000000000e+01 4.906128800000000000e+07 2.480000000000000000e+02 3.100000000000000000e+01 5.800000000000000000e+01 8.359000000000000000e+03
-8.320344924926757812e+00 -8.631264567375183105e-01 1.021977420896291733e-02 3.500000000000000000e+01 4.915795200000000000e+07 2.350000000000000000e+02 3.100000000000000000e+01 4.900000000000000000e+01 8.365000000000000000e+03
-8.174201965332031250e+00 -7.973016500473022461e-01 1.003407035022974014e-02 3.500000000000000000e+01 4.925594000000000000e+07 2.270000000000000000e+02 3.100000000000000000e+01 4.200000000000000000e+01 8.213000000000000000e+03
-1.416377258300781250e+01 -7.793245911598205566e-01 1.510285288095474243e-01 2.000000000000000000e+01 4.935255200000000000e+07 3.840000000000000000e+02 3.000000000000000000e+01 1.070000000000000000e+02 1.418600000000000000e+04
-8.127156257629394531e+00 -7.424002885818481445e-01 9.970540180802345276e-03 2.800000000000000000e+01 4.935255200000000000e+07 1.830000000000000000e+02 3.100000000000000000e+01 6.600000000000000000e+01 8.161000000000000000e+03
-8.134548187255859375e+00 -6.927735805511474609e-01 9.974205866456031799e-03 3.400000000000000000e+01 4.945094000000000000e+07 2.170000000000000000e+02 3.100000000000000000e+01 4.400000000000000000e+01 8.164000000000000000e+03
-8.106744766235351562e+00 -6.403281092643737793e-01 9.935109876096248627e-03 5.900000000000000000e+01 4.954883200000000000e+07 3.870000000000000000e+02 3.100000000000000000e+01 5.900000000000000000e+01 8.132000000000000000e+03
-8.128474235534667969e+00 -5.918812751770019531e-01 9.957101196050643921e-03 3.400000000000000000e+01 4.964626000000000000e+07 2.170000000000000000e+02 3.100000000000000000e+01 4.400000000000000000e+01 8.150000000000000000e+03
-8.125965118408203125e+00 -5.415956974029541016e-01 9.949770756065845490e-03 3.400000000000000000e+01 4.974312000000000000e+07 2.160000000000000000e+02 3.100000000000000000e+01 5.300000000000000000e+01 8.144000000000000000e+03
-8.034309387207031250e+00 -4.859895706176757812e-01 9.833707474172115326e-03 3.500000000000000000e+01 4.984008800000000000e+07 2.180000000000000000e+02 3.100000000000000000e+01 4.600000000000000000e+01 8.049000000000000000e+03
-7.837434768676757812e+00 -4.258322119712829590e-01 9.589361026883125305e-03 3.400000000000000000e+01 4.993792000000000000e+07 2.010000000000000000e+02 3.100000000000000000e+01 5.200000000000000000e+01 7.849000000000000000e+03
-1.417217445373535156e+01 -1.702939718961715698e-01 1.509007662534713745e-01 2.100000000000000000e+01 5.003556000000000000e+07 4.060000000000000000e+02 3.000000000000000000e+01 9.300000000000000000e+01 1.417400000000000000e+04
-7.910817623138427734e+00 -3.811514973640441895e-01 9.676103480160236359e-03 3.100000000000000000e+01 5.003556000000000000e+07 1.850000000000000000e+02 3.100000000000000000e+01 5.000000000000000000e+01 7.920000000000000000e+03
-7.956968307495117188e+00 -3.344522416591644287e-01 9.729859419167041779e-03 4.400000000000000000e+01 5.013308800000000000e+07 2.700000000000000000e+02 3.100000000000000000e+01 5.600000000000000000e+01 7.964000000000000000e+03
-7.786981582641601562e+00 -2.794542610645294189e-01 9.519722312688827515e-03 3.100000000000000000e+01 5.023175200000000000e+07 1.840000000000000000e+02 3.100000000000000000e+01 8.000000000000000000e+01 7.792000000000000000e+03
-7.976466655731201172e+00 -2.372585237026214600e-01 9.749406948685646057e-03 5.200000000000000000e+01 5.032900800000000000e+07 3.270000000000000000e+02 3.100000000000000000e+01 6.600000000000000000e+01 7.980000000000000000e+03
-7.958777427673339844e+00 -1.878630220890045166e-01 9.726194664835929871e-03 4.600000000000000000e+01 5.042540800000000000e+07 2.820000000000000000e+02 3.100000000000000000e+01 5.000000000000000000e+01 7.961000000000000000e+03
-7.971778869628906250e+00 -1.392349004745483398e-01 9.740855544805526733e-03 3.400000000000000000e+01 5.052299200000000000e+07 2.070000000000000000e+02 3.100000000000000000e+01 4.300000000000000000e+01 7.973000000000000000e+03
-7.759496688842773438e+00 -8.790548890829086304e-02 9.480626322329044342e-03 4.500000000000000000e+01 5.062088000000000000e+07 2.680000000000000000e+02 3.100000000000000000e+01 6.000000000000000000e+01 7.760000000000000000e+03
-7.745890140533447266e+00 -4.021976888179779053e-02 9.463522583246231079e-03 5.700000000000000000e+01 5.071712800000000000e+07 3.380000000000000000e+02 3.100000000000000000e+01 7.000000000000000000e+01 7.746000000000000000e+03
-3.877990007400512695e+00 4.256722331047058105e-01 1.157873570919036865e-01 1.060000000000000000e+02 5.081475200000000000e+07 1.600000000000000000e+02 2.800000000000000000e+01 1.900000000000000000e+01 3.903000000000000000e+03
-7.735991477966308594e+00 7.299440912902355194e-03 9.451305493712425232e-03 9.900000000000000000e+01 5.081475200000000000e+07 5.890000000000000000e+02 3.100000000000000000e+01 6.600000000000000000e+01 7.736000000000000000e+03
-3.882255315780639648e+00 4.502651989459991455e-01 1.159950196743011475e-01 1.100000000000000000e+02 5.091254000000000000e+07 1.660000000000000000e+02 2.800000000000000000e+01 3.400000000000000000e+01 3.910000000000000000e+03
-7.719800949096679688e+00 5.465318262577056885e-02 9.431757032871246338e-03 5.100000000000000000e+01 5.091254000000000000e+07 3.000000000000000000e+02 3.100000000000000000e+01 6.900000000000000000e+01 7.720000000000000000e+03
-3.876443147659301758e+00 4.737140834331512451e-01 1.159060224890708923e-01 1.440000000000000000e+02 5.101064000000000000e+07 2.180000000000000000e+02 2.800000000000000000e+01 3.500000000000000000e+01 3.907000000000000000e+03
-7.656326293945312500e+00 1.011874154210090637e-01 9.354788810014724731e-03 6.500000000000000000e+01 5.101064000000000000e+07 3.720000000000000000e+02 3.100000000000000000e+01 5.400000000000000000e+01 7.657000000000000000e+03
-3.899240255355834961e+00 5.008012056350708008e-01 1.166773438453674316e-01 4.200000000000000000e+01 5.110724000000000000e+07 6.300000000000000000e+01 2.800000000000000000e+01 3.400000000000000000e+01 3.933000000000000000e+03
-7.761541366577148438e+00 1.502149552106857300e-01 9.484292007982730865e-03 3.300000000000000000e+01 5.110724000000000000e+07 1.900000000000000000e+02 3.100000000000000000e+01 5.700000000000000000e+01 7.763000000000000000e+03
-7.724484920501708984e+00 1.969186067581176758e-01 9.440309368073940277e-03 4.400000000000000000e+01 5.120472000000000000e+07 2.540000000000000000e+02 3.100000000000000000e+01 4.600000000000000000e+01 7.727000000000000000e+03
-3.980605602264404297e+00 4.149983823299407959e-01 8.103848248720169067e-02 5.600000000000000000e+01 5.130311200000000000e+07 8.800000000000000000e+01 2.900000000000000000e+01 3.800000000000000000e+01 4.003000000000000000e+03
-7.690147876739501953e+00 2.432680577039718628e-01 9.399992413818836212e-03 5.000000000000000000e+01 5.130311200000000000e+07 2.870000000000000000e+02 3.100000000000000000e+01 5.400000000000000000e+01 7.694000000000000000e+03
-3.929958105087280273e+00 4.327215552330017090e-01 2.231233566999435425e-01 2.200000000000000000e+01 5.140028800000000000e+07 3.300000000000000000e+01 2.500000000000000000e+01 2.500000000000000000e+01 3.960000000000000000e+03
-3.901465177536010742e+00 4.309627115726470947e-01 7.947965711355209351e-02 1.740000000000000000e+02 5.140028800000000000e+07 2.660000000000000000e+02 2.900000000000000000e+01 4.400000000000000000e+01 3.926000000000000000e+03
-7.660530567169189453e+00 2.893923521041870117e-01 9.365784004330635071e-03 6.200000000000000000e+01 5.140028800000000000e+07 3.560000000000000000e+02 3.100000000000000000e+01 4.600000000000000000e+01 7.666000000000000000e+03
-3.929212331771850586e+00 4.570578932762145996e-01 2.232360392808914185e-01 1.640000000000000000e+02 5.149780800000000000e+07 2.550000000000000000e+02 2.500000000000000000e+01 5.200000000000000000e+01 3.962000000000000000e+03
-3.886830806732177734e+00 4.535031318664550781e-01 7.923673093318939209e-02 2.880000000000000000e+02 5.149780800000000000e+07 4.390000000000000000e+02 2.900000000000000000e+01 7.500000000000000000e+01 3.914000000000000000e+03
-7.560704708099365234e+00 3.320906758308410645e-01 9.246054105460643768e-03 5.800000000000000000e+01 5.149780800000000000e+07 3.240000000000000000e+02 3.100000000000000000e+01 4.900000000000000000e+01 7.568000000000000000e+03
-3.938225984573364258e+00 4.826157987117767334e-01 2.239121794700622559e-01 5.200000000000000000e+01 5.159627200000000000e+07 8.000000000000000000e+01 2.500000000000000000e+01 3.200000000000000000e+01 3.974000000000000000e+03
-3.895882844924926758e+00 4.788072407245635986e-01 7.947965711355209351e-02 2.450000000000000000e+02 5.159627200000000000e+07 3.750000000000000000e+02 2.900000000000000000e+01 8.400000000000000000e+01 3.926000000000000000e+03
-7.557526111602783203e+00 3.784260451793670654e-01 9.244833141565322876e-03 4.400000000000000000e+01 5.159627200000000000e+07 2.490000000000000000e+02 3.100000000000000000e+01 6.200000000000000000e+01 7.567000000000000000e+03
-3.889896869659423828e+00 5.023187398910522461e-01 7.941892743110656738e-02 1.510000000000000000e+02 5.169323200000000000e+07 2.310000000000000000e+02 2.900000000000000000e+01 6.800000000000000000e+01 3.923000000000000000e+03
-7.532098293304443359e+00 4.234998524188995361e-01 9.216732345521450043e-03 5.000000000000000000e+01 5.169323200000000000e+07 2.770000000000000000e+02 3.100000000000000000e+01 4.600000000000000000e+01 7.544000000000000000e+03
-7.565288066864013672e+00 4.719494283199310303e-01 9.260714985430240631e-03 5.100000000000000000e+01 5.179132000000000000e+07 2.850000000000000000e+02 3.100000000000000000e+01 3.900000000000000000e+01 7.580000000000000000e+03
-3.920246124267578125e+00 4.114291965961456299e-01 4.196774587035179138e-02 8.200000000000000000e+01 5.188860000000000000e+07 1.250000000000000000e+02 3.000000000000000000e+01 3.700000000000000000e+01 3.942000000000000000e+03
-7.571228504180908203e+00 5.189757347106933594e-01 9.271710179746150970e-03 4.300000000000000000e+01 5.188860000000000000e+07 2.390000000000000000e+02 3.100000000000000000e+01 4.900000000000000000e+01 7.589000000000000000e+03
-3.919737100601196289e+00 4.336302280426025391e-01 1.852879822254180908e-01 9.100000000000000000e+01 5.198454000000000000e+07 1.400000000000000000e+02 2.600000000000000000e+01 2.600000000000000000e+01 3.948000000000000000e+03
-3.939512014389038086e+00 4.379059970378875732e-01 4.220196604728698730e-02 1.400000000000000000e+02 5.198454000000000000e+07 2.190000000000000000e+02 3.000000000000000000e+01 5.800000000000000000e+01 3.964000000000000000e+03
-7.481143474578857422e+00 5.589401721954345703e-01 9.165420196950435638e-03 2.200000000000000000e+01 5.198454000000000000e+07 1.160000000000000000e+02 3.100000000000000000e+01 3.500000000000000000e+01 7.502000000000000000e+03
-3.927916049957275391e+00 4.589483141899108887e-01 1.858042329549789429e-01 1.750000000000000000e+02 5.208278000000000000e+07 2.700000000000000000e+02 2.600000000000000000e+01 5.000000000000000000e+01 3.959000000000000000e+03
-3.924833297729492188e+00 4.606713354587554932e-01 4.207420721650123596e-02 1.730000000000000000e+02 5.208278000000000000e+07 2.680000000000000000e+02 3.000000000000000000e+01 5.600000000000000000e+01 3.952000000000000000e+03
-7.528407096862792969e+00 6.089448928833007812e-01 9.227728471159934998e-03 2.700000000000000000e+01 5.208278000000000000e+07 1.470000000000000000e+02 3.100000000000000000e+01 3.600000000000000000e+01 7.553000000000000000e+03
-3.899249315261840820e+00 4.798686206340789795e-01 1.845839917659759521e-01 9.700000000000000000e+01 5.218108000000000000e+07 1.480000000000000000e+02 2.600000000000000000e+01 2.900000000000000000e+01 3.933000000000000000e+03
-3.932849407196044922e+00 4.860942363739013672e-01 4.219131916761398315e-02 1.100000000000000000e+02 5.218108000000000000e+07 1.720000000000000000e+02 3.000000000000000000e+01 5.800000000000000000e+01 3.963000000000000000e+03
-7.505600929260253906e+00 6.534788608551025391e-01 9.204515255987644196e-03 3.200000000000000000e+01 5.218108000000000000e+07 1.730000000000000000e+02 3.100000000000000000e+01 5.200000000000000000e+01 7.534000000000000000e+03
-3.925826072692871094e+00 5.097016096115112305e-01 4.214873164892196655e-02 7.300000000000000000e+01 5.227788000000000000e+07 1.120000000000000000e+02 3.000000000000000000e+01 4.100000000000000000e+01 3.959000000000000000e+03
-7.481536388397216797e+00 6.976630687713623047e-01 9.180081076920032501e-03 4.200000000000000000e+01 5.227788000000000000e+07 2.290000000000000000e+02 3.100000000000000000e+01 5.000000000000000000e+01 7.514000000000000000e+03
-7.485074996948242188e+00 7.443473935127258301e-01 9.189854376018047333e-03 1.800000000000000000e+01 5.237608000000000000e+07 9.900000000000000000e+01 3.100000000000000000e+01 5.900000000000000000e+01 7.522000000000000000e+03
-3.943054437637329102e+00 4.165627062320709229e-01 4.844160284847021103e-03 9.800000000000000000e+01 5.247248800000000000e+07 1.520000000000000000e+02 3.100000000000000000e+01 4.000000000000000000e+01 3.965000000000000000e+03
-3.905033111572265625e+00 4.354102611541748047e-01 1.475120335817337036e-01 2.260000000000000000e+02 5.256986000000000000e+07 3.460000000000000000e+02 2.700000000000000000e+01 5.700000000000000000e+01 3.932000000000000000e+03
-3.898684501647949219e+00 4.360802769660949707e-01 4.792847670614719391e-03 1.180000000000000000e+02 5.256986000000000000e+07 1.810000000000000000e+02 3.100000000000000000e+01 5.900000000000000000e+01 3.923000000000000000e+03
-3.884423971176147461e+00 4.572600424289703369e-01 1.468367427587509155e-01 2.290000000000000000e+02 5.266795200000000000e+07 3.470000000000000000e+02 2.700000000000000000e+01 6.600000000000000000e+01 3.914000000000000000e+03
-3.890969991683959961e+00 4.594076871871948242e-01 4.786739125847816467e-03 1.490000000000000000e+02 5.266795200000000000e+07 2.270000000000000000e+02 3.100000000000000000e+01 4.600000000000000000e+01 3.918000000000000000e+03
-3.891462326049804688e+00 4.823149442672729492e-01 1.472119092941284180e-01 1.260000000000000000e+02 5.276500800000000000e+07 1.920000000000000000e+02 2.700000000000000000e+01 3.500000000000000000e+01 3.924000000000000000e+03
-3.927772283554077148e+00 4.882074594497680664e-01 4.835608415305614471e-03 1.350000000000000000e+02 5.276500800000000000e+07 2.090000000000000000e+02 3.100000000000000000e+01 5.100000000000000000e+01 3.958000000000000000e+03
-3.888014078140258789e+00 5.075095891952514648e-01 4.790404345840215683e-03 7.900000000000000000e+01 5.286295200000000000e+07 1.190000000000000000e+02 3.100000000000000000e+01 3.800000000000000000e+01 3.921000000000000000e+03
-7.185096740722656250e+00 9.827587008476257324e-01 8.859987370669841766e-03 4.900000000000000000e+01 5.296063200000000000e+07 2.500000000000000000e+02 3.100000000000000000e+01 5.500000000000000000e+01 7.252000000000000000e+03
-7.132405281066894531e+00 1.020172238349914551e+00 8.802566677331924438e-03 5.700000000000000000e+01 5.305842000000000000e+07 2.890000000000000000e+02 3.100000000000000000e+01 4.700000000000000000e+01 7.205000000000000000e+03
-7.275355815887451172e+00 1.086213946342468262e+00 8.987047709524631500e-03 4.500000000000000000e+01 5.315440800000000000e+07 2.360000000000000000e+02 3.100000000000000000e+01 3.700000000000000000e+01 7.356000000000000000e+03
-7.165790081024169922e+00 1.114846348762512207e+00 8.859987370669841766e-03 4.500000000000000000e+01 5.325174000000000000e+07 2.290000000000000000e+02 3.100000000000000000e+01 4.700000000000000000e+01 7.252000000000000000e+03
-7.155853271484375000e+00 1.158314466476440430e+00 8.856322616338729858e-03 4.700000000000000000e+01 5.334823200000000000e+07 2.390000000000000000e+02 3.100000000000000000e+01 5.300000000000000000e+01 7.249000000000000000e+03
-7.144666671752929688e+00 1.201536774635314941e+00 8.851435966789722443e-03 3.800000000000000000e+01 5.344668800000000000e+07 1.920000000000000000e+02 3.100000000000000000e+01 4.600000000000000000e+01 7.245000000000000000e+03
-7.060320377349853516e+00 1.231945395469665527e+00 8.756140246987342834e-03 3.800000000000000000e+01 5.354283200000000000e+07 1.880000000000000000e+02 3.100000000000000000e+01 4.200000000000000000e+01 7.167000000000000000e+03
-7.057548999786376953e+00 1.276133298873901367e+00 8.762249723076820374e-03 3.800000000000000000e+01 5.364098000000000000e+07 1.880000000000000000e+02 3.100000000000000000e+01 4.200000000000000000e+01 7.172000000000000000e+03
-7.102663993835449219e+00 1.329347729682922363e+00 8.828222751617431641e-03 5.300000000000000000e+01 5.373876800000000000e+07 2.700000000000000000e+02 3.100000000000000000e+01 3.300000000000000000e+01 7.226000000000000000e+03
-7.057065963745117188e+00 1.365684032440185547e+00 8.781796321272850037e-03 5.600000000000000000e+01 5.383668800000000000e+07 2.830000000000000000e+02 3.100000000000000000e+01 3.500000000000000000e+01 7.188000000000000000e+03
-7.004426002502441406e+00 1.400138974189758301e+00 8.726818487048149109e-03 4.800000000000000000e+01 5.393474000000000000e+07 2.380000000000000000e+02 3.100000000000000000e+01 5.200000000000000000e+01 7.143000000000000000e+03
-6.971219062805175781e+00 1.438040256500244141e+00 8.696275763213634491e-03 4.200000000000000000e+01 5.403339200000000000e+07 2.060000000000000000e+02 3.100000000000000000e+01 5.000000000000000000e+01 7.118000000000000000e+03
-6.955417633056640625e+00 1.479331612586975098e+00 8.687724359333515167e-03 4.600000000000000000e+01 5.413087200000000000e+07 2.260000000000000000e+02 3.100000000000000000e+01 4.300000000000000000e+01 7.111000000000000000e+03
-1.431881237030029297e+01 3.684105634689331055e+00 1.574162989854812622e-01 9.400000000000000000e+01 5.422810000000000000e+07 2.038000000000000000e+03 3.000000000000000000e+01 9.100000000000000000e+01 1.478600000000000000e+04
-6.828013420104980469e+00 1.496083498001098633e+00 8.539894595742225647e-03 4.300000000000000000e+01 5.422810000000000000e+07 2.030000000000000000e+02 3.100000000000000000e+01 4.600000000000000000e+01 6.990000000000000000e+03
-1.484124469757080078e+01 3.915770769119262695e+00 1.634208261966705322e-01 1.300000000000000000e+01 5.432592000000000000e+07 2.900000000000000000e+02 3.000000000000000000e+01 7.800000000000000000e+01 1.535000000000000000e+04
-6.811876296997070312e+00 1.536411046981811523e+00 8.531342260539531708e-03 5.700000000000000000e+01 5.432592000000000000e+07 2.710000000000000000e+02 3.100000000000000000e+01 4.700000000000000000e+01 6.983000000000000000e+03
-1.464126014709472656e+01 3.959254741668701172e+00 1.614831984043121338e-01 2.000000000000000000e+01 5.442258000000000000e+07 4.450000000000000000e+02 3.000000000000000000e+01 7.400000000000000000e+01 1.516800000000000000e+04
-6.671788215637207031e+00 1.547894597053527832e+00 8.367630653083324432e-03 7.600000000000000000e+01 5.442258000000000000e+07 3.500000000000000000e+02 3.100000000000000000e+01 5.300000000000000000e+01 6.849000000000000000e+03
-1.463210868835449219e+01 4.053288459777832031e+00 1.616535335779190063e-01 1.900000000000000000e+01 5.452134000000000000e+07 4.260000000000000000e+02 3.000000000000000000e+01 6.200000000000000000e+01 1.518400000000000000e+04
-6.722473621368408203e+00 1.603185296058654785e+00 8.443377912044525146e-03 3.200000000000000000e+01 5.452134000000000000e+07 1.470000000000000000e+02 3.100000000000000000e+01 3.600000000000000000e+01 6.911000000000000000e+03
-1.393933677673339844e+01 3.953633069992065430e+00 1.542650014162063599e-01 2.600000000000000000e+01 5.461790000000000000e+07 5.290000000000000000e+02 3.000000000000000000e+01 9.000000000000000000e+01 1.449000000000000000e+04
-6.865972042083740234e+00 1.681997895240783691e+00 8.636411279439926147e-03 5.300000000000000000e+01 5.461790000000000000e+07 2.580000000000000000e+02 3.100000000000000000e+01 3.600000000000000000e+01 7.069000000000000000e+03
-6.843884468078613281e+00 1.721168279647827148e+00 8.621750399470329285e-03 4.200000000000000000e+01 5.471451200000000000e+07 2.030000000000000000e+02 3.100000000000000000e+01 3.500000000000000000e+01 7.057000000000000000e+03
-6.770256042480468750e+00 1.746889472007751465e+00 8.542337454855442047e-03 4.200000000000000000e+01 5.481342000000000000e+07 1.990000000000000000e+02 3.100000000000000000e+01 2.900000000000000000e+01 6.992000000000000000e+03
-1.381636047363281250e+01 4.195015430450439453e+00 1.537326872348785400e-01 1.800000000000000000e+01 5.491048800000000000e+07 3.590000000000000000e+02 3.000000000000000000e+01 8.900000000000000000e+01 1.444000000000000000e+04
-6.671437740325927734e+00 1.765122532844543457e+00 8.431160822510719299e-03 3.900000000000000000e+01 5.491048800000000000e+07 1.790000000000000000e+02 3.100000000000000000e+01 3.600000000000000000e+01 6.901000000000000000e+03
-1.410264968872070312e+01 4.376627922058105469e+00 1.572140306234359741e-01 2.800000000000000000e+01 5.500750000000000000e+07 5.940000000000000000e+02 3.000000000000000000e+01 8.700000000000000000e+01 1.476700000000000000e+04
-6.674958705902099609e+00 1.809949994087219238e+00 8.449486456811428070e-03 4.400000000000000000e+01 5.500750000000000000e+07 2.040000000000000000e+02 3.100000000000000000e+01 3.800000000000000000e+01 6.916000000000000000e+03
-1.465410614013671875e+01 4.646533012390136719e+00 1.636763364076614380e-01 2.900000000000000000e+01 5.510640800000000000e+07 6.690000000000000000e+02 3.000000000000000000e+01 8.200000000000000000e+01 1.537400000000000000e+04
-6.583754539489746094e+00 1.828660011291503906e+00 8.348082192242145538e-03 5.800000000000000000e+01 5.510640800000000000e+07 2.640000000000000000e+02 3.100000000000000000e+01 4.700000000000000000e+01 6.833000000000000000e+03
-1.399936294555664062e+01 4.533647537231445312e+00 1.566710621118545532e-01 3.700000000000000000e+01 5.520363200000000000e+07 7.850000000000000000e+02 3.000000000000000000e+01 8.500000000000000000e+01 1.471600000000000000e+04
-6.482956886291503906e+00 1.843584537506103516e+00 8.234461769461631775e-03 6.900000000000000000e+01 5.520363200000000000e+07 3.070000000000000000e+02 3.100000000000000000e+01 5.400000000000000000e+01 6.740000000000000000e+03
-6.628030300140380859e+00 1.928874969482421875e+00 8.433603681623935699e-03 4.800000000000000000e+01 5.530116000000000000e+07 2.220000000000000000e+02 3.100000000000000000e+01 4.000000000000000000e+01 6.903000000000000000e+03
-1.280383968353271484e+01 4.320788383483886719e+00 1.438742130994796753e-01 3.100000000000000000e+01 5.539976800000000000e+07 5.530000000000000000e+02 3.000000000000000000e+01 8.400000000000000000e+01 1.351400000000000000e+04
-6.608402729034423828e+00 1.967224955558776855e+00 8.423830382525920868e-03 4.300000000000000000e+01 5.539976800000000000e+07 1.980000000000000000e+02 3.100000000000000000e+01 3.500000000000000000e+01 6.895000000000000000e+03
-1.369513797760009766e+01 4.715363502502441406e+00 1.542117744684219360e-01 1.700000000000000000e+01 5.549606000000000000e+07 3.420000000000000000e+02 3.000000000000000000e+01 8.300000000000000000e+01 1.448500000000000000e+04
-6.590467453002929688e+00 2.005989313125610352e+00 8.416499942541122437e-03 5.200000000000000000e+01 5.549606000000000000e+07 2.400000000000000000e+02 3.100000000000000000e+01 4.200000000000000000e+01 6.889000000000000000e+03
-1.366028690338134766e+01 4.797318935394287109e+00 1.541478931903839111e-01 2.500000000000000000e+01 5.559296800000000000e+07 5.080000000000000000e+02 3.000000000000000000e+01 9.000000000000000000e+01 1.447900000000000000e+04
-6.580899238586425781e+00 2.047280788421630859e+00 8.420164696872234344e-03 5.100000000000000000e+01 5.559296800000000000e+07 2.360000000000000000e+02 3.100000000000000000e+01 3.800000000000000000e+01 6.892000000000000000e+03
-6.566307544708251953e+00 2.087016344070434570e+00 8.417720906436443329e-03 5.900000000000000000e+01 5.569091200000000000e+07 2.740000000000000000e+02 3.100000000000000000e+01 3.200000000000000000e+01 6.890000000000000000e+03
-6.554329395294189453e+00 2.127575874328613281e+00 8.418942801654338837e-03 4.000000000000000000e+01 5.578848800000000000e+07 1.830000000000000000e+02 3.100000000000000000e+01 4.900000000000000000e+01 6.891000000000000000e+03
-1.299141883850097656e+01 4.832836627960205078e+00 1.475791186094284058e-01 5.200000000000000000e+01 5.588524800000000000e+07 9.860000000000000000e+02 3.000000000000000000e+01 8.100000000000000000e+01 1.386200000000000000e+04
-6.542100906372070312e+00 2.168066978454589844e+00 8.420164696872234344e-03 4.600000000000000000e+01 5.588524800000000000e+07 2.120000000000000000e+02 3.100000000000000000e+01 3.800000000000000000e+01 6.892000000000000000e+03
-1.445384502410888672e+01 5.478055477142333984e+00 1.645706295967102051e-01 4.400000000000000000e+01 5.598104000000000000e+07 1.035000000000000000e+03 3.000000000000000000e+01 8.000000000000000000e+01 1.545800000000000000e+04
-6.508781909942626953e+00 2.201439380645751953e+00 8.394508622586727142e-03 4.500000000000000000e+01 5.598104000000000000e+07 2.060000000000000000e+02 3.100000000000000000e+01 4.200000000000000000e+01 6.871000000000000000e+03
-1.365315818786621094e+01 5.270625591278076172e+00 1.558193564414978027e-01 1.500000000000000000e+01 5.607923200000000000e+07 2.900000000000000000e+02 3.000000000000000000e+01 5.500000000000000000e+01 1.463600000000000000e+04
-6.472464084625244141e+00 2.233506202697753906e+00 8.365186862647533417e-03 5.000000000000000000e+01 5.607923200000000000e+07 2.280000000000000000e+02 3.100000000000000000e+01 4.000000000000000000e+01 6.847000000000000000e+03
-1.342606258392333984e+01 5.277842044830322266e+00 1.535942852497100830e-01 3.300000000000000000e+01 5.617696800000000000e+07 6.720000000000000000e+02 3.000000000000000000e+01 8.000000000000000000e+01 1.442700000000000000e+04
-6.452978610992431641e+00 2.271186590194702148e+00 8.357856422662734985e-03 5.500000000000000000e+01 5.617696800000000000e+07 2.510000000000000000e+02 3.100000000000000000e+01 4.600000000000000000e+01 6.841000000000000000e+03
-1.409897708892822266e+01 5.642488956451416016e+00 1.616854667663574219e-01 1.600000000000000000e+01 5.627418000000000000e+07 3.550000000000000000e+02 3.000000000000000000e+01 7.000000000000000000e+01 1.518700000000000000e+04
-6.447391986846923828e+00 2.313778400421142578e+00 8.368852548301219940e-03 4.700000000000000000e+01 5.627418000000000000e+07 2.180000000000000000e+02 3.100000000000000000e+01 6.200000000000000000e+01 6.850000000000000000e+03
-1.432431316375732422e+01 5.834892272949218750e+00 1.646770834922790527e-01 1.900000000000000000e+01 5.637196800000000000e+07 4.190000000000000000e+02 3.000000000000000000e+01 5.700000000000000000e+01 1.546800000000000000e+04
-6.430255889892578125e+00 2.352264642715454102e+00 8.365186862647533417e-03 7.000000000000000000e+01 5.637196800000000000e+07 3.250000000000000000e+02 3.100000000000000000e+01 7.400000000000000000e+01 6.847000000000000000e+03
-1.380605506896972656e+01 5.722802162170410156e+00 1.591197252273559570e-01 2.500000000000000000e+01 5.647052800000000000e+07 5.260000000000000000e+02 3.000000000000000000e+01 5.000000000000000000e+01 1.494600000000000000e+04
-6.090559959411621094e+00 2.270467758178710938e+00 7.941246964037418365e-03 9.300000000000000000e+01 5.647052800000000000e+07 3.910000000000000000e+02 3.100000000000000000e+01 6.300000000000000000e+01 6.500000000000000000e+03
-1.384438991546630859e+01 5.838491439819335938e+00 1.599714308977127075e-01 2.400000000000000000e+01 5.656784000000000000e+07 5.290000000000000000e+02 3.000000000000000000e+01 6.500000000000000000e+01 1.502600000000000000e+04
-6.428951740264892578e+00 2.441648006439208984e+00 8.401839062571525574e-03 2.800000000000000000e+01 5.656784000000000000e+07 1.260000000000000000e+02 3.100000000000000000e+01 4.000000000000000000e+01 6.877000000000000000e+03
-1.350504779815673828e+01 5.793241500854492188e+00 1.564581394195556641e-01 3.000000000000000000e+01 5.666496800000000000e+07 6.370000000000000000e+02 3.000000000000000000e+01 5.900000000000000000e+01 1.469600000000000000e+04
-6.393330574035644531e+00 2.473112344741821289e+00 8.374961093068122864e-03 4.700000000000000000e+01 5.666496800000000000e+07 2.180000000000000000e+02 3.100000000000000000e+01 6.100000000000000000e+01 6.855000000000000000e+03
-1.412364578247070312e+01 6.161480903625488281e+00 1.640596091747283936e-01 4.800000000000000000e+01 5.676254000000000000e+07 1.122000000000000000e+03 3.000000000000000000e+01 8.800000000000000000e+01 1.541000000000000000e+04
-6.552954196929931641e+00 2.581194877624511719e+00 8.604645729064941406e-03 5.800000000000000000e+01 5.676254000000000000e+07 2.810000000000000000e+02 3.100000000000000000e+01 4.100000000000000000e+01 7.043000000000000000e+03
-1.345121955871582031e+01 5.966641902923583984e+00 1.566710621118545532e-01 2.000000000000000000e+01 5.685972000000000000e+07 4.210000000000000000e+02 3.000000000000000000e+01 6.400000000000000000e+01 1.471600000000000000e+04
-6.460884571075439453e+00 2.590834617614746094e+00 8.504464291036128998e-03 5.200000000000000000e+01 5.685972000000000000e+07 2.450000000000000000e+02 3.100000000000000000e+01 4.500000000000000000e+01 6.961000000000000000e+03
-1.340341758728027344e+01 6.044131755828857422e+00 1.565433144569396973e-01 2.100000000000000000e+01 5.695786000000000000e+07 4.400000000000000000e+02 3.000000000000000000e+01 7.700000000000000000e+01 1.470400000000000000e+04
-6.351354598999023438e+00 2.592262983322143555e+00 8.381068706512451172e-03 4.800000000000000000e+01 5.695786000000000000e+07 2.190000000000000000e+02 3.100000000000000000e+01 5.600000000000000000e+01 6.860000000000000000e+03
-1.436326217651367188e+01 6.583312988281250000e+00 1.682223081588745117e-01 2.500000000000000000e+01 5.705514000000000000e+07 6.100000000000000000e+02 3.000000000000000000e+01 6.400000000000000000e+01 1.580100000000000000e+04
-6.265141963958740234e+00 2.602035284042358398e+00 8.288217708468437195e-03 7.300000000000000000e+01 5.705514000000000000e+07 3.290000000000000000e+02 3.100000000000000000e+01 4.900000000000000000e+01 6.784000000000000000e+03
-1.407514095306396484e+01 6.556057453155517578e+00 1.653158664703369141e-01 6.400000000000000000e+01 5.715363200000000000e+07 1.508000000000000000e+03 3.000000000000000000e+01 5.400000000000000000e+01 1.552800000000000000e+04
-6.615674495697021484e+00 2.795335769653320312e+00 8.774465881288051605e-03 4.400000000000000000e+01 5.715363200000000000e+07 2.190000000000000000e+02 3.100000000000000000e+01 5.200000000000000000e+01 7.182000000000000000e+03
-1.411870384216308594e+01 6.682079315185546875e+00 1.663059741258621216e-01 1.600000000000000000e+01 5.725127200000000000e+07 3.770000000000000000e+02 3.000000000000000000e+01 6.500000000000000000e+01 1.562100000000000000e+04
-6.280513763427734375e+00 2.699254989624023438e+00 8.351747877895832062e-03 6.200000000000000000e+01 5.725127200000000000e+07 2.830000000000000000e+02 3.100000000000000000e+01 5.000000000000000000e+01 6.836000000000000000e+03
-1.374760437011718750e+01 6.609996795654296875e+00 1.624094247817993164e-01 5.000000000000000000e+01 5.734812800000000000e+07 1.150000000000000000e+03 3.000000000000000000e+01 6.900000000000000000e+01 1.525500000000000000e+04
-6.491992473602294922e+00 2.837462425231933594e+00 8.655958808958530426e-03 5.700000000000000000e+01 5.734812800000000000e+07 2.790000000000000000e+02 3.100000000000000000e+01 4.000000000000000000e+01 7.085000000000000000e+03
-1.363490676879882812e+01 6.659120082855224609e+00 1.615577191114425659e-01 3.300000000000000000e+01 5.744504000000000000e+07 7.470000000000000000e+02 3.000000000000000000e+01 6.600000000000000000e+01 1.517500000000000000e+04
-6.485425472259521484e+00 2.882116317749023438e+00 8.670618757605552673e-03 7.900000000000000000e+01 5.744504000000000000e+07 3.910000000000000000e+02 3.100000000000000000e+01 5.100000000000000000e+01 7.097000000000000000e+03
-1.361528873443603516e+01 6.753320693969726562e+00 1.618132293224334717e-01 2.400000000000000000e+01 5.754260800000000000e+07 5.390000000000000000e+02 3.000000000000000000e+01 7.700000000000000000e+01 1.519900000000000000e+04
-6.555105686187744141e+00 2.961379289627075195e+00 8.787905797362327576e-03 4.900000000000000000e+01 5.754260800000000000e+07 2.460000000000000000e+02 3.100000000000000000e+01 4.600000000000000000e+01 7.193000000000000000e+03
-1.354412364959716797e+01 6.821891307830810547e+00 1.614619046449661255e-01 2.600000000000000000e+01 5.764132000000000000e+07 5.840000000000000000e+02 3.000000000000000000e+01 6.800000000000000000e+01 1.516600000000000000e+04
-6.570436477661132812e+00 3.016984701156616211e+00 8.833109401166439056e-03 4.900000000000000000e+01 5.764132000000000000e+07 2.530000000000000000e+02 3.100000000000000000e+01 7.600000000000000000e+01 7.230000000000000000e+03
-1.333641815185546875e+01 6.820185184478759766e+00 1.594816893339157104e-01 2.200000000000000000e+01 5.773880000000000000e+07 4.610000000000000000e+02 3.000000000000000000e+01 5.100000000000000000e+01 1.498000000000000000e+04
-6.461180686950683594e+00 3.014957666397094727e+00 8.710936643183231354e-03 4.800000000000000000e+01 5.773880000000000000e+07 2.410000000000000000e+02 3.100000000000000000e+01 6.100000000000000000e+01 7.130000000000000000e+03
-1.344607734680175781e+01 6.980674266815185547e+00 1.613022089004516602e-01 4.400000000000000000e+01 5.783674000000000000e+07 9.910000000000000000e+02 3.000000000000000000e+01 9.600000000000000000e+01 1.515100000000000000e+04
-6.682009696960449219e+00 3.168074131011962891e+00 9.034695103764533997e-03 5.600000000000000000e+01 5.783674000000000000e+07 2.990000000000000000e+02 3.100000000000000000e+01 4.800000000000000000e+01 7.395000000000000000e+03
-1.382318973541259766e+01 7.284480094909667969e+00 1.663592010736465454e-01 1.700000000000000000e+01 5.793492800000000000e+07 3.810000000000000000e+02 3.000000000000000000e+01 4.700000000000000000e+01 1.562600000000000000e+04
-6.702086448669433594e+00 3.228107929229736328e+00 9.088451042771339417e-03 4.600000000000000000e+01 5.793492800000000000e+07 2.520000000000000000e+02 3.100000000000000000e+01 5.900000000000000000e+01 7.439000000000000000e+03
-6.341473579406738281e+00 4.005767345428466797e+00 2.226154953241348267e-01 1.250000000000000000e+02 5.803312800000000000e+07 6.960000000000000000e+02 2.800000000000000000e+01 5.000000000000000000e+01 7.504000000000000000e+03
-1.314337253570556641e+01 7.029611587524414062e+00 1.586938649415969849e-01 3.500000000000000000e+01 5.803312800000000000e+07 7.640000000000000000e+02 3.000000000000000000e+01 6.900000000000000000e+01 1.490600000000000000e+04
-6.605801105499267578e+00 3.231816053390502930e+00 8.984603919088840485e-03 4.400000000000000000e+01 5.803312800000000000e+07 2.310000000000000000e+02 3.100000000000000000e+01 3.900000000000000000e+01 7.354000000000000000e+03
-6.326035022735595703e+00 4.050531387329101562e+00 2.229418307542800903e-01 3.620000000000000000e+02 5.813060000000000000e+07 2.036000000000000000e+03 2.800000000000000000e+01 6.300000000000000000e+01 7.515000000000000000e+03
-1.311229610443115234e+01 7.116803169250488281e+00 1.588429212570190430e-01 5.000000000000000000e+01 5.813060000000000000e+07 1.097000000000000000e+03 3.000000000000000000e+01 8.300000000000000000e+01 1.492000000000000000e+04
-6.602861881256103516e+00 3.280741930007934570e+00 9.007817134261131287e-03 4.500000000000000000e+01 5.813060000000000000e+07 2.370000000000000000e+02 3.100000000000000000e+01 4.000000000000000000e+01 7.373000000000000000e+03
-1.291947841644287109e+01 7.115119934082031250e+00 1.570330411195755005e-01 4.100000000000000000e+01 5.822792800000000000e+07 8.780000000000000000e+02 3.000000000000000000e+01 7.500000000000000000e+01 1.475000000000000000e+04
-6.604034423828125000e+00 3.332005500793457031e+00 9.037138894200325012e-03 3.500000000000000000e+01 5.822792800000000000e+07 1.840000000000000000e+02 3.100000000000000000e+01 4.500000000000000000e+01 7.397000000000000000e+03
-1.325617122650146484e+01 7.406916141510009766e+00 1.616748273372650146e-01 3.400000000000000000e+01 5.832495200000000000e+07 7.670000000000000000e+02 3.000000000000000000e+01 8.700000000000000000e+01 1.518600000000000000e+04
-6.584355354309082031e+00 3.372920274734497070e+00 9.038359858095645905e-03 5.200000000000000000e+01 5.832495200000000000e+07 2.770000000000000000e+02 3.100000000000000000e+01 4.100000000000000000e+01 7.398000000000000000e+03
-1.286337947845458984e+01 7.291370391845703125e+00 1.574269533157348633e-01 5.800000000000000000e+01 5.842238000000000000e+07 1.253000000000000000e+03 3.000000000000000000e+01 7.800000000000000000e+01 1.478700000000000000e+04
-6.578618049621582031e+00 3.421101093292236328e+00 9.059130214154720306e-03 5.600000000000000000e+01 5.842238000000000000e+07 3.050000000000000000e+02 3.100000000000000000e+01 5.900000000000000000e+01 7.415000000000000000e+03
-1.292588901519775391e+01 7.431965351104736328e+00 1.587470918893814087e-01 5.500000000000000000e+01 5.852004800000000000e+07 1.192000000000000000e+03 3.000000000000000000e+01 4.300000000000000000e+01 1.491100000000000000e+04
-6.560155868530273438e+00 3.462802648544311523e+00 9.062794968485832214e-03 3.700000000000000000e+01 5.852004800000000000e+07 1.960000000000000000e+02 3.100000000000000000e+01 4.500000000000000000e+01 7.418000000000000000e+03
-6.346970558166503906e+00 4.015344619750976562e+00 1.520762145519256592e-01 2.900000000000000000e+02 5.861686000000000000e+07 1.627000000000000000e+03 2.900000000000000000e+01 7.300000000000000000e+01 7.512000000000000000e+03
-1.359353923797607422e+01 7.927219390869140625e+00 1.675409376621246338e-01 2.800000000000000000e+01 5.861686000000000000e+07 6.790000000000000000e+02 3.000000000000000000e+01 6.900000000000000000e+01 1.573700000000000000e+04
-6.535259246826171875e+00 3.501101016998291016e+00 9.057908318936824799e-03 4.200000000000000000e+01 5.861686000000000000e+07 2.230000000000000000e+02 3.100000000000000000e+01 4.500000000000000000e+01 7.414000000000000000e+03
-6.320529937744140625e+00 4.053133487701416016e+00 1.520357280969619751e-01 3.520000000000000000e+02 5.871444000000000000e+07 1.976000000000000000e+03 2.900000000000000000e+01 7.700000000000000000e+01 7.510000000000000000e+03
-1.322446727752685547e+01 7.821122646331787109e+00 1.635805219411849976e-01 1.800000000000000000e+01 5.871444000000000000e+07 4.110000000000000000e+02 3.000000000000000000e+01 6.600000000000000000e+01 1.536500000000000000e+04
-6.503989696502685547e+00 3.535880804061889648e+00 9.044469334185123444e-03 5.900000000000000000e+01 5.871444000000000000e+07 3.160000000000000000e+02 3.100000000000000000e+01 3.700000000000000000e+01 7.403000000000000000e+03
-6.278775691986083984e+00 4.080942153930664062e+00 1.516308337450027466e-01 5.100000000000000000e+01 5.881238000000000000e+07 2.820000000000000000e+02 2.900000000000000000e+01 8.700000000000000000e+01 7.490000000000000000e+03
-6.458529949188232422e+00 3.562680721282958984e+00 9.011481888592243195e-03 4.000000000000000000e+01 5.881238000000000000e+07 2.100000000000000000e+02 3.100000000000000000e+01 4.200000000000000000e+01 7.376000000000000000e+03
-1.312834835052490234e+01 7.983337879180908203e+00 1.635911762714385986e-01 2.400000000000000000e+01 5.890980800000000000e+07 5.520000000000000000e+02 3.000000000000000000e+01 7.000000000000000000e+01 1.536600000000000000e+04
-6.582277774810791016e+00 3.683800697326660156e+00 9.215511381626129150e-03 3.800000000000000000e+01 5.890980800000000000e+07 2.080000000000000000e+02 3.100000000000000000e+01 4.200000000000000000e+01 7.543000000000000000e+03
-1.289866733551025391e+01 7.952488422393798828e+00 1.613341420888900757e-01 4.900000000000000000e+01 5.900692800000000000e+07 1.106000000000000000e+03 3.000000000000000000e+01 9.500000000000000000e+01 1.515400000000000000e+04
-6.557811260223388672e+00 3.723132133483886719e+00 9.213067591190338135e-03 4.500000000000000000e+01 5.900692800000000000e+07 2.480000000000000000e+02 3.100000000000000000e+01 3.800000000000000000e+01 7.541000000000000000e+03
-6.393441200256347656e+00 3.996132135391235352e+00 8.027315884828567505e-02 5.300000000000000000e+01 5.910516800000000000e+07 2.980000000000000000e+02 3.000000000000000000e+01 6.700000000000000000e+01 7.540000000000000000e+03
-6.520111083984375000e+00 3.754816055297851562e+00 9.192298166453838348e-03 4.100000000000000000e+01 5.910516800000000000e+07 2.290000000000000000e+02 3.100000000000000000e+01 6.600000000000000000e+01 7.524000000000000000e+03
-6.344305515289306641e+00 4.019765853881835938e+00 7.996441423892974854e-02 2.300000000000000000e+02 5.920336800000000000e+07 1.278000000000000000e+03 3.000000000000000000e+01 5.400000000000000000e+01 7.511000000000000000e+03
-6.512492179870605469e+00 3.803830385208129883e+00 9.214289486408233643e-03 4.700000000000000000e+01 5.920336800000000000e+07 2.590000000000000000e+02 3.100000000000000000e+01 4.700000000000000000e+01 7.542000000000000000e+03
-6.315314769744873047e+00 4.055916786193847656e+00 7.991118729114532471e-02 2.580000000000000000e+02 5.930042000000000000e+07 1.440000000000000000e+03 3.000000000000000000e+01 5.400000000000000000e+01 7.506000000000000000e+03
-6.322975635528564453e+00 3.745357990264892578e+00 8.978495374321937561e-03 6.000000000000000000e+01 5.930042000000000000e+07 3.210000000000000000e+02 3.100000000000000000e+01 7.300000000000000000e+01 7.349000000000000000e+03
-6.285280704498291016e+00 4.091317176818847656e+00 7.984731346368789673e-02 7.600000000000000000e+01 5.939812000000000000e+07 4.240000000000000000e+02 3.000000000000000000e+01 7.800000000000000000e+01 7.500000000000000000e+03
-6.471323966979980469e+00 3.887066841125488281e+00 9.222841821610927582e-03 4.500000000000000000e+01 5.939812000000000000e+07 2.480000000000000000e+02 3.100000000000000000e+01 5.100000000000000000e+01 7.549000000000000000e+03
-6.641224861145019531e+00 4.044777870178222656e+00 9.500174783170223236e-03 5.600000000000000000e+01 5.949559200000000000e+07 3.300000000000000000e+02 3.100000000000000000e+01 5.200000000000000000e+01 7.776000000000000000e+03
-6.461424827575683594e+00 3.989829778671264648e+00 9.277819655835628510e-03 1.080000000000000000e+02 5.959372800000000000e+07 6.140000000000000000e+02 3.100000000000000000e+01 5.500000000000000000e+01 7.594000000000000000e+03
-6.371555328369140625e+00 3.988544702529907227e+00 9.183745831251144409e-03 1.200000000000000000e+02 5.969106000000000000e+07 6.700000000000000000e+02 3.100000000000000000e+01 4.300000000000000000e+01 7.517000000000000000e+03
-6.330400466918945312e+00 4.013956546783447266e+00 2.814058363437652588e-01 1.270000000000000000e+02 5.978740000000000000e+07 7.070000000000000000e+02 2.700000000000000000e+01 4.200000000000000000e+01 7.501000000000000000e+03
-6.328386783599853516e+00 4.015777587890625000e+00 9.156867861747741699e-03 1.790000000000000000e+02 5.978740000000000000e+07 9.920000000000000000e+02 3.100000000000000000e+01 5.500000000000000000e+01 7.495000000000000000e+03
-6.315740108489990234e+00 4.059206962585449219e+00 2.818560302257537842e-01 1.010000000000000000e+02 5.988463200000000000e+07 5.660000000000000000e+02 2.700000000000000000e+01 7.900000000000000000e+01 7.513000000000000000e+03
-6.284283161163330078e+00 4.042089939117431641e+00 9.128767997026443481e-03 1.510000000000000000e+02 5.988463200000000000e+07 8.350000000000000000e+02 3.100000000000000000e+01 5.700000000000000000e+01 7.472000000000000000e+03
-6.343971729278564453e+00 4.135731220245361328e+00 9.252163581550121307e-03 1.150000000000000000e+02 5.998235200000000000e+07 6.510000000000000000e+02 3.100000000000000000e+01 5.600000000000000000e+01 7.573000000000000000e+03
-6.346843719482421875e+00 4.193321228027343750e+00 9.293701499700546265e-03 1.360000000000000000e+02 6.008030000000000000e+07 7.780000000000000000e+02 3.100000000000000000e+01 5.500000000000000000e+01 7.607000000000000000e+03
-6.570277690887451172e+00 4.399092197418212891e+00 9.660220704972743988e-03 6.600000000000000000e+01 6.017814000000000000e+07 4.040000000000000000e+02 3.100000000000000000e+01 4.600000000000000000e+01 7.907000000000000000e+03
-6.579572200775146484e+00 4.464027404785156250e+00 9.713976643979549408e-03 7.700000000000000000e+01 6.027566000000000000e+07 4.780000000000000000e+02 3.100000000000000000e+01 5.000000000000000000e+01 7.951000000000000000e+03
-6.617158412933349609e+00 4.549069404602050781e+00 9.810494258999824524e-03 6.900000000000000000e+01 6.037334000000000000e+07 4.420000000000000000e+02 3.100000000000000000e+01 6.000000000000000000e+01 8.030000000000000000e+03
-6.537425518035888672e+00 4.553577423095703125e+00 9.733525104820728302e-03 5.400000000000000000e+01 6.047086000000000000e+07 3.330000000000000000e+02 3.100000000000000000e+01 5.300000000000000000e+01 7.967000000000000000e+03
-6.573908329010009766e+00 4.639154434204101562e+00 9.830041788518428802e-03 4.200000000000000000e+01 6.056814000000000000e+07 2.630000000000000000e+02 3.100000000000000000e+01 3.600000000000000000e+01 8.046000000000000000e+03
-6.573791503906250000e+00 4.699759006500244141e+00 9.872801601886749268e-03 6.700000000000000000e+01 6.066727200000000000e+07 4.280000000000000000e+02 3.100000000000000000e+01 4.800000000000000000e+01 8.081000000000000000e+03
-6.519723415374755859e+00 4.721823215484619141e+00 9.834928438067436218e-03 6.800000000000000000e+01 6.076508800000000000e+07 4.370000000000000000e+02 3.100000000000000000e+01 6.500000000000000000e+01 8.050000000000000000e+03
-6.408386707305908203e+00 4.701403617858886719e+00 9.710311889648437500e-03 7.400000000000000000e+01 6.086027200000000000e+07 4.640000000000000000e+02 3.100000000000000000e+01 6.600000000000000000e+01 7.948000000000000000e+03
-6.596935749053955078e+00 4.902276039123535156e+00 1.004140172153711319e-02 4.700000000000000000e+01 6.095759200000000000e+07 3.080000000000000000e+02 3.100000000000000000e+01 5.300000000000000000e+01 8.219000000000000000e+03
-6.593097686767578125e+00 4.962507247924804688e+00 1.008171867579221725e-02 8.800000000000000000e+01 6.105563200000000000e+07 5.950000000000000000e+02 3.100000000000000000e+01 7.300000000000000000e+01 8.252000000000000000e+03
-6.585586547851562500e+00 5.020449638366699219e+00 1.011714804917573929e-02 5.400000000000000000e+01 6.115403200000000000e+07 3.600000000000000000e+02 3.100000000000000000e+01 5.400000000000000000e+01 8.281000000000000000e+03
-6.561780929565429688e+00 5.066263198852539062e+00 1.012814324349164963e-02 4.700000000000000000e+01 6.125167200000000000e+07 3.130000000000000000e+02 3.100000000000000000e+01 5.300000000000000000e+01 8.290000000000000000e+03
-6.576262474060058594e+00 5.142157077789306641e+00 1.019900385290384293e-02 4.500000000000000000e+01 6.134908800000000000e+07 3.030000000000000000e+02 3.100000000000000000e+01 5.300000000000000000e+01 8.348000000000000000e+03
-6.553994655609130859e+00 5.189861297607421875e+00 1.021366473287343979e-02 5.900000000000000000e+01 6.144644800000000000e+07 4.030000000000000000e+02 3.100000000000000000e+01 4.000000000000000000e+01 8.360000000000000000e+03
-7.998545646667480469e+00 7.980679512023925781e+00 3.353472352027893066e-01 1.100000000000000000e+02 6.154343200000000000e+07 1.388000000000000000e+03 2.800000000000000000e+01 4.500000000000000000e+01 1.130400000000000000e+04
-6.576636791229248047e+00 5.273769378662109375e+00 1.029918529093265533e-02 6.100000000000000000e+01 6.154343200000000000e+07 4.230000000000000000e+02 3.100000000000000000e+01 4.800000000000000000e+01 8.430000000000000000e+03
-6.564337730407714844e+00 5.330413341522216797e+00 1.033095084130764008e-02 4.300000000000000000e+01 6.164172000000000000e+07 2.970000000000000000e+02 3.100000000000000000e+01 5.700000000000000000e+01 8.456000000000000000e+03
-6.567810535430908203e+00 5.400441646575927734e+00 1.038837153464555740e-02 3.900000000000000000e+01 6.173924800000000000e+07 2.780000000000000000e+02 3.100000000000000000e+01 6.300000000000000000e+01 8.503000000000000000e+03
-6.551457405090332031e+00 5.454716205596923828e+00 1.041525043547153473e-02 4.400000000000000000e+01 6.183688800000000000e+07 3.160000000000000000e+02 3.100000000000000000e+01 6.100000000000000000e+01 8.525000000000000000e+03
-6.556857109069824219e+00 5.527684688568115234e+00 1.047755777835845947e-02 6.200000000000000000e+01 6.193436000000000000e+07 4.520000000000000000e+02 3.100000000000000000e+01 6.100000000000000000e+01 8.576000000000000000e+03
-6.509886264801025391e+00 5.556775569915771484e+00 1.045678835362195969e-02 5.600000000000000000e+01 6.203174000000000000e+07 4.000000000000000000e+02 3.100000000000000000e+01 4.900000000000000000e+01 8.559000000000000000e+03
-8.004841804504394531e+00 7.997946739196777344e+00 2.291265428066253662e-01 3.410000000000000000e+02 6.212983200000000000e+07 4.348000000000000000e+03 2.900000000000000000e+01 7.000000000000000000e+01 1.131800000000000000e+04
-6.515767574310302734e+00 5.631271362304687500e+00 1.052154041826725006e-02 5.900000000000000000e+01 6.212983200000000000e+07 4.330000000000000000e+02 3.100000000000000000e+01 6.800000000000000000e+01 8.612000000000000000e+03
-6.568389892578125000e+00 5.747533321380615234e+00 1.066326163709163666e-02 5.900000000000000000e+01 6.222731200000000000e+07 4.450000000000000000e+02 3.100000000000000000e+01 7.100000000000000000e+01 8.728000000000000000e+03
-6.506053447723388672e+00 5.763855457305908203e+00 1.061927899718284607e-02 5.800000000000000000e+01 6.232550000000000000e+07 4.340000000000000000e+02 3.100000000000000000e+01 5.800000000000000000e+01 8.692000000000000000e+03
-6.464608669281005859e+00 5.798325538635253906e+00 1.060950476676225662e-02 6.100000000000000000e+01 6.242374000000000000e+07 4.560000000000000000e+02 3.100000000000000000e+01 6.600000000000000000e+01 8.684000000000000000e+03
-6.294911861419677734e+00 5.716204166412353516e+00 1.038837153464555740e-02 5.900000000000000000e+01 6.252040000000000000e+07 4.230000000000000000e+02 3.100000000000000000e+01 5.900000000000000000e+01 8.503000000000000000e+03
-8.040248870849609375e+00 7.946253776550292969e+00 1.203565075993537903e-01 4.400000000000000000e+01 6.261911200000000000e+07 5.530000000000000000e+02 3.000000000000000000e+01 8.500000000000000000e+01 1.130500000000000000e+04
-6.420942306518554688e+00 5.902937412261962891e+00 1.065593026578426361e-02 5.500000000000000000e+01 6.261911200000000000e+07 4.140000000000000000e+02 3.100000000000000000e+01 6.600000000000000000e+01 8.722000000000000000e+03
-7.955288887023925781e+00 7.959368705749511719e+00 1.198135465383529663e-01 2.500000000000000000e+02 6.271780000000000000e+07 3.147000000000000000e+03 3.000000000000000000e+01 5.900000000000000000e+01 1.125400000000000000e+04
-6.459999561309814453e+00 6.012397766113281250e+00 1.078176964074373245e-02 3.200000000000000000e+01 6.271780000000000000e+07 2.390000000000000000e+02 3.100000000000000000e+01 4.100000000000000000e+01 8.825000000000000000e+03
-7.891548633575439453e+00 7.993088722229003906e+00 1.195899769663810730e-01 1.030000000000000000e+02 6.281523200000000000e+07 1.289000000000000000e+03 3.000000000000000000e+01 9.900000000000000000e+01 1.123300000000000000e+04
-6.427352905273437500e+00 6.056036949157714844e+00 1.078909914940595627e-02 5.300000000000000000e+01 6.281523200000000000e+07 4.020000000000000000e+02 3.100000000000000000e+01 5.200000000000000000e+01 8.831000000000000000e+03
-6.396584987640380859e+00 6.101572513580322266e+00 1.080009527504444122e-02 5.100000000000000000e+01 6.291174000000000000e+07 3.940000000000000000e+02 3.100000000000000000e+01 6.000000000000000000e+01 8.840000000000000000e+03
-6.407941818237304688e+00 6.187942028045654297e+00 1.088317204266786575e-02 6.300000000000000000e+01 6.301035200000000000e+07 4.950000000000000000e+02 3.100000000000000000e+01 7.100000000000000000e+01 8.908000000000000000e+03
-6.387014389038085938e+00 6.243921279907226562e+00 1.091249380260705948e-02 5.200000000000000000e+01 6.310834000000000000e+07 4.030000000000000000e+02 3.100000000000000000e+01 5.700000000000000000e+01 8.932000000000000000e+03
-6.453776359558105469e+00 6.387101173400878906e+00 1.109331101179122925e-02 4.900000000000000000e+01 6.320652800000000000e+07 3.920000000000000000e+02 3.100000000000000000e+01 5.700000000000000000e+01 9.080000000000000000e+03
-6.456850051879882812e+00 6.469046592712402344e+00 1.116661448031663895e-02 3.600000000000000000e+01 6.330267200000000000e+07 2.890000000000000000e+02 3.100000000000000000e+01 4.500000000000000000e+01 9.140000000000000000e+03
-6.130585670471191406e+00 6.218008995056152344e+00 1.066814828664064407e-02 9.000000000000000000e+01 6.340096000000000000e+07 6.810000000000000000e+02 3.100000000000000000e+01 8.500000000000000000e+01 8.732000000000000000e+03
-6.434888362884521484e+00 6.607255458831787109e+00 1.126801781356334686e-02 4.300000000000000000e+01 6.350008800000000000e+07 3.530000000000000000e+02 3.100000000000000000e+01 5.400000000000000000e+01 9.223000000000000000e+03
-6.401851654052734375e+00 6.654541969299316406e+00 1.128145679831504822e-02 4.000000000000000000e+01 6.359680000000000000e+07 3.360000000000000000e+02 3.100000000000000000e+01 6.300000000000000000e+01 9.234000000000000000e+03
-6.347122669219970703e+00 6.679200172424316406e+00 1.125702261924743652e-02 4.800000000000000000e+01 6.369528800000000000e+07 4.020000000000000000e+02 3.100000000000000000e+01 7.000000000000000000e+01 9.214000000000000000e+03
-6.490807056427001953e+00 6.914878845214843750e+00 1.158688962459564209e-02 3.700000000000000000e+01 6.379456800000000000e+07 3.280000000000000000e+02 3.100000000000000000e+01 6.500000000000000000e+01 9.484000000000000000e+03
-6.408141136169433594e+00 6.911311149597167969e+00 1.151480711996555328e-02 3.800000000000000000e+01 6.389204000000000000e+07 3.320000000000000000e+02 3.100000000000000000e+01 6.700000000000000000e+01 9.425000000000000000e+03
-6.357508659362792969e+00 6.941650867462158203e+00 1.150014623999595642e-02 5.400000000000000000e+01 6.398952000000000000e+07 4.740000000000000000e+02 3.100000000000000000e+01 6.100000000000000000e+01 9.413000000000000000e+03
-6.514040946960449219e+00 7.200779914855957031e+00 1.186299975961446762e-02 5.200000000000000000e+01 6.408808000000000000e+07 4.770000000000000000e+02 3.100000000000000000e+01 4.900000000000000000e+01 9.710000000000000000e+03
-6.460407257080078125e+00 7.230174064636230469e+00 1.184589602053165436e-02 5.300000000000000000e+01 6.418647200000000000e+07 4.930000000000000000e+02 3.100000000000000000e+01 6.000000000000000000e+01 9.696000000000000000e+03
-6.431141853332519531e+00 7.286923408508300781e+00 1.187399681657552719e-02 8.700000000000000000e+01 6.428343200000000000e+07 8.150000000000000000e+02 3.100000000000000000e+01 7.900000000000000000e+01 9.719000000000000000e+03
-6.449389934539794922e+00 7.398612022399902344e+00 1.199128199368715286e-02 1.100000000000000000e+02 6.438116800000000000e+07 1.054000000000000000e+03 3.100000000000000000e+01 6.500000000000000000e+01 9.815000000000000000e+03
-6.401261806488037109e+00 7.435014247894287109e+00 1.198639534413814545e-02 4.600000000000000000e+01 6.447931200000000000e+07 4.370000000000000000e+02 3.100000000000000000e+01 6.900000000000000000e+01 9.811000000000000000e+03
-6.255112171173095703e+00 7.356070041656494141e+00 1.179702673107385635e-02 9.600000000000000000e+01 6.457684000000000000e+07 8.900000000000000000e+02 3.100000000000000000e+01 6.700000000000000000e+01 9.656000000000000000e+03
-6.206643104553222656e+00 7.390483379364013672e+00 1.179091818630695343e-02 3.200000000000000000e+01 6.467570000000000000e+07 2.920000000000000000e+02 3.100000000000000000e+01 7.400000000000000000e+01 9.651000000000000000e+03
-6.465056896209716797e+00 7.794807910919189453e+00 1.237246207892894745e-02 4.200000000000000000e+01 6.477368800000000000e+07 4.250000000000000000e+02 3.100000000000000000e+01 6.400000000000000000e+01 1.012700000000000000e+04
-6.276433944702148438e+00 7.662589073181152344e+00 1.210123859345912933e-02 5.900000000000000000e+01 6.487146000000000000e+07 5.730000000000000000e+02 3.100000000000000000e+01 6.300000000000000000e+01 9.905000000000000000e+03
-6.421114444732666016e+00 7.938087463378906250e+00 1.247386541217565536e-02 4.800000000000000000e+01 6.496859200000000000e+07 4.950000000000000000e+02 3.100000000000000000e+01 6.000000000000000000e+01 1.021000000000000000e+04
-2.990105152130126953e+00 5.834543228149414062e+00 1.945809125900268555e-01 2.770000000000000000e+02 6.652964800000000000e+07 1.188000000000000000e+03 2.800000000000000000e+01 1.000000000000000000e+02 6.559000000000000000e+03
-2.969562768936157227e+00 5.883119583129882812e+00 1.955895572900772095e-01 3.950000000000000000e+02 6.662702000000000000e+07 1.704000000000000000e+03 2.800000000000000000e+01 1.030000000000000000e+02 6.593000000000000000e+03
-2.974046945571899414e+00 5.813047885894775391e+00 1.322164088487625122e-01 1.500000000000000000e+01 6.711395200000000000e+07 5.900000000000000000e+01 2.900000000000000000e+01 3.200000000000000000e+01 6.531000000000000000e+03
-2.935173273086547852e+00 5.824936866760253906e+00 1.320746988058090210e-01 2.200000000000000000e+01 6.721108000000000000e+07 8.800000000000000000e+01 2.900000000000000000e+01 2.700000000000000000e+01 6.524000000000000000e+03
-3.013026237487792969e+00 5.810932636260986328e+00 6.969073414802551270e-02 7.500000000000000000e+01 6.760265600000000000e+07 3.170000000000000000e+02 3.000000000000000000e+01 1.200000000000000000e+02 6.546000000000000000e+03
-2.958666086196899414e+00 5.792799472808837891e+00 6.925422698259353638e-02 2.080000000000000000e+02 6.770036000000000000e+07 8.740000000000000000e+02 3.000000000000000000e+01 4.500000000000000000e+01 6.505000000000000000e+03
-2.925762653350830078e+00 5.816204071044921875e+00 6.931810826063156128e-02 1.540000000000000000e+02 6.779828000000000000e+07 6.470000000000000000e+02 3.000000000000000000e+01 4.300000000000000000e+01 6.511000000000000000e+03
-1.273193597793579102e+00 3.230639934539794922e+00 1.030605360865592957e-01 6.900000000000000000e+01 6.809348800000000000e+07 8.200000000000000000e+01 2.800000000000000000e+01 1.700000000000000000e+01 3.474000000000000000e+03
-1.228453040122985840e+00 3.174070835113525391e+00 1.010135710239410400e-01 1.020000000000000000e+02 6.819107200000000000e+07 1.170000000000000000e+02 2.800000000000000000e+01 3.600000000000000000e+01 3.405000000000000000e+03
-3.019313812255859375e+00 5.832864284515380859e+00 8.024323731660842896e-03 2.770000000000000000e+02 6.819107200000000000e+07 1.192000000000000000e+03 3.100000000000000000e+01 6.900000000000000000e+01 6.568000000000000000e+03
-1.198302626609802246e+00 3.153517484664916992e+00 1.001235842704772949e-01 2.600000000000000000e+01 6.828896000000000000e+07 2.900000000000000000e+01 2.800000000000000000e+01 1.010000000000000000e+02 3.375000000000000000e+03
-2.975290775299072266e+00 5.835245132446289062e+00 8.002332411706447601e-03 3.760000000000000000e+02 6.828896000000000000e+07 1.606000000000000000e+03 3.100000000000000000e+01 8.600000000000000000e+01 6.550000000000000000e+03
-2.932250022888183594e+00 5.839092731475830078e+00 7.982785813510417938e-03 3.230000000000000000e+02 6.838550400000000000e+07 1.371000000000000000e+03 3.100000000000000000e+01 9.700000000000000000e+01 6.534000000000000000e+03
-2.891934156417846680e+00 5.848011016845703125e+00 7.970567792654037476e-03 8.700000000000000000e+01 6.848436000000000000e+07 3.670000000000000000e+02 3.100000000000000000e+01 1.030000000000000000e+02 6.524000000000000000e+03
-1.277127146720886230e+00 3.247161149978637695e+00 7.065308839082717896e-02 6.900000000000000000e+01 6.868059200000000000e+07 8.200000000000000000e+01 2.900000000000000000e+01 3.800000000000000000e+01 3.490000000000000000e+03
-1.230522394180297852e+00 3.185920476913452148e+00 6.915500015020370483e-02 2.100000000000000000e+02 6.877776800000000000e+07 2.420000000000000000e+02 2.900000000000000000e+01 4.800000000000000000e+01 3.416000000000000000e+03
-1.202797412872314453e+00 3.171909570693969727e+00 6.868937611579895020e-02 8.300000000000000000e+01 6.887566400000000000e+07 9.400000000000000000e+01 2.900000000000000000e+01 5.700000000000000000e+01 3.393000000000000000e+03
-1.302757263183593750e+00 3.255117177963256836e+00 1.647317260503768921e-01 1.640000000000000000e+02 6.916593600000000000e+07 2.010000000000000000e+02 2.600000000000000000e+01 7.600000000000000000e+01 3.510000000000000000e+03
-1.280566930770874023e+00 3.257471561431884766e+00 1.644501239061355591e-01 3.130000000000000000e+02 6.926360800000000000e+07 3.820000000000000000e+02 2.600000000000000000e+01 7.500000000000000000e+01 3.504000000000000000e+03
-1.264489173889160156e+00 3.221526384353637695e+00 3.684687241911888123e-02 2.700000000000000000e+01 6.926360800000000000e+07 3.100000000000000000e+01 3.000000000000000000e+01 1.800000000000000000e+01 3.461000000000000000e+03
-1.263073563575744629e+00 3.271790742874145508e+00 1.647786498069763184e-01 1.640000000000000000e+02 6.936036800000000000e+07 2.000000000000000000e+02 2.600000000000000000e+01 4.600000000000000000e+01 3.511000000000000000e+03
-1.246856331825256348e+00 3.234822750091552734e+00 3.691074997186660767e-02 3.300000000000000000e+01 6.936036800000000000e+07 3.800000000000000000e+01 3.000000000000000000e+01 2.200000000000000000e+01 3.467000000000000000e+03
-1.305412650108337402e+00 3.159975051879882812e+00 4.177095834165811539e-03 5.800000000000000000e+01 6.955527200000000000e+07 6.700000000000000000e+01 3.100000000000000000e+01 5.900000000000000000e+01 3.419000000000000000e+03
-1.314790010452270508e+00 3.235608339309692383e+00 1.311176270246505737e-01 3.000000000000000000e+01 6.965363200000000000e+07 3.500000000000000000e+01 2.700000000000000000e+01 5.200000000000000000e+01 3.495000000000000000e+03
-1.310447573661804199e+00 3.228152275085449219e+00 4.256508313119411469e-03 1.670000000000000000e+02 6.965363200000000000e+07 2.010000000000000000e+02 3.100000000000000000e+01 6.200000000000000000e+01 3.484000000000000000e+03
-1.291947960853576660e+00 3.236190319061279297e+00 1.308175027370452881e-01 2.160000000000000000e+02 6.975068800000000000e+07 2.600000000000000000e+02 2.700000000000000000e+01 5.400000000000000000e+01 3.487000000000000000e+03
-1.283206462860107422e+00 3.217555046081542969e+00 4.232073668390512466e-03 2.420000000000000000e+02 6.975068800000000000e+07 2.880000000000000000e+02 3.100000000000000000e+01 7.100000000000000000e+01 3.464000000000000000e+03
-1.275349855422973633e+00 3.252429485321044922e+00 1.311551481485366821e-01 2.690000000000000000e+02 6.984897600000000000e+07 3.270000000000000000e+02 2.700000000000000000e+01 6.600000000000000000e+01 3.496000000000000000e+03
-1.264169216156005859e+00 3.227230310440063477e+00 4.234516993165016174e-03 2.260000000000000000e+02 6.984897600000000000e+07 2.710000000000000000e+02 3.100000000000000000e+01 8.600000000000000000e+01 3.466000000000000000e+03
-1.243878602981567383e+00 3.230352163314819336e+00 1.299546509981155396e-01 1.570000000000000000e+02 6.994668000000000000e+07 1.880000000000000000e+02 2.700000000000000000e+01 6.600000000000000000e+01 3.464000000000000000e+03
-1.254395961761474609e+00 3.261059761047363281e+00 4.268725402653217316e-03 1.860000000000000000e+02 6.994668000000000000e+07 2.260000000000000000e+02 3.100000000000000000e+01 8.800000000000000000e+01 3.494000000000000000e+03
-1.207160115242004395e+00 3.196660280227661133e+00 4.174652043730020523e-03 1.290000000000000000e+02 7.004539200000000000e+07 1.500000000000000000e+02 3.100000000000000000e+01 6.100000000000000000e+01 3.417000000000000000e+03
-5.374409630894660950e-02 6.687062382698059082e-01 1.358401682227849960e-02 4.900000000000000000e+01 7.336539200000000000e+07 2.000000000000000000e+00 2.900000000000000000e+01 2.000000000000000000e+01 6.710000000000000000e+02
-4.606640711426734924e-02 7.403879761695861816e-01 4.186380282044410706e-02 6.100000000000000000e+01 7.365715200000000000e+07 3.000000000000000000e+00 2.500000000000000000e+01 1.700000000000000000e+01 7.430000000000000000e+02
-4.281765967607498169e-02 6.939133405685424805e-01 3.266474977135658264e-02 7.000000000000000000e+01 7.424512800000000000e+07 3.000000000000000000e+00 2.600000000000000000e+01 1.600000000000000000e+01 6.960000000000000000e+02
-1.825077272951602936e-02 7.306222915649414062e-01 1.479868311434984207e-02 1.240000000000000000e+02 7.424512800000000000e+07 7.000000000000000000e+00 2.900000000000000000e+01 2.200000000000000000e+01 7.310000000000000000e+02
-3.492506593465805054e-02 7.196455001831054688e-01 2.704887278378009796e-02 1.350000000000000000e+02 7.503279200000000000e+07 7.000000000000000000e+00 2.700000000000000000e+01 1.600000000000000000e+01 7.210000000000000000e+02
-1.340074581094086170e-03 7.290732860565185547e-01 1.144307702779769897e-01 9.900000000000000000e+01 7.522932000000000000e+07 5.000000000000000000e+00 1.400000000000000000e+01 9.300000000000000000e+01 7.380000000000000000e+02
