-2.174453251063823700e-02 -7.353547215461730957e-01 2.183435671031475067e-02
-1.599571853876113892e-02 -7.150133252143859863e-01 1.462876200675964355e-01
-9.209146723151206970e-03 -7.670984268188476562e-01 3.604386001825332642e-02
-3.873395547270774841e-02 -6.498711109161376953e-01 1.084769517183303833e-01
-2.192681282758712769e-02 -7.291351556777954102e-01 6.087024882435798645e-02
-2.676094882190227509e-02 -7.389457225799560547e-01 6.170180812478065491e-02
-3.205342218279838562e-02 -7.504872083663940430e-01 3.529294952750205994e-02
-2.739933133125305176e-02 -7.424653172492980957e-01 5.495148897171020508e-02
-5.334368720650672913e-02 -6.725431084632873535e-01 5.629666149616241455e-02
-8.202124387025833130e-02 -7.051160931587219238e-01 4.006078466773033142e-02
-7.355265319347381592e-02 -7.043889760971069336e-01 3.327487036585807800e-02
-1.215318143367767334e-01 -7.287847399711608887e-01 1.496063917875289917e-02
-1.235371306538581848e-01 -7.376850247383117676e-01 7.963438518345355988e-03
-1.412169933319091797e+00 -6.301377773284912109e+00 1.307588219642639160e-01
-1.453503251075744629e+00 -6.304285049438476562e+00 1.310017555952072144e-01
-1.617138981819152832e+00 -6.822527408599853516e+00 1.419742405414581299e-01
-1.616154074668884277e+00 -6.636651515960693359e+00 1.383100003004074097e-01
-1.267059922218322754e+00 -6.163758754730224609e+00 6.699721515178680420e-02
-1.676973938941955566e+00 -6.707115173339843750e+00 1.399902850389480591e-01
-1.301745891571044922e+00 -6.141195297241210938e+00 6.683751940727233887e-02
-1.216990873217582703e-01 -6.974615454673767090e-01 8.649849914945662022e-04
-1.687039017677307129e+00 -6.575645446777343750e+00 1.374597251415252686e-01
-1.325322031974792480e+00 -6.068615436553955078e+00 6.613486260175704956e-02
-1.825551748275756836e+00 -6.938388347625732422e+00 1.452740728855133057e-01
-1.377667784690856934e+00 -6.127685070037841797e+00 6.686946004629135132e-02
-1.835029363632202148e+00 -6.804462432861328125e+00 1.427030414342880249e-01
-1.410508871078491211e+00 -6.098657608032226562e+00 6.664588302373886108e-02
-1.821633934974670410e+00 -6.593590259552001953e+00 1.385124474763870239e-01
-1.446977853775024414e+00 -6.085997104644775391e+00 6.660330295562744141e-02
-1.209415793418884277e+00 -6.050302028656005859e+00 7.538075093179941177e-03
-1.795652389526367188e+00 -6.347550868988037109e+00 1.335728019475936890e-01
-1.480022907257080078e+00 -6.059518814086914062e+00 6.641166657209396362e-02
-1.254396080970764160e+00 -6.080963134765625000e+00 7.585722953081130981e-03
-1.839015126228332520e+00 -6.351778984069824219e+00 1.338967084884643555e-01
-1.512068033218383789e+00 -6.029955387115478516e+00 6.618809700012207031e-02
-1.292932868003845215e+00 -6.079020977020263672e+00 7.593053393065929413e-03
-2.020206212997436523e+00 -6.820648670196533203e+00 1.440391689538955688e-01
-1.553523540496826172e+00 -6.037995338439941406e+00 6.637972593307495117e-02
-1.320791363716125488e+00 -6.027993202209472656e+00 7.539297454059123993e-03
-2.075060606002807617e+00 -6.851183891296386719e+00 1.449501663446426392e-01
-1.585695862770080566e+00 -6.009978771209716797e+00 6.617745012044906616e-02
-1.358193516731262207e+00 -6.021726131439208984e+00 7.541740778833627701e-03
-2.161115884780883789e+00 -6.980628490447998047e+00 1.479665935039520264e-01
-1.625152826309204102e+00 -6.009788990020751953e+00 6.628391146659851074e-02
-1.392404556274414062e+00 -6.001589775085449219e+00 7.527079898864030838e-03
-1.656391859054565430e+00 -5.979467391967773438e+00 6.606034189462661743e-02
-1.417836666107177734e+00 -5.945270061492919922e+00 7.467215415090322495e-03
-1.689775705337524414e+00 -5.957647323608398438e+00 6.593258678913116455e-02
-1.455241084098815918e+00 -5.940342903137207031e+00 7.472102064639329910e-03
-1.726299405097961426e+00 -5.947166919708251953e+00 6.593258678913116455e-02
-1.480687618255615234e+00 -5.887660980224609375e+00 7.417124230414628983e-03
-1.766742944717407227e+00 -5.949882984161376953e+00 6.608163565397262573e-02
-1.518284916877746582e+00 -5.884274482727050781e+00 7.424454204738140106e-03
-1.810189843177795410e+00 -5.961894035339355469e+00 6.633714586496353149e-02
-1.562546372413635254e+00 -5.905783176422119141e+00 7.463549729436635971e-03
-2.249619722366333008e+00 -6.419864177703857422e+00 1.377431452274322510e-01
-1.832807421684265137e+00 -5.905788898468017578e+00 6.583677232265472412e-02
-1.597445607185363770e+00 -5.891258716583251953e+00 7.457441184669733047e-03
-2.320928335189819336e+00 -6.495382308959960938e+00 1.396663635969161987e-01
-1.874752521514892578e+00 -5.912541866302490234e+00 6.603904813528060913e-02
-1.628746509552001953e+00 -5.864003181457519531e+00 7.435450330376625061e-03
-1.906990885734558105e+00 -5.888560295104980469e+00 6.590064615011215210e-02
-1.661414384841918945e+00 -5.842356204986572266e+00 7.420789450407028198e-03
-2.401853799819946289e+00 -6.470160961151123047e+00 1.397473514080047607e-01
-1.934610962867736816e+00 -5.851114749908447266e+00 6.561319530010223389e-02
-1.698069334030151367e+00 -5.834932327270507812e+00 7.424454204738140106e-03
-2.444338083267211914e+00 -6.462782859802246094e+00 1.399092972278594971e-01
-1.987741708755493164e+00 -5.890296936035156250e+00 6.618809700012207031e-02
-1.737834215164184570e+00 -5.837821483612060547e+00 7.441558409482240677e-03
-2.483947038650512695e+00 -6.447662830352783203e+00 1.399092972278594971e-01
-2.003988742828369141e+00 -5.820315361022949219e+00 6.553866714239120483e-02
-1.775077700614929199e+00 -5.831831932067871094e+00 7.447667419910430908e-03
-2.488409280776977539e+00 -6.342950344085693359e+00 1.379658430814743042e-01
-2.026079416275024414e+00 -5.769227981567382812e+00 6.510217487812042236e-02
-1.810530662536621094e+00 -5.819875717163085938e+00 7.446445524692535400e-03
-2.563995361328125000e+00 -6.419481277465820312e+00 1.399700492620468140e-01
-2.041213750839233398e+00 -5.700203418731689453e+00 6.446339190006256104e-02
-1.828940987586975098e+00 -5.754334449768066406e+00 7.376806810498237610e-03
-2.633835315704345703e+00 -6.478648662567138672e+00 1.416098326444625854e-01
-2.096381187438964844e+00 -5.742991447448730469e+00 6.509152799844741821e-02
-1.854952216148376465e+00 -5.714469909667968750e+00 7.340155541896820068e-03
-2.709465265274047852e+00 -6.549208164215087891e+00 1.435128152370452881e-01
-2.140296220779418945e+00 -5.753449916839599609e+00 6.535768508911132812e-02
-1.891553521156311035e+00 -5.707726955413818359e+00 7.346264086663722992e-03
-2.905910491943359375e+00 -6.903821468353271484e+00 1.516713351011276245e-01
-2.180874109268188477e+00 -5.754234790802001953e+00 6.551738083362579346e-02
-1.932947754859924316e+00 -5.714958667755126953e+00 7.370698731392621994e-03
-2.883286714553833008e+00 -6.734210014343261719e+00 1.483309864997863770e-01
-2.235226392745971680e+00 -5.790185451507568359e+00 6.608163565397262573e-02
-1.972544550895690918e+00 -5.716225147247314453e+00 7.387802936136722565e-03
-2.259005546569824219e+00 -5.746581554412841797e+00 6.574095040559768677e-02
-1.999281525611877441e+00 -5.680431842803955078e+00 7.357259280979633331e-03
-2.286421298980712891e+00 -5.713117122650146484e+00 6.551738083362579346e-02
-2.017885208129882812e+00 -5.622879028320312500e+00 7.298616692423820496e-03
-3.062562942504882812e+00 -6.803987979888916016e+00 1.510842293500900269e-01
-2.313134431838989258e+00 -5.678606986999511719e+00 6.528316438198089600e-02
-2.062998294830322266e+00 -5.639504432678222656e+00 7.336489856243133545e-03
-2.828477144241333008e+00 -6.182294845581054688e+00 1.376621723175048828e-01
-2.341807603836059570e+00 -5.649527072906494141e+00 6.511281430721282959e-02
-2.088131666183471680e+00 -5.601440906524658203e+00 7.303503341972827911e-03
-2.865093231201171875e+00 -6.162103652954101562e+00 1.376014351844787598e-01
-2.369045734405517578e+00 -5.617545604705810547e+00 6.491053849458694458e-02
-2.126367568969726562e+00 -5.598806381225585938e+00 7.316942326724529266e-03
-2.904130458831787109e+00 -6.147119522094726562e+00 1.376621723175048828e-01
-2.400316238403320312e+00 -5.595551967620849609e+00 6.482537090778350830e-02
-2.158516645431518555e+00 -5.580057621002197266e+00 7.309611886739730835e-03
-3.137336730957031250e+00 -6.536594867706298828e+00 1.468126624822616577e-01
-2.442601442337036133e+00 -5.599049091339111328e+00 6.503829360008239746e-02
-2.189782619476318359e+00 -5.559265136718750000e+00 7.299838121980428696e-03
-3.105092525482177734e+00 -6.368939399719238281e+00 1.434723287820816040e-01
-2.491912364959716797e+00 -5.617776393890380859e+00 6.543220579624176025e-02
-2.235762596130371094e+00 -5.575425148010253906e+00 7.338933646678924561e-03
-3.171175479888916016e+00 -6.404421329498291016e+00 1.447072327136993408e-01
-2.512359619140625000e+00 -5.571388244628906250e+00 6.507023423910140991e-02
-2.276354551315307617e+00 -5.577341079711914062e+00 7.359702605754137039e-03
-3.223886489868164062e+00 -6.411640167236328125e+00 1.453145742416381836e-01
-2.557746887207031250e+00 -5.580410957336425781e+00 6.535768508911132812e-02
-2.302095651626586914e+00 -5.542951583862304688e+00 7.332825101912021637e-03
-3.284078836441040039e+00 -6.432699203491210938e+00 1.462458223104476929e-01
-2.585606336593627930e+00 -5.551014900207519531e+00 6.519798934459686279e-02
-2.331781625747680664e+00 -5.518589019775390625e+00 7.319385651499032974e-03
-3.356151819229125977e+00 -6.475450992584228516e+00 1.476831734180450439e-01
-2.619617938995361328e+00 -5.535045623779296875e+00 6.519798934459686279e-02
-2.380998849868774414e+00 -5.540008544921875000e+00 7.367033045738935471e-03
-3.357184648513793945e+00 -6.381296157836914062e+00 1.460028886795043945e-01
-2.656130790710449219e+00 -5.524274826049804688e+00 6.526186317205429077e-02
-2.406136035919189453e+00 -5.505136013031005859e+00 7.340155541896820068e-03
-3.542732477188110352e+00 -6.634861469268798828e+00 1.522988975048065186e-01
-2.680762052536010742e+00 -5.489004135131835938e+00 6.503829360008239746e-02
-2.439463615417480469e+00 -5.489355087280273438e+00 7.338933646678924561e-03
-3.345691442489624023e+00 -6.174358844757080078e+00 1.421969234943389893e-01
-2.723722219467163086e+00 -5.491263866424560547e+00 6.526186317205429077e-02
-2.483803987503051758e+00 -5.497977733612060547e+00 7.370698731392621994e-03
-3.378215074539184570e+00 -6.144076824188232422e+00 1.419742405414581299e-01
-2.762762546539306641e+00 -5.485164642333984375e+00 6.538961827754974365e-02
-2.509980916976928711e+00 -5.466275691986083984e+00 7.348707411438226700e-03
-3.430462837219238281e+00 -6.149426460266113281e+00 1.425815671682357788e-01
-2.782253026962280273e+00 -5.440510749816894531e+00 6.505958735942840576e-02
-2.537976980209350586e+00 -5.438991546630859375e+00 7.332825101912021637e-03
-3.297752380371093750e+00 -5.827200412750244141e+00 1.355769932270050049e-01
-2.825258731842041016e+00 -5.441974163055419922e+00 6.528316438198089600e-02
-2.566589832305908203e+00 -5.413376808166503906e+00 7.319385651499032974e-03
-3.351861953735351562e+00 -5.838937759399414062e+00 1.363260447978973389e-01
-2.872581958770751953e+00 -5.451074600219726562e+00 6.560254842042922974e-02
-2.581097841262817383e+00 -5.358786106109619141e+00 7.266851607710123062e-03
-3.374546289443969727e+00 -5.795796871185302734e+00 1.357996761798858643e-01
-2.897014617919921875e+00 -5.416593074798583984e+00 6.540026515722274780e-02
-2.649966001510620117e+00 -5.416505336761474609e+00 7.367033045738935471e-03
-3.548317909240722656e+00 -6.009149551391601562e+00 1.413061767816543579e-01
-2.923994779586791992e+00 -5.387290477752685547e+00 6.526186317205429077e-02
-2.629310369491577148e+00 -5.291782379150390625e+00 7.219204213470220566e-03
-3.600531339645385742e+00 -6.012997627258300781e+00 1.419135034084320068e-01
-2.970984697341918945e+00 -5.394649028778076172e+00 6.557060778141021729e-02
-2.678397178649902344e+00 -5.308582782745361328e+00 7.264407817274332047e-03
-3.676274776458740234e+00 -6.054887771606445312e+00 1.434318423271179199e-01
-3.007443904876708984e+00 -5.382428169250488281e+00 6.564513593912124634e-02
-2.725509166717529297e+00 -5.320529460906982422e+00 7.303503341972827911e-03
-3.612727403640747070e+00 -5.868745803833007812e+00 1.395449042320251465e-01
-3.037454605102539062e+00 -5.358654022216796875e+00 6.558125466108322144e-02
-2.778866052627563477e+00 -5.343629837036132812e+00 7.358481176197528839e-03
-3.631201267242431641e+00 -5.818478584289550781e+00 1.388768404722213745e-01
-3.075261592864990234e+00 -5.348584175109863281e+00 6.568771600723266602e-02
-2.824672222137451172e+00 -5.351240634918212891e+00 7.392689585685729980e-03
-3.667903661727905273e+00 -5.797778606414794922e+00 1.389173269271850586e-01
-3.118600606918334961e+00 -5.347754001617431641e+00 6.591129302978515625e-02
-2.858870506286621094e+00 -5.336452484130859375e+00 7.396354805678129196e-03
-3.761156797409057617e+00 -5.865216255187988281e+00 1.410834789276123047e-01
-3.158481359481811523e+00 -5.340567588806152344e+00 6.606034189462661743e-02
-2.893948793411254883e+00 -5.323203086853027344e+00 7.402463816106319427e-03
-3.816143989562988281e+00 -5.871367454528808594e+00 1.417920291423797607e-01
-3.183476448059082031e+00 -5.308223247528076172e+00 6.590064615011215210e-02
-2.903855085372924805e+00 -5.264192104339599609e+00 7.345041725784540176e-03
-3.859248161315917969e+00 -5.858695983886718750e+00 1.420552134513854980e-01
-3.205076932907104492e+00 -5.270648002624511719e+00 6.567706912755966187e-02
-2.920961618423461914e+00 -5.219223499298095703e+00 7.307168561965227127e-03
-3.817965030670166016e+00 -5.719321727752685547e+00 1.392412334680557251e-01
-3.235782384872436523e+00 -5.248329639434814453e+00 6.564513593912124634e-02
-2.970704793930053711e+00 -5.232509136199951172e+00 7.351150736212730408e-03
-3.845143795013427734e+00 -5.684194087982177734e+00 1.389578133821487427e-01
-3.290714025497436523e+00 -5.264837265014648438e+00 6.610292196273803711e-02
-2.996267318725585938e+00 -5.202917098999023438e+00 7.335267961025238037e-03
-3.957389593124389648e+00 -5.773472785949707031e+00 1.417313069105148315e-01
-3.312788009643554688e+00 -5.228497982025146484e+00 6.590064615011215210e-02
-3.045283555984497070e+00 -5.213793277740478516e+00 7.376806810498237610e-03
-3.932287693023681641e+00 -5.662036895751953125e+00 1.395853906869888306e-01
-3.331298351287841797e+00 -5.187038898468017578e+00 6.563448905944824219e-02
-3.084862232208251953e+00 -5.207915782928466797e+00 7.395133376121520996e-03
-4.040022850036621094e+00 -5.741645336151123047e+00 1.421564370393753052e-01
-3.367426872253417969e+00 -5.173204898834228516e+00 6.571965664625167847e-02
-3.129117012023925781e+00 -5.209462642669677734e+00 7.424454204738140106e-03
-4.142497062683105469e+00 -5.811186313629150391e+00 1.445048004388809204e-01
-3.402960062026977539e+00 -5.158288478851318359e+00 6.579418480396270752e-02
-3.165704250335693359e+00 -5.197851657867431641e+00 7.435450330376625061e-03
-4.197391986846923828e+00 -5.812407016754150391e+00 1.451728641986846924e-01
-3.440104007720947266e+00 -5.145623683929443359e+00 6.590064615011215210e-02
-3.197012901306152344e+00 -5.177478790283203125e+00 7.434228900820016861e-03
-4.240650653839111328e+00 -5.797032833099365234e+00 1.454360336065292358e-01
-3.482829332351684570e+00 -5.140975952148437500e+00 6.611357629299163818e-02
-3.210149765014648438e+00 -5.128097534179687500e+00 7.391467690467834473e-03
-4.271974086761474609e+00 -5.765280723571777344e+00 1.452943235635757446e-01
-3.541471958160400391e+00 -5.159080028533935547e+00 6.662459671497344971e-02
-3.249591588973999023e+00 -5.120969295501708984e+00 7.409793790429830551e-03
-4.270659446716308594e+00 -5.690182209014892578e+00 1.440594047307968140e-01
-3.562783479690551758e+00 -5.122476577758789062e+00 6.643296033143997192e-02
-3.304754734039306641e+00 -5.137939929962158203e+00 7.463549729436635971e-03
-5.298400878906250000e+00 -6.470860481262207031e+00 2.482174783945083618e-01
-4.271611213684082031e+00 -5.619298458099365234e+00 1.429257243871688843e-01
-3.591843128204345703e+00 -5.097249507904052734e+00 6.639037281274795532e-02
-3.335672140121459961e+00 -5.116727828979492188e+00 7.462328299880027771e-03
-5.346299171447753906e+00 -6.448231220245361328e+00 2.486031353473663330e-01
-4.287102699279785156e+00 -5.568424224853515625e+00 1.422981470823287964e-01
-3.602136135101318359e+00 -5.045816421508789062e+00 6.600710749626159668e-02
-3.360389947891235352e+00 -5.086152076721191406e+00 7.447667419910430908e-03
-5.428181648254394531e+00 -6.465831756591796875e+00 2.505610883235931396e-01
-4.244958400726318359e+00 -5.444246292114257812e+00 1.397878378629684448e-01
-3.669359207153320312e+00 -5.073854923248291016e+00 6.666717678308486938e-02
-3.384302139282226562e+00 -5.054635047912597656e+00 7.431784644722938538e-03
-5.389420986175537109e+00 -6.340250968933105469e+00 2.469715029001235962e-01
-4.287577629089355469e+00 -5.429867267608642578e+00 1.400915086269378662e-01
-3.720514535903930664e+00 -5.078670978546142578e+00 6.702915579080581665e-02
-3.405147075653076172e+00 -5.018878936767578125e+00 7.409793790429830551e-03
-5.426266193389892578e+00 -6.304790019989013672e+00 2.468824982643127441e-01
-4.332677364349365234e+00 -5.418292999267578125e+00 1.404761523008346558e-01
-3.754585742950439453e+00 -5.059761524200439453e+00 6.708238273859024048e-02
-3.417183399200439453e+00 -4.970696926116943359e+00 7.369476370513439178e-03
-4.385975360870361328e+00 -5.416470050811767578e+00 1.411239653825759888e-01
-3.767537832260131836e+00 -5.012648582458496094e+00 6.676299870014190674e-02
-3.452191352844238281e+00 -4.956200599670410156e+00 7.379250600934028625e-03
-4.430538654327392578e+00 -5.403372764587402344e+00 1.414883732795715332e-01
-3.818816900253295898e+00 -5.016488552093505859e+00 6.712497025728225708e-02
-3.544230937957763672e+00 -5.022348403930664062e+00 7.509975694119930267e-03
-4.429760456085205078e+00 -5.335317134857177734e+00 1.404154151678085327e-01
-3.836093664169311523e+00 -4.975540637969970703e+00 6.689075380563735962e-02
-3.577888727188110352e+00 -5.004574298858642578e+00 7.516084704548120499e-03
-5.708082199096679688e+00 -6.312067508697509766e+00 2.525784075260162354e-01
-4.494582653045654297e+00 -5.346300601959228516e+00 1.414276361465454102e-01
-3.894243478775024414e+00 -4.987375259399414062e+00 6.736983358860015869e-02
-3.506467103958129883e+00 -4.841603279113769531e+00 7.303503341972827911e-03
-5.837826251983642578e+00 -6.376452922821044922e+00 2.565833628177642822e-01
-4.515637397766113281e+00 -5.304917812347412109e+00 1.410632431507110596e-01
-3.930354356765747070e+00 -4.970446109771728516e+00 6.746565550565719604e-02
-3.560952663421630859e+00 -4.853861331939697266e+00 7.354816421866416931e-03
-5.723958492279052734e+00 -6.175567626953125000e+00 2.499084621667861938e-01
-4.614026546478271484e+00 -5.353600978851318359e+00 1.431079208850860596e-01
-3.964528560638427734e+00 -4.950919628143310547e+00 6.752952933311462402e-02
-3.658664226531982422e+00 -4.923421382904052734e+00 7.494093384593725204e-03
-5.843819141387939453e+00 -6.227798461914062500e+00 2.534683942794799805e-01
-4.613921642303466797e+00 -5.287523746490478516e+00 1.420957148075103760e-01
-4.001760005950927734e+00 -4.935043811798095703e+00 6.764663755893707275e-02
-3.670763731002807617e+00 -4.876910686492919922e+00 7.457441184669733047e-03
-5.936307907104492188e+00 -6.249075412750244141e+00 2.558120191097259521e-01
-4.599279403686523438e+00 -5.205915451049804688e+00 1.406583487987518311e-01
-4.030696392059326172e+00 -4.908851146697998047e+00 6.762534379959106445e-02
-3.701831340789794922e+00 -4.855885982513427734e+00 7.459884975105524063e-03
-5.731345653533935547e+00 -5.959651470184326172e+00 2.453991770744323730e-01
-4.566480636596679688e+00 -5.105313301086425781e+00 1.386946439743041992e-01
-4.059462070465087891e+00 -4.882489204406738281e+00 6.760405749082565308e-02
-3.740723848342895508e+00 -4.844953536987304688e+00 7.478210609406232834e-03
-5.903075695037841797e+00 -6.063314437866210938e+00 2.511544525623321533e-01
-4.631275653839111328e+00 -5.114252090454101562e+00 1.397068649530410767e-01
-4.090631961822509766e+00 -4.859018802642822266e+00 6.762534379959106445e-02
-3.780853033065795898e+00 -4.835301876068115234e+00 7.498980499804019928e-03
-5.975952148437500000e+00 -6.063286781311035156e+00 2.526673972606658936e-01
-4.837558746337890625e+00 -5.276610374450683594e+00 1.449501663446426392e-01
-4.118423461914062500e+00 -4.831544876098632812e+00 6.759341061115264893e-02
-3.796172380447387695e+00 -4.793980598449707031e+00 7.470880169421434402e-03
-6.021515369415283203e+00 -6.034996032714843750e+00 2.530234158039093018e-01
-4.889568328857421875e+00 -5.268079757690429688e+00 1.455372571945190430e-01
-4.171511650085449219e+00 -4.833435535430908203e+00 6.797667592763900757e-02
-3.826141595840454102e+00 -4.771377563476562500e+00 7.472102064639329910e-03
-6.086845397949218750e+00 -6.026064395904541016e+00 2.542100548744201660e-01
-4.868400096893310547e+00 -5.181147098541259766e+00 1.439581960439682007e-01
-4.201090335845947266e+00 -4.807748794555664062e+00 6.797667592763900757e-02
-3.859758853912353516e+00 -4.753244876861572266e+00 7.480653934180736542e-03
-6.105840682983398438e+00 -5.971131324768066406e+00 2.534683942794799805e-01
-4.906990051269531250e+00 -5.158421516418457031e+00 1.441606432199478149e-01
-4.231173515319824219e+00 -4.782629489898681641e+00 6.798732280731201172e-02
-3.891392230987548828e+00 -4.732562065124511719e+00 7.485541049391031265e-03
-6.019429683685302734e+00 -5.814799785614013672e+00 2.483954727649688721e-01
-4.911501884460449219e+00 -5.100129604339599609e+00 1.433711051940917969e-01
-4.299801826477050781e+00 -4.800523281097412109e+00 6.861545145511627197e-02
-3.945951223373413086e+00 -4.739336013793945312e+00 7.534410338848829269e-03
-6.054995536804199219e+00 -5.777755737304687500e+00 2.483954727649688721e-01
-5.131142616271972656e+00 -5.263185977935791016e+00 1.488371044397354126e-01
-4.332534790039062500e+00 -4.777753829956054688e+00 6.866868585348129272e-02
-4.032322406768798828e+00 -4.783080577850341797e+00 7.643144577741622925e-03
-6.070694446563720703e+00 -5.721983432769775391e+00 2.475944906473159790e-01
-5.159126758575439453e+00 -5.227333545684814453e+00 1.487156301736831665e-01
-4.362445354461669922e+00 -4.751816272735595703e+00 6.867933273315429688e-02
-4.026535987854003906e+00 -4.717176437377929688e+00 7.577170617878437042e-03
-6.696955680847167969e+00 -6.246036529541015625e+00 2.698710918426513672e+00
-6.048626899719238281e+00 -5.631499290466308594e+00 2.452805191278457642e-01
-5.003839969635009766e+00 -5.008153915405273438e+00 1.433508545160293579e-01
-4.392880916595458984e+00 -4.726424217224121094e+00 6.870061904191970825e-02
-4.005055427551269531e+00 -4.634124279022216797e+00 7.483097724616527557e-03
-6.060994625091552734e+00 -5.573980331420898438e+00 2.443905174732208252e-01
-5.346596717834472656e+00 -5.285937309265136719e+00 1.522381752729415894e-01
-4.439615249633789062e+00 -4.718315601348876953e+00 6.897742301225662231e-02
-4.052511215209960938e+00 -4.631286621093750000e+00 7.518528029322624207e-03
-6.766714096069335938e+00 -6.157573699951171875e+00 2.696166515350341797e+00
-6.132075786590576172e+00 -5.570290565490722656e+00 2.458738386631011963e-01
-5.391089916229248047e+00 -5.264906406402587891e+00 1.525823175907135010e-01
-4.470551967620849609e+00 -4.693158149719238281e+00 6.900937110185623169e-02
-4.114671230316162109e+00 -4.644507884979248047e+00 7.580836303532123566e-03
-6.172091007232666016e+00 -5.537900447845458984e+00 2.461111694574356079e-01
-5.259953975677490234e+00 -5.074158668518066406e+00 1.479868441820144653e-01
-4.521476268768310547e+00 -4.688672065734863281e+00 6.935004889965057373e-02
-4.058961391448974609e+00 -4.525375366210937500e+00 7.426898460835218430e-03
-6.450829982757568359e+00 -5.727000236511230469e+00 2.542108058929443359e+00
-6.636316776275634766e+00 -5.883394718170166016e+00 5.843988656997680664e-01
-6.211191177368164062e+00 -5.504565715789794922e+00 2.463188320398330688e-01
-5.326455593109130859e+00 -5.075584411621093750e+00 1.489788144826889038e-01
-4.550160408020019531e+00 -4.660840511322021484e+00 6.935004889965057373e-02
-4.062450885772705078e+00 -4.473733425140380859e+00 7.382915820926427841e-03
-6.454115390777587891e+00 -5.659484863281250000e+00 2.529670238494873047e+00
-6.543823719024658203e+00 -5.740168571472167969e+00 2.210702896118164062e+00
-6.601530075073242188e+00 -5.792827129364013672e+00 1.886069536209106445e+00
-6.592319965362548828e+00 -5.782708644866943359e+00 1.549398303031921387e+00
-6.596427917480468750e+00 -5.784275531768798828e+00 1.222077727317810059e+00
-6.589300632476806641e+00 -5.773958206176757812e+00 8.976486921310424805e-01
-6.557433605194091797e+00 -5.741989135742187500e+00 5.743389129638671875e-01
-6.235071659088134766e+00 -5.457792282104492188e+00 2.459331601858139038e-01
-5.265040397644042969e+00 -4.955779075622558594e+00 1.464077681303024292e-01
-4.591325283050537109e+00 -4.645635128021240234e+00 6.954168528318405151e-02
-4.281355381011962891e+00 -4.657060623168945312e+00 7.728665135800838470e-03
-6.466968059539794922e+00 -5.600937366485595703e+00 2.521190166473388672e+00
-6.561340808868408203e+00 -5.684676647186279297e+00 2.204795122146606445e+00
-6.611090183258056641e+00 -5.729799270629882812e+00 1.878720879554748535e+00
-6.609070777893066406e+00 -5.726029396057128906e+00 1.545048356056213379e+00
-6.604093551635742188e+00 -5.719699859619140625e+00 1.216973066329956055e+00
-6.590755939483642578e+00 -5.704123020172119141e+00 8.930621147155761719e-01
-6.565371990203857422e+00 -5.678146839141845703e+00 5.719718337059020996e-01
-6.262393951416015625e+00 -5.414202213287353516e+00 2.456958442926406860e-01
-5.372231483459472656e+00 -4.994861602783203125e+00 1.485334336757659912e-01
-4.647326469421386719e+00 -4.644944190979003906e+00 6.995688378810882568e-02
-4.311212539672851562e+00 -4.632166862487792969e+00 7.731108460575342178e-03
-6.479345321655273438e+00 -5.542446136474609375e+00 2.512709856033325195e+00
-6.574004650115966797e+00 -5.625404834747314453e+00 2.197410345077514648e+00
-6.589674472808837891e+00 -5.640806198120117188e+00 1.862764000892639160e+00
-6.597692012786865234e+00 -5.645674228668212891e+00 1.534260988235473633e+00
-6.602185249328613281e+00 -5.647523403167724609e+00 1.210212826728820801e+00
-6.582530021667480469e+00 -5.626732349395751953e+00 8.872524499893188477e-01
-6.575050830841064453e+00 -5.616368293762207031e+00 5.698020458221435547e-01
-6.341865539550781250e+00 -5.415268898010253906e+00 2.475054860115051270e-01
-5.562571525573730469e+00 -5.108555316925048828e+00 1.529264748096466064e-01
-4.681432247161865234e+00 -4.621962070465087891e+00 7.004205882549285889e-02
-4.329953193664550781e+00 -4.595437049865722656e+00 7.714004255831241608e-03
-6.501507282257080078e+00 -5.492680072784423828e+00 2.508186817169189453e+00
-6.594332695007324219e+00 -5.573074817657470703e+00 2.192733526229858398e+00
-6.615948200225830078e+00 -5.593322753906250000e+00 1.860454320907592773e+00
-6.608140945434570312e+00 -5.584744453430175781e+00 1.528693079948425293e+00
-6.605693817138671875e+00 -5.580700397491455078e+00 1.204556345939636230e+00
-6.616931438446044922e+00 -5.586236953735351562e+00 8.872524499893188477e-01
-6.598711013793945312e+00 -5.566910743713378906e+00 5.688815116882324219e-01
-6.496467590332031250e+00 -5.478713989257812500e+00 2.522224187850952148e-01
-5.550862312316894531e+00 -5.035366535186767578e+00 1.517522931098937988e-01
-4.699682235717773438e+00 -4.583375930786132812e+00 6.989300996065139771e-02
-4.353927135467529297e+00 -4.564441204071044922e+00 7.706673815846443176e-03
-6.524775981903076172e+00 -5.444080829620361328e+00 2.504229545593261719e+00
-6.903939723968505859e+00 -6.216471672058105469e+00 2.632381200790405273e+00
-6.608314037322998047e+00 -5.515738964080810547e+00 2.186087608337402344e+00
-6.634383678436279297e+00 -5.539463520050048828e+00 1.856045246124267578e+00
-6.633211612701416016e+00 -5.536520481109619141e+00 1.526605248451232910e+00
-6.639051914215087891e+00 -5.539429187774658203e+00 1.204418420791625977e+00
-6.654902935028076172e+00 -5.548715591430664062e+00 8.877620100975036621e-01
-6.641944408416748047e+00 -5.533982276916503906e+00 5.696705579757690430e-01
-6.341021537780761719e+00 -5.281382560729980469e+00 2.449245303869247437e-01
-5.595057487487792969e+00 -5.013221740722656250e+00 1.521167010068893433e-01
-4.738518714904785156e+00 -4.564859390258789062e+00 7.005270570516586304e-02
-4.380463123321533203e+00 -4.536201477050781250e+00 7.704230956733226776e-03
-6.546213150024414062e+00 -5.394183158874511719e+00 2.499706745147705078e+00
-6.469619274139404297e+00 -5.753911018371582031e+00 2.453272581100463867e+00
-6.646520614624023438e+00 -5.478785991668701172e+00 2.187564373016357422e+00
-6.663722515106201172e+00 -5.494919300079345703e+00 1.854785561561584473e+00
-6.669338226318359375e+00 -5.497594833374023438e+00 1.527127265930175781e+00
-6.679795265197753906e+00 -5.504257202148437500e+00 1.205660104751586914e+00
-6.698807716369628906e+00 -5.515998363494873047e+00 8.890870809555053711e-01
-6.599281787872314453e+00 -5.848633289337158203e+00 8.195729851722717285e-01
-6.678086757659912109e+00 -5.495026111602783203e+00 5.698677897453308105e-01
-6.611768722534179688e+00 -5.855580329895019531e+00 4.984215497970581055e-01
-6.321586608886718750e+00 -5.199831485748291016e+00 2.429368793964385986e-01
-5.581539630889892578e+00 -4.939703464508056641e+00 1.509222835302352905e-01
-4.772958278656005859e+00 -4.541902065277099609e+00 7.014852017164230347e-02
-4.417302131652832031e+00 -4.518533706665039062e+00 7.720113266259431839e-03
-6.578444004058837891e+00 -5.353309154510498047e+00 2.499423980712890625e+00
-6.483117580413818359e+00 -5.695056915283203125e+00 2.445094108581542969e+00
-6.687529563903808594e+00 -5.444019794464111328e+00 2.190025806427001953e+00
-6.562621116638183594e+00 -5.760838985443115234e+00 2.123892545700073242e+00
-6.708684921264648438e+00 -5.463188648223876953e+00 1.857934832572937012e+00
-6.635905265808105469e+00 -5.821069717407226562e+00 1.805549979209899902e+00
-6.721273899078369141e+00 -5.471489429473876953e+00 1.531303048133850098e+00
-6.599412918090820312e+00 -5.784983634948730469e+00 1.462302207946777344e+00
-6.724197864532470703e+00 -5.471919059753417969e+00 1.207591533660888672e+00
-6.595230579376220703e+00 -5.777247428894042969e+00 1.135621428489685059e+00
-6.734842777252197266e+00 -5.476674556732177734e+00 8.893928527832031250e-01
-6.575107097625732422e+00 -5.755564689636230469e+00 8.121694326400756836e-01
-6.709354400634765625e+00 -5.452058315277099609e+00 5.696705579757690430e-01
-6.582194805145263672e+00 -5.757711887359619141e+00 4.935196042060852051e-01
-6.476732254028320312e+00 -5.261151790618896484e+00 2.476538270711898804e-01
-5.507864475250244141e+00 -4.814558982849121094e+00 1.481285542249679565e-01
-4.826966762542724609e+00 -4.537185192108154297e+00 7.053179293870925903e-02
-4.435096263885498047e+00 -4.481393814086914062e+00 7.703009061515331268e-03
-6.623131275177001953e+00 -5.322458267211914062e+00 2.503947019577026367e+00
-6.487417221069335938e+00 -5.628687381744384766e+00 2.433644056320190430e+00
-6.732893466949462891e+00 -5.412599563598632812e+00 2.193964242935180664e+00
-6.564074039459228516e+00 -5.691182136535644531e+00 2.113021373748779297e+00
-6.760365962982177734e+00 -5.436627388000488281e+00 1.862973928451538086e+00
-6.593009948730468750e+00 -5.712240219116210938e+00 1.784308195114135742e+00
-6.763929843902587891e+00 -5.437549591064453125e+00 1.533390998840332031e+00
-6.616887092590332031e+00 -5.728885650634765625e+00 1.458357453346252441e+00
-6.773087501525878906e+00 -5.442965984344482422e+00 1.210350871086120605e+00
-6.588556766510009766e+00 -5.700334072113037109e+00 1.128428339958190918e+00
-6.766767978668212891e+00 -5.434000968933105469e+00 8.891889452934265137e-01
-6.565105915069580078e+00 -5.676039218902587891e+00 8.066167831420898438e-01
-6.734899044036865234e+00 -5.404542922973632812e+00 5.690129995346069336e-01
-6.568291664123535156e+00 -5.674788475036621094e+00 4.898571670055389404e-01
-6.497976779937744141e+00 -5.212555885314941406e+00 2.472385019063949585e-01
-5.597087383270263672e+00 -4.832288742065429688e+00 1.497278511524200439e-01
-4.854715347290039062e+00 -4.507482051849365234e+00 7.053179293870925903e-02
-4.517716407775878906e+00 -4.509198665618896484e+00 7.798304315656423569e-03
-6.698492050170898438e+00 -5.315705776214599609e+00 2.520059347152709961e+00
-6.499915122985839844e+00 -5.569993972778320312e+00 2.425465583801269531e+00
-6.768255710601806641e+00 -5.372993469238281250e+00 2.194702863693237305e+00
-6.571563243865966797e+00 -5.627414703369140625e+00 2.104277133941650391e+00
-6.808910369873046875e+00 -5.407204627990722656e+00 1.867173194885253906e+00
-6.604115486145019531e+00 -5.651295661926269531e+00 1.777895689010620117e+00
-6.801023006439208984e+00 -5.399005889892578125e+00 1.534260988235473633e+00
-6.606934070587158203e+00 -5.649713516235351562e+00 1.448496103286743164e+00
-6.815667629241943359e+00 -5.408692359924316406e+00 1.212006449699401855e+00
-6.596266746520996094e+00 -5.636606693267822266e+00 1.123804092407226562e+00
-6.824926376342773438e+00 -5.412158489227294922e+00 8.924505710601806641e-01
-6.586179733276367188e+00 -5.624010562896728516e+00 8.049509525299072266e-01
-6.821113586425781250e+00 -5.405257701873779297e+00 5.734841227531433105e-01
-6.577924728393554688e+00 -5.612992763519287109e+00 4.879978299140930176e-01
-6.562745571136474609e+00 -5.198654651641845703e+00 2.484844774007797241e-01
-5.787154197692871094e+00 -4.934732437133789062e+00 1.539994329214096069e-01
-4.884491920471191406e+00 -4.479636669158935547e+00 7.056372612714767456e-02
-4.550283908843994141e+00 -4.486308097839355469e+00 7.806856185197830200e-03
-6.752123832702636719e+00 -5.291071414947509766e+00 2.527974367141723633e+00
-6.525156497955322266e+00 -5.522547721862792969e+00 2.422194242477416992e+00
-6.826268672943115234e+00 -5.351095676422119141e+00 2.202826023101806641e+00
-6.597807884216308594e+00 -5.580084323883056641e+00 2.101677656173706055e+00
-6.831957817077636719e+00 -5.357481002807617188e+00 1.864443540573120117e+00
-6.625197410583496094e+00 -5.599283695220947266e+00 1.774288535118103027e+00
-6.855722904205322266e+00 -5.374184608459472656e+00 1.539132714271545410e+00
-6.625649929046630859e+00 -5.595702171325683594e+00 1.445044517517089844e+00
-6.853403568267822266e+00 -5.370435714721679688e+00 1.212834119796752930e+00
-6.617085933685302734e+00 -5.584513187408447266e+00 1.121491909027099609e+00
-6.611430644989013672e+00 -5.575789928436279297e+00 8.038405179977416992e-01
-6.604607105255126953e+00 -5.566091537475585938e+00 4.874343574047088623e-01
-6.578773498535156250e+00 -5.145971298217773438e+00 2.478911280632019043e-01
-5.824971675872802734e+00 -4.905570507049560547e+00 1.542018800973892212e-01
-4.951905250549316406e+00 -4.485833644866943359e+00 7.113862782716751099e-02
-4.577725410461425781e+00 -4.458303928375244141e+00 7.806856185197830200e-03
-6.810255050659179688e+00 -5.269498825073242188e+00 2.537585258483886719e+00
-6.547846794128417969e+00 -5.473151206970214844e+00 2.418105125427246094e+00
-6.880434036254882812e+00 -5.325720787048339844e+00 2.209718227386474609e+00
-6.607312679290771484e+00 -5.518939971923828125e+00 2.093878746032714844e+00
-6.651155948638916016e+00 -5.551620960235595703e+00 1.772084236145019531e+00
-6.649255275726318359e+00 -5.546097278594970703e+00 1.442743539810180664e+00
-6.647418975830078125e+00 -5.540632247924804688e+00 1.120849847793579102e+00
-6.647813320159912109e+00 -5.537029266357421875e+00 8.041180968284606934e-01
-6.642472743988037109e+00 -5.528655052185058594e+00 4.877160787582397461e-01
-6.587152004241943359e+00 -5.900204658508300781e+00 4.154900014400482178e-01
-6.711483001708984375e+00 -5.183715820312500000e+00 2.516884207725524902e-01
-5.570553779602050781e+00 -4.633186340332031250e+00 1.467114388942718506e-01
-5.006163120269775391e+00 -4.479368686676025391e+00 7.152190059423446655e-02
-4.612201213836669922e+00 -4.437064170837402344e+00 7.819073274731636047e-03
-6.856942176818847656e+00 -5.238677501678466797e+00 2.542956113815307617e+00
-6.581306457519531250e+00 -5.432871341705322266e+00 2.418105125427246094e+00
-6.644799709320068359e+00 -5.481386184692382812e+00 2.095060348510742188e+00
-6.677535057067871094e+00 -5.504474163055419922e+00 1.770080208778381348e+00
-6.684682846069335938e+00 -5.506448268890380859e+00 1.443072199821472168e+00
-6.682821750640869141e+00 -5.501000881195068359e+00 1.121106743812561035e+00
-6.562047481536865234e+00 -5.813717365264892578e+00 1.053158164024353027e+00
-6.687814712524414062e+00 -5.501195430755615234e+00 8.048584461212158203e-01
-6.620454311370849609e+00 -5.861340045928955078e+00 7.378438115119934082e-01
-6.683983802795410156e+00 -5.494133472442626953e+00 4.882795512676239014e-01
-6.593305587768554688e+00 -5.833199977874755859e+00 4.136127233505249023e-01
-6.702628135681152344e+00 -5.111525058746337891e+00 2.501754462718963623e-01
-5.919497966766357422e+00 -4.862276554107666016e+00 1.551128774881362915e-01
-5.042545318603515625e+00 -4.456513404846191406e+00 7.164965569972991943e-02
-4.596570968627929688e+00 -4.368038177490234375e+00 7.746991235762834549e-03
-6.627940654754638672e+00 -5.403329372406005859e+00 2.423012018203735352e+00
-6.497981071472167969e+00 -5.712259292602539062e+00 2.360374212265014648e+00
-7.045075416564941406e+00 -5.316198825836181641e+00 2.241472005844116211e+00
-6.702414512634277344e+00 -5.460149765014648438e+00 2.102622747421264648e+00
-6.597059249877929688e+00 -5.793236255645751953e+00 2.046326398849487305e+00
-6.722581386566162109e+00 -5.472675800323486328e+00 1.773086190223693848e+00
-6.600649356842041016e+00 -5.788231849670410156e+00 1.709660291671752930e+00
-6.725230216979980469e+00 -5.470930099487304688e+00 1.444551467895507812e+00
-6.615363597869873047e+00 -5.799093246459960938e+00 1.380766987800598145e+00
-6.719527244567871094e+00 -5.462394237518310547e+00 1.121620416641235352e+00
-6.608056545257568359e+00 -5.782497406005859375e+00 1.054827928543090820e+00
-6.736127853393554688e+00 -5.471984863281250000e+00 8.066167831420898438e-01
-6.594779968261718750e+00 -5.766816139221191406e+00 7.310250401496887207e-01
-6.724545955657958984e+00 -5.458681106567382812e+00 4.887866377830505371e-01
-6.560524463653564453e+00 -5.732821464538574219e+00 4.093418717384338379e-01
-6.776186466217041016e+00 -5.102167606353759766e+00 2.517477571964263916e-01
-5.797035217285156250e+00 -4.702414512634277344e+00 1.511449664831161499e-01
-5.050208568572998047e+00 -4.408391952514648438e+00 7.137285172939300537e-02
-4.642972469329833984e+00 -4.358231067657470703e+00 7.779978215694427490e-03
-6.665466308593750000e+00 -5.366178989410400391e+00 2.424647569656372070e+00
-6.515425205230712891e+00 -5.657100677490234375e+00 2.354057312011718750e+00
-6.735034465789794922e+00 -5.418313026428222656e+00 2.102386713027954102e+00
-6.576567173004150391e+00 -5.704151153564453125e+00 2.029075145721435547e+00
-6.774360179901123047e+00 -5.446056365966796875e+00 1.777895689010620117e+00
-6.599685668945312500e+00 -5.716134071350097656e+00 1.700293898582458496e+00
-6.774821758270263672e+00 -5.442534923553466797e+00 1.448002934455871582e+00
-6.605263233184814453e+00 -5.718947410583496094e+00 1.371308684349060059e+00
-6.772251129150390625e+00 -5.436581611633300781e+00 1.124831676483154297e+00
-6.587073802947998047e+00 -5.693149089813232422e+00 1.045882582664489746e+00
-6.776566505432128906e+00 -5.436157226562500000e+00 8.074496984481811523e-01
-6.587806224822998047e+00 -5.689765930175781250e+00 7.263683080673217773e-01
-6.767261028289794922e+00 -5.424810886383056641e+00 4.894627630710601807e-01
-6.569866657257080078e+00 -5.670269012451171875e+00 4.077461957931518555e-01
-6.814585685729980469e+00 -5.065861225128173828e+00 2.520147562026977539e-01
-5.853090286254882812e+00 -4.688632965087890625e+00 1.518535315990447998e-01
-5.150624275207519531e+00 -4.440656661987304688e+00 7.240553945302963257e-02
-4.692358493804931641e+00 -4.350737094879150391e+00 7.817851379513740540e-03
-6.711070537567138672e+00 -5.335358142852783203e+00 2.429282188415527344e+00
-6.530241489410400391e+00 -5.600059986114501953e+00 2.346951007843017578e+00
-6.773479461669921875e+00 -5.381116390228271484e+00 2.104040861129760742e+00
-6.578160762786865234e+00 -5.635179042816162109e+00 2.018860340118408203e+00
-6.821460247039794922e+00 -5.415351390838623047e+00 1.781502723693847656e+00
-6.603307723999023438e+00 -5.648733139038085938e+00 1.692265510559082031e+00
-6.813498020172119141e+00 -5.405154228210449219e+00 1.449153423309326172e+00
-6.610197067260742188e+00 -5.652628898620605469e+00 1.365106463432312012e+00
-6.808590888977050781e+00 -5.397389888763427734e+00 1.125345587730407715e+00
-6.592432022094726562e+00 -5.627484798431396484e+00 1.041231036186218262e+00
-6.828526496887207031e+00 -5.409313201904296875e+00 8.096707463264465332e-01
-6.605156421661376953e+00 -5.634361743927001953e+00 7.244557738304138184e-01
-6.839561462402343750e+00 -5.414170265197753906e+00 4.922800064086914062e-01
-6.580969333648681641e+00 -5.609762191772460938e+00 4.062913060188293457e-01
-6.822171688079833984e+00 -5.006801605224609375e+00 2.511544525623321533e-01
-5.962514400482177734e+00 -4.716518878936767578e+00 1.539387106895446777e-01
-5.174729347229003906e+00 -4.406376361846923828e+00 7.236295193433761597e-02
-4.605398178100585938e+00 -4.217852592468261719e+00 7.629705592989921570e-03
-6.744438171386718750e+00 -5.294673919677734375e+00 2.429554939270019531e+00
-6.555645465850830078e+00 -5.552403450012207031e+00 2.343792676925659180e+00
-6.841536521911621094e+00 -5.367041587829589844e+00 2.114912033081054688e+00
-6.601461887359619141e+00 -5.585274696350097656e+00 2.015455722808837891e+00
-6.826802253723144531e+00 -5.351634025573730469e+00 1.774288535118103027e+00
-6.622847557067871094e+00 -5.595439910888671875e+00 1.688442468643188477e+00
-6.845758438110351562e+00 -5.362637042999267578e+00 1.448989033699035645e+00
-6.628151893615722656e+00 -5.597939014434814453e+00 1.361695170402526855e+00
-6.858759880065917969e+00 -5.368959903717041016e+00 1.128171324729919434e+00
-6.623042106628417969e+00 -5.583728313446044922e+00 1.040634751319885254e+00
-6.612166881561279297e+00 -5.570612430572509766e+00 7.214621305465698242e-01
-6.615266323089599609e+00 -5.569276332855224609e+00 4.062913060188293457e-01
-6.799340724945068359e+00 -4.926141738891601562e+00 2.491964697837829590e-01
-5.996069431304931641e+00 -4.683537006378173828e+00 1.540601551532745361e-01
-5.219270706176757812e+00 -4.389344692230224609e+00 7.260781526565551758e-02
-4.544426441192626953e+00 -4.111024379730224609e+00 7.486762944608926773e-03
-7.178153038024902344e+00 -5.143199443817138672e+00 2.602318048477172852e+00
-6.820142269134521484e+00 -5.286789894104003906e+00 2.445094108581542969e+00
-6.579231262207031250e+00 -5.503408432006835938e+00 2.340107917785644531e+00
-6.872034549713134766e+00 -5.323176383972167969e+00 2.114202976226806641e+00
-6.628881931304931641e+00 -5.539043903350830078e+00 2.013412714004516602e+00
-6.645751476287841797e+00 -5.545265197753906250e+00 1.685575246810913086e+00
-6.658582210540771484e+00 -5.554000377655029297e+00 1.360919952392578125e+00
-6.662519454956054688e+00 -5.547432422637939453e+00 1.041469573974609375e+00
-6.650053501129150391e+00 -5.533123016357421875e+00 7.218778729438781738e-01
-6.642401218414306641e+00 -5.522833824157714844e+00 4.058689177036285400e-01
-6.610504150390625000e+00 -5.910861968994140625e+00 3.329149782657623291e-01
-6.073778629302978516e+00 -4.684514999389648438e+00 1.553153246641159058e-01
-5.220720291137695312e+00 -4.336153507232666016e+00 7.225649058818817139e-02
-4.875296592712402344e+00 -4.356244087219238281e+00 7.987672463059425354e-03
-6.868497371673583984e+00 -5.257122993469238281e+00 2.450819015502929688e+00
-6.608412742614746094e+00 -5.459248542785644531e+00 2.338528394699096680e+00
-6.656734943389892578e+00 -5.493306159973144531e+00 2.011596679687500000e+00
-6.678135871887207031e+00 -5.503134250640869141e+00 1.685192823410034180e+00
-6.689485549926757812e+00 -5.510527133941650391e+00 1.360299706459045410e+00
-6.691831588745117188e+00 -5.502664089202880859e+00 1.040754079818725586e+00
-6.572912216186523438e+00 -5.817330837249755859e+00 9.705957174301147461e-01
-6.688498497009277344e+00 -5.496010780334472656e+00 7.223768234252929688e-01
-6.613706111907958984e+00 -5.847262859344482422e+00 6.529269218444824219e-01
-6.673847675323486328e+00 -5.480070590972900391e+00 4.057281315326690674e-01
-6.539540290832519531e+00 -5.775593757629394531e+00 3.275502026081085205e-01
-6.249559402465820312e+00 -4.759218692779541016e+00 1.590605378150939941e-01
-5.265010356903076172e+00 -4.318624019622802734e+00 7.250135391950607300e-02
-4.925926685333251953e+00 -4.347422599792480469e+00 8.026767522096633911e-03
-6.645523548126220703e+00 -5.421646595001220703e+00 2.339844465255737305e+00
-6.550804615020751953e+00 -5.760849475860595703e+00 2.293464660644531250e+00
-7.081842899322509766e+00 -5.347945213317871094e+00 2.158396720886230469e+00
-6.694845199584960938e+00 -5.456048965454101562e+00 2.012958526611328125e+00
-6.602891445159912109e+00 -5.796444416046142578e+00 1.963943600654602051e+00
-6.722435474395751953e+00 -5.470728397369384766e+00 1.687869071960449219e+00
-6.598162174224853516e+00 -5.782104969024658203e+00 1.622843146324157715e+00
-6.720872402191162109e+00 -5.467506885528564453e+00 1.359834551811218262e+00
-6.596185207366943359e+00 -5.772236347198486328e+00 1.292765974998474121e+00
-6.721615314483642578e+00 -5.458370685577392578e+00 1.040157675743103027e+00
-6.609231472015380859e+00 -5.777544975280761719e+00 9.707056879997253418e-01
-6.731380939483642578e+00 -5.462402820587158203e+00 7.233746647834777832e-01
-6.563074111938476562e+00 -5.731136322021484375e+00 6.444444656372070312e-01
-6.721312522888183594e+00 -5.450342178344726562e+00 4.065728783607482910e-01
-6.505575180053710938e+00 -5.674924850463867188e+00 3.240987658500671387e-01
-6.888863086700439453e+00 -4.800153732299804688e+00 2.491964697837829590e-01
-6.287434101104736328e+00 -4.727391719818115234e+00 1.592832356691360474e-01
-5.345023155212402344e+00 -4.329666137695312500e+00 7.323595136404037476e-02
-4.934418201446533203e+00 -4.301345825195312500e+00 7.997446693480014801e-03
-6.673406124114990234e+00 -5.376531600952148438e+00 2.338002204895019531e+00
-6.534918308258056641e+00 -5.676151752471923828e+00 2.275666236877441406e+00
-6.739577770233154297e+00 -5.424026966094970703e+00 2.016363620758056641e+00
-6.594092845916748047e+00 -5.717461585998535156e+00 1.950855135917663574e+00
-6.776534557342529297e+00 -5.445979118347167969e+00 1.693030118942260742e+00
-6.599314689636230469e+00 -5.711908340454101562e+00 1.614476084709167480e+00
-6.772778034210205078e+00 -5.441014766693115234e+00 1.363555908203125000e+00
-6.612766265869140625e+00 -5.715480804443359375e+00 1.289118051528930664e+00
-6.778992652893066406e+00 -5.436280250549316406e+00 1.043855071067810059e+00
-6.571581363677978516e+00 -5.673875808715820312e+00 9.600446224212646484e-01
-6.795099735260009766e+00 -5.445301055908203125e+00 7.266178131103515625e-01
-6.580747127532958984e+00 -5.675777435302734375e+00 6.427479982376098633e-01
-6.766324520111083984e+00 -5.418364048004150391e+00 4.072768688201904297e-01
-6.538002490997314453e+00 -5.632944107055664062e+00 3.239862322807312012e-01
-6.975014686584472656e+00 -4.796875953674316406e+00 2.512434422969818115e-01
-6.317125320434570312e+00 -4.689319610595703125e+00 1.593034714460372925e-01
-5.376173973083496094e+00 -4.300535678863525391e+00 7.329982519149780273e-02
-4.916764259338378906e+00 -4.233145236968994141e+00 7.926586084067821503e-03
-6.722124099731445312e+00 -5.348096847534179688e+00 2.343529224395751953e+00
-6.554209232330322266e+00 -5.622723102569580078e+00 2.270326852798461914e+00
-6.790267944335937500e+00 -5.396508216857910156e+00 2.021584272384643555e+00
-6.577903747558593750e+00 -5.633092880249023438e+00 1.935803294181823730e+00
-6.816742420196533203e+00 -5.409787654876708984e+00 1.694750428199768066e+00
-6.594623565673828125e+00 -5.637443542480468750e+00 1.604835748672485352e+00
-6.833898067474365234e+00 -5.421458721160888672e+00 1.369137883186340332e+00
-6.597299098968505859e+00 -5.631763935089111328e+00 1.279342174530029297e+00
-6.816112518310546875e+00 -5.397664546966552734e+00 1.044451355934143066e+00
-6.603246212005615234e+00 -5.630866527557373047e+00 9.596049189567565918e-01
-6.828383445739746094e+00 -5.403504848480224609e+00 7.266178131103515625e-01
-6.592673301696777344e+00 -5.615890979766845703e+00 6.405351161956787109e-01
-6.845671653747558594e+00 -5.413300514221191406e+00 4.100458621978759766e-01
-6.570159435272216797e+00 -5.590778827667236328e+00 3.238736987113952637e-01
-7.062210083007812500e+00 -4.793281555175781250e+00 2.533200681209564209e-01
-6.146591663360595703e+00 -4.504496574401855469e+00 1.543031036853790283e-01
-5.396183013916015625e+00 -4.262508869171142578e+00 7.321465760469436646e-02
-4.984545230865478516e+00 -4.238525390625000000e+00 7.993781007826328278e-03
-6.779847621917724609e+00 -5.326417446136474609e+00 2.352214813232421875e+00
-6.577517509460449219e+00 -5.573023319244384766e+00 2.266512632369995117e+00
-6.807929992675781250e+00 -5.342717170715332031e+00 2.017044544219970703e+00
-6.604147434234619141e+00 -5.585693359375000000e+00 1.933403730392456055e+00
-6.839764595031738281e+00 -5.359988689422607422e+00 1.692265510559082031e+00
-6.614815235137939453e+00 -5.584821224212646484e+00 1.601379871368408203e+00
-6.863146305084228516e+00 -5.376378536224365234e+00 1.368362665176391602e+00
-6.617360115051269531e+00 -5.579061508178710938e+00 1.276569843292236328e+00
-6.863182544708251953e+00 -5.366748809814453125e+00 1.046598315238952637e+00
-6.630830287933349609e+00 -5.584481239318847656e+00 9.586157202720642090e-01
-6.608693122863769531e+00 -5.559925079345703125e+00 6.387649178504943848e-01
-6.595925331115722656e+00 -5.543287754058837891e+00 3.234610259532928467e-01
-7.179519176483154297e+00 -4.808821201324462891e+00 2.564646899700164795e-01
-6.234868049621582031e+00 -4.510649204254150391e+00 1.558214426040649414e-01
-5.434062480926513672e+00 -4.238543033599853516e+00 7.337435334920883179e-02
-5.023476600646972656e+00 -4.218793869018554688e+00 8.014550432562828064e-03
-6.841368675231933594e+00 -5.307187557220458984e+00 2.362216472625732422e+00
-6.611588954925537109e+00 -5.532559394836425781e+00 2.266512632369995117e+00
-6.624065399169921875e+00 -5.533178806304931641e+00 1.929259061813354492e+00
-6.642161369323730469e+00 -5.538460731506347656e+00 1.599742770195007324e+00
-6.647666454315185547e+00 -5.535187721252441406e+00 1.275840282440185547e+00
-6.643575191497802734e+00 -5.525893211364746094e+00 9.555383324623107910e-01
-6.636547088623046875e+00 -5.514171600341796875e+00 6.381748318672180176e-01
-6.624431133270263672e+00 -5.498244285583496094e+00 3.231984078884124756e-01
-6.137943267822265625e+00 -4.383407592773437500e+00 1.527240276336669922e-01
-5.488487720489501953e+00 -4.227086067199707031e+00 7.375761866569519043e-02
-5.042340755462646484e+00 -4.182145118713378906e+00 8.003554306924343109e-03
-6.882228374481201172e+00 -5.271562576293945312e+00 2.365111589431762695e+00
-6.647648334503173828e+00 -5.493735790252685547e+00 2.267275571823120117e+00
-6.674453258514404297e+00 -5.506092548370361328e+00 1.934058070182800293e+00
-6.682851791381835938e+00 -5.503226757049560547e+00 1.601379871368408203e+00
-6.682269096374511719e+00 -5.494923114776611328e+00 1.275986313819885254e+00
-6.671979904174804688e+00 -5.480608940124511719e+00 9.547690153121948242e-01
-6.697239398956298828e+00 -5.495487689971923828e+00 6.407564282417297363e-01
-6.683547019958496094e+00 -5.478399276733398438e+00 3.244364261627197266e-01
-6.442561626434326172e+00 -4.541518211364746094e+00 1.596071422100067139e-01
-5.566057682037353516e+00 -4.232672214508056641e+00 7.444963604211807251e-02
-5.087247371673583984e+00 -4.166968822479248047e+00 8.034097962081432343e-03
-6.675237655639648438e+00 -5.447950839996337891e+00 2.265241384506225586e+00
-6.709625244140625000e+00 -5.466267585754394531e+00 1.934494256973266602e+00
-6.733276367187500000e+00 -5.475766658782958984e+00 1.605381369590759277e+00
-6.731218338012695312e+00 -5.466290473937988281e+00 1.278904438018798828e+00
-6.710886001586914062e+00 -5.443950653076171875e+00 9.555383324623107910e-01
-6.744780540466308594e+00 -5.465592861175537109e+00 6.420841813087463379e-01
-6.681306838989257812e+00 -5.408364295959472656e+00 3.227106928825378418e-01
-6.508878707885742188e+00 -4.528739452362060547e+00 1.605586260557174683e-01
-5.612714767456054688e+00 -4.214049816131591797e+00 7.472644001245498657e-02
-5.155481338500976562e+00 -4.170265674591064453e+00 8.101293817162513733e-03
-6.710046291351318359e+00 -5.408103466033935547e+00 2.265749931335449219e+00
-6.758247375488281250e+00 -5.437230587005615234e+00 1.938857197761535645e+00
-6.788215160369873047e+00 -5.451589107513427734e+00 1.610474348068237305e+00
-6.780839443206787109e+00 -5.437882900238037109e+00 1.281968474388122559e+00
-6.769762039184570312e+00 -5.423177719116210938e+00 9.591652750968933105e-01
-6.782082080841064453e+00 -5.427219867706298828e+00 6.424528956413269043e-01
-6.758858203887939453e+00 -5.402832508087158203e+00 3.248490989208221436e-01
-6.500280857086181641e+00 -4.463813781738281250e+00 1.596678793430328369e-01
-5.640875816345214844e+00 -4.181317806243896484e+00 7.475837320089340210e-02
-5.179409503936767578e+00 -4.137305259704589844e+00 8.098849095404148102e-03
-6.761264801025390625e+00 -5.381284236907958984e+00 2.271852254867553711e+00
-6.801415443420410156e+00 -5.403552055358886719e+00 1.941692948341369629e+00
-6.826930999755859375e+00 -5.414112091064453125e+00 1.611747622489929199e+00
-6.844325542449951172e+00 -5.420127391815185547e+00 1.287659049034118652e+00
-6.819280624389648438e+00 -5.394486904144287109e+00 9.614733457565307617e-01
-6.826210021972656250e+00 -5.394159793853759766e+00 6.434855461120605469e-01
-6.815412998199462891e+00 -5.379833698272705078e+00 3.259745538234710693e-01
-6.530030727386474609e+00 -4.425527572631835938e+00 1.597286015748977661e-01
-5.650286674499511719e+00 -4.134817123413085938e+00 7.454545050859451294e-02
-5.199202060699462891e+00 -4.101111888885498047e+00 8.090297691524028778e-03
-6.809364795684814453e+00 -5.351649284362792969e+00 2.276937723159790039e+00
-6.852871417999267578e+00 -5.376174926757812500e+00 1.946928501129150391e+00
-6.848410606384277344e+00 -5.363027095794677734e+00 1.609019398689270020e+00
-6.820508480072021484e+00 -4.561570167541503906e+00 1.661460995674133301e-01
-5.703110218048095703e+00 -4.119978427886962891e+00 7.490742206573486328e-02
-5.251880645751953125e+00 -4.090640068054199219e+00 8.133058436214923859e-03
-6.861938953399658203e+00 -5.325183391571044922e+00 2.283548593521118164e+00
-6.880912780761718750e+00 -4.541111469268798828e+00 1.669356226921081543e-01
-5.779573440551757812e+00 -4.121483325958251953e+00 7.557813823223114014e-02
-5.314137458801269531e+00 -4.086991310119628906e+00 8.190480060875415802e-03
-6.912908077239990234e+00 -5.297096252441406250e+00 2.289650678634643555e+00
-6.839107990264892578e+00 -4.453522682189941406e+00 1.652553379535675049e-01
-5.803936004638671875e+00 -4.085367679595947266e+00 7.556749135255813599e-02
-5.033294200897216797e+00 -3.822079420089721680e+00 7.721334695816040039e-03
-7.065658092498779297e+00 -4.539555549621582031e+00 1.700532734394073486e-01
-5.852708816528320312e+00 -4.066223621368408203e+00 7.587623596191406250e-02
-5.384693622589111328e+00 -4.037066936492919922e+00 8.222244679927825928e-03
-7.282536029815673828e+00 -4.616012573242187500e+00 1.745880246162414551e-01
-5.902289390563964844e+00 -4.047200679779052734e+00 7.619562745094299316e-02
-5.460804462432861328e+00 -4.042027473449707031e+00 8.300434798002243042e-03
-5.957652568817138672e+00 -4.031643867492675781e+00 7.658953964710235596e-02
-5.497614383697509766e+00 -4.017294406890869141e+00 8.318761363625526428e-03
-5.990593910217285156e+00 -4.000566005706787109e+00 7.669600099325180054e-02
-5.467822551727294922e+00 -3.944288730621337891e+00 8.236904628574848175e-03
-6.024212360382080078e+00 -3.969785213470458984e+00 7.681310921907424927e-02
-5.459338188171386719e+00 -3.887462854385375977e+00 8.188035339117050171e-03
-6.063546657562255859e+00 -3.942558050155639648e+00 7.700474560260772705e-02
-5.562446594238281250e+00 -3.909670352935791016e+00 8.306543342769145966e-03
-6.145697593688964844e+00 -3.942533493041992188e+00 7.773934304714202881e-02
-5.628234863281250000e+00 -3.904536485671997070e+00 8.368852548301219940e-03
-6.190051078796386719e+00 -3.917583942413330078e+00 7.799485325813293457e-02
-5.711495876312255859e+00 -3.910605430603027344e+00 8.456816896796226501e-03
-1.213575363159179688e+01 -6.980482101440429688e+00 2.834828495979309082e-01
-6.242811203002929688e+00 -3.897533655166625977e+00 7.835682481527328491e-02
-5.749468803405761719e+00 -3.885004520416259766e+00 8.477585390210151672e-03
-6.301517963409423828e+00 -3.880653142929077148e+00 7.879332453012466431e-02
-5.794830322265625000e+00 -3.864077806472778320e+00 8.509350940585136414e-03
-6.342303752899169922e+00 -3.852296829223632812e+00 7.900625467300415039e-02
-5.807570934295654297e+00 -3.821302890777587891e+00 8.493468165397644043e-03
-2.950037002563476562e+00 -1.489060282707214355e+00 9.807661175727844238e-02
-1.245658779144287109e+01 -6.863026618957519531e+00 2.879770994186401367e-01
-6.394987106323242188e+00 -3.830779790878295898e+00 7.936822623014450073e-02
-5.746196269989013672e+00 -3.730598688125610352e+00 8.370073512196540833e-03
-2.940321445465087891e+00 -1.461587667465209961e+00 9.745361655950546265e-02
-1.270054817199707031e+01 -6.896193981170654297e+00 2.926333546638488770e-01
-6.509632110595703125e+00 -3.845378160476684570e+00 8.049673587083816528e-02
-5.952548027038574219e+00 -3.812854528427124023e+00 8.636411279439926147e-03
-2.913322687149047852e+00 -1.425941586494445801e+00 9.626696258783340454e-02
-1.251606845855712891e+01 -6.696913242340087891e+00 2.874305248260498047e-01
-6.616053581237792969e+00 -3.853679418563842773e+00 8.151878416538238525e-02
-5.971604347229003906e+00 -3.773587465286254883e+00 8.630301803350448608e-03
-2.939126253128051758e+00 -1.416283249855041504e+00 9.683062881231307983e-02
-7.046256542205810547e+00 -4.046562671661376953e+00 8.651189506053924561e-02
-6.009073257446289062e+00 -3.745868444442749023e+00 8.651072159409523010e-03
-2.957695245742797852e+00 -1.402934551239013672e+00 9.715694934129714966e-02
-1.273128318786621094e+01 -6.612402439117431641e+00 2.904874384403228760e-01
-6.735939502716064453e+00 -3.813582181930541992e+00 8.241306990385055542e-02
-5.952722072601318359e+00 -3.660214900970458984e+00 8.537450805306434631e-03
-1.270842170715332031e+01 -6.501828670501708984e+00 2.890500724315643311e-01
-8.676694869995117188e+00 -4.842287540435791016e+00 1.057923585176467896e-01
-6.102470874786376953e+00 -3.700884819030761719e+00 8.719488978385925293e-03
-2.916040182113647461e+00 -1.469386339187622070e+00 6.611833721399307251e-02
-8.815761566162109375e+00 -4.849198341369628906e+00 1.071231439709663391e-01
-6.234915256500244141e+00 -3.729072332382202148e+00 8.875870145857334137e-03
-2.925001144409179688e+00 -1.451466202735900879e+00 6.611833721399307251e-02
-8.836558341979980469e+00 -4.790249347686767578e+00 1.070166826248168945e-01
-6.133645534515380859e+00 -3.617590904235839844e+00 8.699940517544746399e-03
-2.915885925292968750e+00 -1.424713015556335449e+00 6.571344286203384399e-02
-8.901946067810058594e+00 -4.755256175994873047e+00 1.074531823396682739e-01
-5.823779582977294922e+00 -3.386842250823974609e+00 8.230797015130519867e-03
-2.937186717987060547e+00 -1.412862300872802734e+00 6.599687039852142334e-02
-9.050414085388183594e+00 -4.763417720794677734e+00 1.088904365897178650e-01
-5.860065937042236328e+00 -3.359997510910034180e+00 8.252787403762340546e-03
-2.914173841476440430e+00 -1.379838466644287109e+00 6.528831273317337036e-02
-9.140723228454589844e+00 -4.739555835723876953e+00 1.096250340342521667e-01
-5.885795593261718750e+00 -3.326930046081542969e+00 8.260117843747138977e-03
-2.902188062667846680e+00 -1.482289433479309082e+00 3.469631448388099670e-02
-5.921822547912597656e+00 -3.299514055252075195e+00 8.282109163701534271e-03
-2.916588306427001953e+00 -1.467150211334228516e+00 3.476019576191902161e-02
-6.465241432189941406e+00 -3.550486326217651367e+00 9.011481888592243195e-03
-2.944090843200683594e+00 -1.460338711738586426e+00 1.544066518545150757e-01
-2.921055555343627930e+00 -1.447007536888122559e+00 3.470696508884429932e-02
-6.519445419311523438e+00 -3.528360366821289062e+00 9.056686423718929291e-03
-2.955688476562500000e+00 -1.443561792373657227e+00 1.545474529266357422e-01
-2.912803411483764648e+00 -1.420728087425231934e+00 3.450468555092811584e-02
-6.491559505462646484e+00 -3.461939573287963867e+00 8.988269604742527008e-03
-1.496240329742431641e+01 -5.911766052246093750e+00 4.741047382354736328e+00
-2.955487966537475586e+00 -1.421070218086242676e+00 1.540781259536743164e-01
-2.931381225585937500e+00 -1.407589912414550781e+00 3.462179377675056458e-02
-6.690612316131591797e+00 -3.515536546707153320e+00 9.233837015926837921e-03
-1.499928951263427734e+01 -5.820194244384765625e+00 4.741329669952392578e+00
-2.924594163894653320e+00 -1.382312774658203125e+00 3.444080427289009094e-02
-6.724490165710449219e+00 -3.480853319168090820e+00 9.250941686332225800e-03
-1.329138660430908203e+01 -5.608010292053222656e+00 2.921069860458374023e-01
-9.429185867309570312e+00 -4.386137485504150391e+00 1.107216030359268188e-01
-2.914949893951416016e+00 -1.486282587051391602e+00 3.997500985860824585e-03
-2.971446275711059570e+00 -1.493486881256103516e+00 1.248524934053421021e-01
-1.310574817657470703e+01 -5.435195446014404297e+00 2.872888147830963135e-01
-9.469560623168945312e+00 -4.334441184997558594e+00 1.108812987804412842e-01
-2.911503553390502930e+00 -1.462086081504821777e+00 3.980397246778011322e-03
-2.957268714904785156e+00 -1.463701128959655762e+00 1.238770857453346252e-01
-1.295923423767089844e+01 -5.281476020812988281e+00 2.833613753318786621e-01
-9.705681800842285156e+00 -4.370689868927001953e+00 1.133299469947814941e-01
-2.928487539291381836e+00 -1.448183417320251465e+00 3.991392906755208969e-03
-2.961702585220336914e+00 -1.443339347839355469e+00 1.236895099282264709e-01
-9.778030395507812500e+00 -4.331304073333740234e+00 1.138622611761093140e-01
-2.953501701354980469e+00 -1.438067078590393066e+00 4.013383761048316956e-03
-2.963295459747314453e+00 -1.421681523323059082e+00 1.233893856406211853e-01
-9.757669448852539062e+00 -4.250857830047607422e+00 1.133192926645278931e-01
-2.934315681457519531e+00 -1.406518220901489258e+00 3.975510131567716599e-03
-9.896625518798828125e+00 -4.239335060119628906e+00 1.146287918090820312e-01
-2.922089576721191406e+00 -1.378672957420349121e+00 3.947410266846418381e-03
-1.025882148742675781e+01 -4.320182800292968750e+00 1.185147017240524292e-01
-7.319432735443115234e+00 -3.398635149002075195e+00 9.859363548457622528e-03
-1.032116889953613281e+01 -4.272068977355957031e+00 1.189299076795578003e-01
-7.364706039428710938e+00 -3.364880084991455078e+00 9.892349131405353546e-03
-1.035367202758789062e+01 -4.211296081542968750e+00 1.190044283866882324e-01
-7.733633041381835938e+00 -3.476241111755371094e+00 1.035905070602893829e-02
-1.044153022766113281e+01 -4.172549247741699219e+00 1.197177320718765259e-01
-7.847191810607910156e+00 -3.469565391540527344e+00 1.048244629055261612e-02
-1.051719951629638672e+01 -4.128131389617919922e+00 1.202926337718963623e-01
-7.754617691040039062e+00 -3.371904373168945312e+00 1.033095084130764008e-02
-1.039957714080810547e+01 -4.008497238159179688e+00 1.186637505888938904e-01
-7.999516010284423828e+00 -3.420181989669799805e+00 1.062905322760343552e-02
-1.048289585113525391e+01 -3.966907024383544922e+00 1.193344667553901672e-01
-8.020351409912109375e+00 -3.371033430099487305e+00 1.062905322760343552e-02
-1.062139797210693359e+01 -3.944985866546630859e+00 1.206333115696907043e-01
-8.111125946044921875e+00 -3.350775480270385742e+00 1.072190422564744949e-02
-1.085303306579589844e+01 -3.955410718917846680e+00 1.229861527681350708e-01
-8.159331321716308594e+00 -3.312227725982666016e+00 1.075855642557144165e-02
-1.127821063995361328e+01 -4.032147407531738281e+00 1.275214701890945435e-01
-7.891555309295654297e+00 -3.147263765335083008e+00 1.037982013076543808e-02
-1.129896450042724609e+01 -3.961546182632446289e+00 1.274788975715637207e-01
-8.117424964904785156e+00 -3.179754018783569336e+00 1.065104454755783081e-02
-1.110177993774414062e+01 -3.816080808639526367e+00 1.249876543879508972e-01
-8.208648681640625000e+00 -3.157530546188354492e+00 1.074511650949716568e-02
-1.125101852416992188e+01 -3.790348768234252930e+00 1.264036148786544800e-01
-8.428069114685058594e+00 -3.182706117630004883e+00 1.100656762719154358e-02
-1.131679344177246094e+01 -3.735346317291259766e+00 1.268826872110366821e-01
-8.453064918518066406e+00 -3.133017539978027344e+00 1.101389806717634201e-02
-1.187802696228027344e+01 -3.839932441711425781e+00 1.329085081815719604e-01
-8.382850646972656250e+00 -3.048622846603393555e+00 1.089783292263746262e-02
-1.194998455047607422e+01 -3.782366991043090820e+00 1.334514766931533813e-01
-8.393864631652832031e+00 -2.994441509246826172e+00 1.088806055486202240e-02
-1.175327968597412109e+01 -3.640917539596557617e+00 1.310028135776519775e-01
-8.528180122375488281e+00 -2.983497858047485352e+00 1.103833317756652832e-02
-1.219359111785888672e+01 -3.695472240447998047e+00 1.356552541255950928e-01
-8.798884391784667969e+00 -3.017733097076416016e+00 1.136453449726104736e-02
-1.212975120544433594e+01 -3.595010995864868164e+00 1.346970796585083008e-01
-8.615335464477539062e+00 -2.895824193954467773e+00 1.110430620610713959e-02
-1.241762542724609375e+01 -3.597594022750854492e+00 1.376461237668991089e-01
-8.628192901611328125e+00 -2.841342926025390625e+00 1.109819766134023666e-02
-1.243273162841796875e+01 -3.519426822662353516e+00 1.375715881586074829e-01
-8.730168342590332031e+00 -2.815666437149047852e+00 1.120693143457174301e-02
-1.269118404388427734e+01 -3.508621454238891602e+00 1.401905715465545654e-01
-8.775887489318847656e+00 -2.771079301834106445e+00 1.124358270317316055e-02
-1.276267528533935547e+01 -3.444231271743774414e+00 1.407441794872283936e-01
-8.755464553833007812e+00 -2.705664634704589844e+00 1.119593624025583267e-02
-1.493736743927001953e+01 -2.811898708343505859e+00 4.479289054870605469e+00
-1.238516998291015625e+01 -3.260959625244140625e+00 1.363579034805297852e-01
-8.772857666015625000e+00 -2.652180433273315430e+00 1.119715720415115356e-02
-1.494207096099853516e+01 -2.717960357666015625e+00 4.475614070892333984e+00
-1.239235496520996094e+01 -3.181671857833862305e+00 1.362195163965225220e-01
-8.977884292602539062e+00 -2.654151439666748047e+00 1.143783889710903168e-02
-1.258043003082275391e+01 -3.147806644439697266e+00 1.380719691514968872e-01
-9.270680427551269531e+00 -2.678966760635375977e+00 1.178969722241163254e-02
-1.354575824737548828e+01 -3.301160812377929688e+00 1.484414786100387573e-01
-9.281168937683105469e+00 -2.620402097702026367e+00 1.178236585110425949e-02
-1.358910942077636719e+01 -3.223522424697875977e+00 1.486969888210296631e-01
-9.464814186096191406e+00 -2.609654664993286133e+00 1.199494767934083939e-02
-1.379375743865966797e+01 -3.182796716690063477e+00 1.507197767496109009e-01
-9.564658164978027344e+00 -2.574140310287475586e+00 1.210123859345912933e-02
-1.465416812896728516e+01 -2.203564405441284180e+00 4.367066383361816406e+00
-1.494516849517822266e+01 -2.827042818069458008e+00 4.309788227081298828e+00
-1.490872287750244141e+01 -2.228539228439331055e+00 4.473966360092163086e-01
-1.376912021636962891e+01 -3.088252067565917969e+00 1.502406895160675049e-01
-8.921598434448242188e+00 -2.342462062835693359e+00 1.126923877745866776e-02
-1.494803714752197266e+01 -2.732692241668701172e+00 4.305698871612548828e+00
-1.497799110412597656e+01 -2.147688865661621094e+00 9.970549345016479492e-01
-1.488946437835693359e+01 -2.132342815399169922e+00 4.464176595211029053e-01
-1.469108963012695312e+01 -2.648638725280761719e+00 3.022696971893310547e-01
-1.386206531524658203e+01 -3.019884586334228516e+00 1.510498225688934326e-01
-9.575182914733886719e+00 -2.451364994049072266e+00 1.207558158785104752e-02
-1.496736526489257812e+01 -2.641422986984252930e+00 4.306517124176025391e+00
-1.495727634429931641e+01 -2.051136016845703125e+00 9.948194026947021484e-01
-1.489929771423339844e+01 -2.040535926818847656e+00 4.463286697864532471e-01
-1.471790027618408203e+01 -2.560330867767333984e+00 3.024923801422119141e-01
-1.368956279754638672e+01 -2.894436359405517578e+00 1.489737927913665771e-01
-9.223285675048828125e+00 -2.301066160202026367e+00 1.161376759409904480e-02
-1.496803188323974609e+01 -1.956461548805236816e+00 4.480196535587310791e-01
-1.466431045532226562e+01 -2.458404064178466797e+00 3.010752797126770020e-01
-1.388730525970458984e+01 -2.847339153289794922e+00 1.509327143430709839e-01
-9.437407493591308594e+00 -2.293067932128906250e+00 1.186544448137283325e-02
-1.451922035217285156e+01 -2.342580795288085938e+00 2.977956831455230713e-01
-1.391824531555175781e+01 -2.764802217483520508e+00 1.510817557573318481e-01
-9.770495414733886719e+00 -2.310603857040405273e+00 1.226617209613323212e-02
-1.451059627532958984e+01 -2.249924898147583008e+00 2.973300516605377197e-01
-1.366294574737548828e+01 -2.627050161361694336e+00 1.481327265501022339e-01
-9.748430252075195312e+00 -2.242315530776977539e+00 1.222096756100654602e-02
-1.469948291778564453e+01 -2.223661899566650391e+00 4.212464332580566406e+00
-1.453302955627441406e+01 -2.162171363830566406e+00 2.975122630596160889e-01
-1.365717887878417969e+01 -2.539145231246948242e+00 1.478985100984573364e-01
-9.836174011230468750e+00 -2.199039697647094727e+00 1.231381855905056000e-02
-1.497685623168945312e+01 -2.139690160751342773e+00 8.537849187850952148e-01
-1.455790042877197266e+01 -2.074650526046752930e+00 2.977551817893981934e-01
-1.365675449371337891e+01 -2.452470779418945312e+00 1.477281600236892700e-01
-1.005567741394042969e+01 -2.183416604995727539e+00 1.257160492241382599e-02
-1.499764633178710938e+01 -2.652334213256835938e+00 4.155132293701171875e+00
-1.498277854919433594e+01 -2.046807765960693359e+00 8.533905148506164551e-01
-1.468328857421875000e+01 -2.000673532485961914e+00 3.000630438327789307e-01
-1.357006359100341797e+01 -2.351046323776245117e+00 1.466315984725952148e-01
-1.014325141906738281e+01 -2.137345075607299805e+00 1.266445498913526535e-02
-1.476568126678466797e+01 -1.919692635536193848e+00 3.015004098415374756e-01
-1.356154918670654297e+01 -2.263950586318969727e+00 1.463867425918579102e-01
-1.024533367156982422e+01 -2.093283414840698242e+00 1.277563348412513733e-02
-1.450630569458007812e+01 -1.795528054237365723e+00 2.959736883640289307e-01
-1.355247688293457031e+01 -2.177048206329345703e+00 1.461418569087982178e-01
-1.021187973022460938e+01 -2.021254301071166992e+00 1.271821185946464539e-02
-1.453194332122802734e+01 -1.708235979080200195e+00 2.962773144245147705e-01
-1.355569839477539062e+01 -2.092325448989868164e+00 1.460354030132293701e-01
-1.030855369567871094e+01 -1.974737286567687988e+00 1.282327994704246521e-02
-1.497809886932373047e+01 -2.271324872970581055e+00 4.133023738861083984e+00
-1.494421672821044922e+01 -2.220847129821777344e+00 7.098482251167297363e-01
-1.459580993652343750e+01 -1.625011444091796875e+00 2.973705530166625977e-01
-1.345254993438720703e+01 -1.991973042488098145e+00 1.447897851467132568e-01
-1.023886394500732422e+01 -1.896332740783691406e+00 1.272187661379575729e-02
-1.495261764526367188e+01 -2.128405332565307617e+00 7.096135616302490234e-01
-1.457667064666748047e+01 -1.532391309738159180e+00 2.967834472656250000e-01
-1.346154975891113281e+01 -1.908971071243286133e+00 1.447578519582748413e-01
-1.068933868408203125e+01 -1.912002205848693848e+00 1.326676830649375916e-02
-1.496143627166748047e+01 -2.036079168319702148e+00 7.094258666038513184e-01
-1.475991344451904297e+01 -1.460146188735961914e+00 3.003262281417846680e-01
-1.343733692169189453e+01 -1.821501135826110840e+00 1.443745791912078857e-01
-1.034709739685058594e+01 -1.785336256027221680e+00 1.282816752791404724e-02
-1.479945564270019531e+01 -1.372415542602539062e+00 3.009538054466247559e-01
-1.340561771392822266e+01 -1.733502626419067383e+00 1.439167857170104980e-01
-1.076230716705322266e+01 -1.789046764373779297e+00 1.332907751202583313e-02
-1.466412067413330078e+01 -2.410951614379882812e+00 3.907026529312133789e+00
-1.483050727844238281e+01 -1.283564686775207520e+00 3.014194369316101074e-01
-1.342691898345947266e+01 -1.652558326721191406e+00 1.440338939428329468e-01
-1.094884777069091797e+01 -1.751087665557861328e+00 1.354654412716627121e-02
-1.489070701599121094e+01 -2.354460239410400391e+00 3.963473081588745117e+00
-1.495701026916503906e+01 -2.303440093994140625e+00 5.681388974189758301e-01
-1.347156810760498047e+01 -1.574203252792358398e+00 1.444065272808074951e-01
-1.096235084533691406e+01 -1.684329390525817871e+00 1.355020981281995773e-02
-1.491945648193359375e+01 -2.204028367996215820e+00 5.661880970001220703e-01
-1.353861808776855469e+01 -1.497891426086425781e+00 1.450240015983581543e-01
-1.097445774078369141e+01 -1.617325544357299805e+00 1.355265360325574875e-02
-1.496633148193359375e+01 -2.178516626358032227e+00 3.976186275482177734e+00
-1.495176315307617188e+01 -2.123125553131103516e+00 1.116953492164611816e+00
-1.487630081176757812e+01 -2.104464292526245117e+00 5.640496611595153809e-01
-1.479476451873779297e+01 -1.006498098373413086e+00 3.002654910087585449e-01
-1.361916065216064453e+01 -1.422269701957702637e+00 1.457905322313308716e-01
-1.125944805145263672e+01 -1.588800311088562012e+00 1.389229390770196915e-02
-1.496747398376464844e+01 -2.031745672225952148e+00 1.117174744606018066e+00
-1.492062187194824219e+01 -2.017430067062377930e+00 5.652501583099365234e-01
-1.479966354370117188e+01 -9.156383872032165527e-01 3.002452552318572998e-01
-1.371620082855224609e+01 -1.347377777099609375e+00 1.467380672693252563e-01
-1.132448291778564453e+01 -1.527168035507202148e+00 1.396071165800094604e-02
-1.491140842437744141e+01 -1.983978152275085449e+00 3.954828262329101562e+00
-1.496542644500732422e+01 -1.930058956146240234e+00 5.664882063865661621e-01
-1.375109386444091797e+01 -1.265665769577026367e+00 1.470255106687545776e-01
-1.121065330505371094e+01 -1.441835761070251465e+00 1.380921714007854462e-02
-1.384527683258056641e+01 -1.188708543777465820e+00 1.479517370462417603e-01
-1.123715496063232422e+01 -1.375207781791687012e+00 1.383120752871036530e-02
-1.389517211914062500e+01 -1.107148408889770508e+00 1.484095305204391479e-01
-1.154238510131835938e+01 -1.340731143951416016e+00 1.419650577008724213e-02
-1.388076210021972656e+01 -1.020328998565673828e+00 1.481859534978866577e-01
-1.152256202697753906e+01 -1.266823172569274902e+00 1.416229736059904099e-02
-1.379297924041748047e+01 -9.288236498832702637e-01 1.471852064132690430e-01
-1.182155418395996094e+01 -1.226330876350402832e+00 1.452026329934597015e-02
-1.382536602020263672e+01 -8.458226919174194336e-01 1.474726498126983643e-01
-1.199108600616455078e+01 -1.169595718383789062e+00 1.471940521150827408e-02
-1.372346401214599609e+01 -7.550977468490600586e-01 1.463335007429122925e-01
-1.158774566650390625e+01 -1.058518528938293457e+00 1.421605329960584641e-02
-1.370586585998535156e+01 -6.698041558265686035e-01 1.460992842912673950e-01
-1.201250743865966797e+01 -1.023037552833557129e+00 1.472917944192886353e-02
-1.385158061981201172e+01 -5.917544364929199219e-01 1.476110517978668213e-01
-1.202553653717041016e+01 -9.498620629310607910e-01 1.473773177713155746e-02
-8.016358375549316406e+00 2.862850427627563477e-01 2.380716204643249512e-01
-1.391290855407714844e+01 -5.088714361190795898e-01 1.482285410165786743e-01
-1.219171333312988281e+01 -8.877493143081665039e-01 1.493443083018064499e-02
-1.413265609741210938e+01 -4.300943315029144287e-01 1.505387872457504272e-01
-1.215901470184326172e+01 -8.103985190391540527e-01 1.488800533115863800e-02
-1.430796813964843750e+01 -3.475709557533264160e-01 1.523806005716323853e-01
-1.183436107635498047e+01 -7.158519625663757324e-01 1.448483392596244812e-02
-1.455477714538574219e+01 -2.642189562320709229e-01 1.549889445304870605e-01
-1.207118701934814453e+01 -6.558651328086853027e-01 1.476949732750654221e-02
-1.458812141418457031e+01 -1.752920150756835938e-01 1.553296297788619995e-01
-1.263233661651611328e+01 -6.086392402648925781e-01 1.545122172683477402e-02
-8.004694938659667969e+00 2.422057986259460449e-01 1.621579378843307495e-01
-1.493089675903320312e+01 -8.778838068246841431e-02 1.589706689119338989e-01
-1.203636360168457031e+01 -5.059199333190917969e-01 1.471818424761295319e-02
-8.006055831909179688e+00 2.914262413978576660e-01 1.622186750173568726e-01
-1.499915027618408203e+01 3.844960825517773628e-03 1.596946269273757935e-01
-1.254591464996337891e+01 -4.502398371696472168e-01 1.533760130405426025e-02
-1.255343914031982422e+01 -3.733997344970703125e-01 1.534371078014373779e-02
-1.256649112701416016e+01 -2.966258227825164795e-01 1.535714883357286453e-02
-1.259707069396972656e+01 -2.200201302766799927e-01 1.539257913827896118e-02
-1.258718299865722656e+01 -1.425972133874893188e-01 1.537914015352725983e-02
-7.982726573944091797e+00 2.470321208238601685e-01 8.503206074237823486e-02
-1.261082172393798828e+01 -6.548044830560684204e-02 1.540724001824855804e-02
-7.986056804656982422e+00 2.961938679218292236e-01 8.508529514074325562e-02
-1.274698543548583984e+01 1.202765945345163345e-02 1.557339541614055634e-02
-1.150370407104492188e+01 8.144173771142959595e-02 1.405478455126285553e-02
-1.290086460113525391e+01 1.705002039670944214e-01 1.576276309788227081e-02
-1.285858345031738281e+01 2.488618642091751099e-01 1.571267284452915192e-02
-1.323968887329101562e+01 3.375165164470672607e-01 1.618059538304805756e-02
-7.985999584197998047e+00 2.526269555091857910e-01 9.761624038219451904e-03
-7.991293907165527344e+00 3.018876314163208008e-01 9.770176373422145844e-03
-1.322324180603027344e+01 5.808076858520507812e-01 1.617082208395004272e-02
-1.302966690063476562e+01 6.524310708045959473e-01 1.593869179487228394e-02
-1.368936920166015625e+01 7.696986794471740723e-01 1.675114221870899200e-02
-1.286498165130615234e+01 8.025630712509155273e-01 1.574810221791267395e-02
-1.335664939880371094e+01 9.155418872833251953e-01 1.635652408003807068e-02
-1.344252395629882812e+01 1.004333972930908203e+00 1.646892353892326355e-02
-1.376702690124511719e+01 1.113563656806945801e+00 1.687453687191009521e-02
-1.413850307464599609e+01 1.230975747108459473e+00 1.733879558742046356e-02
-1.393652629852294922e+01 1.299599409103393555e+00 1.710055768489837646e-02
-1.374618911743164062e+01 1.366979002952575684e+00 1.687698252499103546e-02
-1.429543685913085938e+01 1.510236859321594238e+00 1.756237260997295380e-02
-1.445683574676513672e+01 1.617043137550354004e+00 1.777251064777374268e-02
-1.431058597564697266e+01 1.689654111862182617e+00 1.760513335466384888e-02
-1.450933742523193359e+01 1.803456544876098633e+00 1.786291785538196564e-02
-1.455451965332031250e+01 1.899827957153320312e+00 1.793255656957626343e-02
-1.117352867126464844e+01 4.001183509826660156e+00 1.263610273599624634e-01
-1.116285705566406250e+01 4.074810981750488281e+00 1.265207231044769287e-01
-1.118363666534423828e+01 4.013476848602294922e+00 1.451659947633743286e-02
-1.117006969451904297e+01 4.086145401000976562e+00 1.453126035630702972e-02
-3.507914304733276367e+00 3.216030597686767578e+00 9.636352211236953735e-02
-3.490313291549682617e+00 3.239534616470336914e+00 9.642425179481506348e-02
-3.413538932800292969e+00 3.207489013671875000e+00 9.484519064426422119e-02
-6.819703578948974609e+00 6.033365249633789062e+00 9.694528579711914062e-02
-3.540843486785888672e+00 3.250701427459716797e+00 5.117680132389068604e-02
-3.494463205337524414e+00 3.247859477996826172e+00 5.079353600740432739e-02
-3.481023073196411133e+00 3.275406837463378906e+00 5.088935047388076782e-02
-6.785247802734375000e+00 6.011199951171875000e+00 1.107498444616794586e-02
-3.455825090408325195e+00 3.216377258300781250e+00 5.767788272351026535e-03
-5.165289044380187988e-01 1.950889945030212402e+00 5.989614874124526978e-02
-5.042988657951354980e-01 1.953054785728454590e+00 5.986648425459861755e-02
-4.918177127838134766e-01 1.954173684120178223e+00 5.980714783072471619e-02
-4.767238199710845947e-01 1.944534063339233398e+00 5.942148715257644653e-02
-4.666397869586944580e-01 1.955200672149658203e+00 5.965882167220115662e-02
-4.473997354507446289e-01 1.926869988441467285e+00 5.870949849486351013e-02
-5.125018358230590820e-01 1.941070318222045898e+00 4.065082967281341553e-02
-4.985876083374023438e-01 1.936432600021362305e+00 4.048887267708778381e-02
-4.891299605369567871e-01 1.949152708053588867e+00 4.069131612777709961e-02
-4.762114286422729492e-01 1.948232412338256836e+00 4.061033949255943298e-02
-4.573054313659667969e-01 1.921938538551330566e+00 4.000300914049148560e-02
-4.414457976818084717e-01 1.907175540924072266e+00 3.963860869407653809e-02
-4.998150467872619629e-01 1.942515969276428223e+00 9.423968195915222168e-02
-4.903162717819213867e-01 1.955235242843627930e+00 9.470900893211364746e-02
-4.747546017169952393e-01 1.943651199340820312e+00 9.400501847267150879e-02
-4.749428629875183105e-01 1.948848247528076172e+00 2.135649323463439941e-02
-4.609711766242980957e-01 1.938753366470336914e+00 9.362956881523132324e-02
-4.262795150279998779e-01 1.797027707099914551e+00 1.966373063623905182e-02
-5.168632864952087402e-01 1.965753316879272461e+00 7.630708813667297363e-02
-5.005729198455810547e-01 1.952432036399841309e+00 7.566931843757629395e-02
-4.900369644165039062e-01 1.961283445358276367e+00 7.589440792798995972e-02
-4.772846996784210205e-01 1.961340427398681641e+00 7.578185945749282837e-02
-4.646579027175903320e-01 1.912357568740844727e+00 2.404364990070462227e-03
-4.627076685428619385e-01 1.953535914421081543e+00 7.536919414997100830e-02
-4.492329061031341553e-01 1.899602174758911133e+00 2.384817460551857948e-03
-4.484688341617584229e-01 1.946600317955017090e+00 7.499403506517410278e-02
-4.427244961261749268e-01 1.924737572669982910e+00 2.412917325273156166e-03
-4.254516661167144775e-01 1.903020024299621582e+00 2.382373902946710587e-03
-5.859289318323135376e-02 6.824505925178527832e-01 7.292720954865217209e-03
-7.313309470191597939e-04 7.575532197952270508e-01 9.100335091352462769e-02
