-1.149112358689308167e-02 -6.853154897689819336e-01 7.022595405578613281e-02
-1.245551742613315582e-02 -7.207854390144348145e-01 6.700213253498077393e-02
-4.464716464281082153e-02 -7.467502355575561523e-01 7.664719223976135254e-02
-3.011360578238964081e-02 -7.108895778656005859e-01 5.937343835830688477e-02
-6.237260252237319946e-02 -6.842018961906433105e-01 6.385562568902969360e-02
-5.654307827353477478e-02 -7.638667821884155273e-01 8.155072107911109924e-03
-3.578070178627967834e-02 -7.196034193038940430e-01 2.704887278378009796e-02
-7.908150553703308105e-02 -7.148456573486328125e-01 3.379112109541893005e-02
-1.153787896037101746e-01 -7.206610441207885742e-01 4.118767008185386658e-02
-1.136103644967079163e-01 -7.018639445304870605e-01 8.686502114869654179e-04
-5.840990543365478516e-01 -1.638219833374023438e+00 5.161926895380020142e-02
-5.802243351936340332e-01 -1.597188353538513184e+00 1.119747161865234375e-01
-5.835547447204589844e-01 -1.605482697486877441e+00 5.069961398839950562e-02
-5.997143387794494629e-01 -1.619799375534057617e+00 1.138157546520233154e-01
-5.958253145217895508e-01 -1.608433008193969727e+00 5.090727657079696655e-02
-6.177423596382141113e-01 -1.637562274932861328e+00 1.153280362486839294e-01
-5.996829271316528320e-01 -1.588849067687988281e+00 5.040295049548149109e-02
-6.288523674011230469e-01 -1.636535406112670898e+00 1.155252903699874878e-01
-6.069097518920898438e-01 -1.578608632087707520e+00 5.019528418779373169e-02
-6.377912163734436035e-01 -1.629858255386352539e+00 1.153280362486839294e-01
-6.202285885810852051e-01 -1.584162592887878418e+00 5.049194768071174622e-02
-6.488878130912780762e-01 -1.628695130348205566e+00 1.155252903699874878e-01
-5.833099484443664551e-01 -1.634259462356567383e+00 9.792636334896087646e-02
-6.180934309959411621e-01 -1.550614833831787109e+00 4.954262822866439819e-02
-5.789705514907836914e-01 -1.620314955711364746e+00 3.484067693352699280e-02
-5.940093994140625000e-01 -1.632526159286499023e+00 9.803905338048934937e-02
-6.366155743598937988e-01 -1.569022417068481445e+00 5.025462061166763306e-02
-5.830845832824707031e-01 -1.600761890411376953e+00 3.449652343988418579e-02
-6.040152311325073242e-01 -1.628850579261779785e+00 9.803905338048934937e-02
-5.883724093437194824e-01 -1.584969162940979004e+00 3.423334285616874695e-02
-6.118810772895812988e-01 -1.619509935379028320e+00 9.770098328590393066e-02
-6.026844382286071777e-01 -1.593486070632934570e+00 3.449652343988418579e-02
-6.275442242622375488e-01 -1.630633711814880371e+00 9.860249608755111694e-02
-6.056215763092041016e-01 -1.572031855583190918e+00 3.411187604069709778e-02
-6.317088603973388672e-01 -1.611879229545593262e+00 9.770098328590393066e-02
-6.189073324203491211e-01 -1.577593564987182617e+00 3.431431949138641357e-02
-5.639226436614990234e-01 -1.605760574340820312e+00 1.812001504004001617e-02
-6.463973522186279297e-01 -1.620028018951416016e+00 9.843346476554870605e-02
-5.797247886657714844e-01 -1.621588349342346191e+00 8.091096580028533936e-02
-6.185629367828369141e-01 -1.548697471618652344e+00 3.376772254705429077e-02
-5.767987966537475586e-01 -1.610742926597595215e+00 1.821583323180675507e-02
-5.989558100700378418e-01 -1.645282506942749023e+00 1.461052149534225464e-01
-5.924000144004821777e-01 -1.625508904457092285e+00 8.128642290830612183e-02
-6.340784430503845215e-01 -1.559691905975341797e+00 3.409163281321525574e-02
-5.863283872604370117e-01 -1.606233954429626465e+00 1.820518635213375092e-02
-6.114662289619445801e-01 -1.648116469383239746e+00 1.466873139142990112e-01
-6.020150184631347656e-01 -1.620906949043273926e+00 8.123948425054550171e-02
-5.919893980026245117e-01 -1.591359853744506836e+00 1.807743124663829803e-02
-6.201579570770263672e-01 -1.640604972839355469e+00 1.463546901941299438e-01
-6.115958690643310547e-01 -1.616248369216918945e+00 8.119256049394607544e-02
-5.914654731750488281e-01 -1.560581326484680176e+00 1.776868663728237152e-02
-6.334354877471923828e-01 -1.645138740539550781e+00 1.471030861139297485e-01
-6.161127090454101562e-01 -1.598484277725219727e+00 8.048857003450393677e-02
-6.096726655960083008e-01 -1.579311132431030273e+00 1.802419871091842651e-02
-5.594366788864135742e-01 -1.621188282966613770e+00 2.095267176628112793e-03
-6.515210270881652832e-01 -1.661631941795349121e+00 1.489325314760208130e-01
-6.182450652122497559e-01 -1.575147271156311035e+00 7.950299978256225586e-02
-5.684088468551635742e-01 -1.616786003112792969e+00 6.433955579996109009e-02
-6.204491853713989258e-01 -1.578332424163818359e+00 1.805613748729228973e-02
-5.743535757064819336e-01 -1.631874322891235352e+00 2.113593276590108871e-03
-5.924363136291503906e-01 -1.655378580093383789e+00 1.300395578145980835e-01
-6.234503984451293945e-01 -1.560193061828613281e+00 7.893981039524078369e-02
-5.759581327438354492e-01 -1.606683135032653809e+00 6.407694518566131592e-02
-6.290073394775390625e-01 -1.571710586547851562e+00 1.802419871091842651e-02
-5.819912552833557129e-01 -1.621730804443359375e+00 2.105041174218058586e-03
-6.018987894058227539e-01 -1.649838447570800781e+00 1.298920363187789917e-01
-5.919792652130126953e-01 -1.620013594627380371e+00 6.475222855806350708e-02
-6.371304392814636230e-01 -1.564117312431335449e+00 1.798161491751670837e-02
-5.871214270591735840e-01 -1.604981422424316406e+00 2.087936969473958015e-03
-6.127057671546936035e-01 -1.647983908653259277e+00 1.300395578145980835e-01
-5.945850014686584473e-01 -1.596684813499450684e+00 6.396439671516418457e-02
-6.413550972938537598e-01 -1.547246217727661133e+00 1.783256605267524719e-02
-6.014993190765380859e-01 -1.613529801368713379e+00 2.103819511830806732e-03
-6.228060722351074219e-01 -1.644193291664123535e+00 1.300395578145980835e-01
-6.001172661781311035e-01 -1.581794738769531250e+00 6.351421028375625610e-02
-6.138737201690673828e-01 -1.616352677345275879e+00 2.112371614202857018e-03
-6.336008906364440918e-01 -1.642201781272888184e+00 1.301870793104171753e-01
-6.159349679946899414e-01 -1.593928694725036621e+00 6.415197253227233887e-02
-6.154820919036865234e-01 -1.591104626655578613e+00 2.084271749481558800e-03
-6.491355299949645996e-01 -1.652206182479858398e+00 1.312934756278991699e-01
-6.246058940887451172e-01 -1.587329864501953125e+00 6.403943151235580444e-02
-6.314636468887329102e-01 -1.603115200996398926e+00 2.105041174218058586e-03
-6.272732019424438477e-01 -1.565842390060424805e+00 6.332662701606750488e-02
-6.446380615234375000e-01 -1.607563853263854980e+00 2.116036834195256233e-03
-6.405081748962402344e-01 -1.569321513175964355e+00 2.070832764729857445e-03
-6.670016646385192871e-01 -1.605996727943420410e+00 2.124588936567306519e-03
-4.097635269165039062e+00 -4.157519817352294922e+00 1.732508689165115356e-01
-4.123068332672119141e+00 -4.132298946380615234e+00 1.732508689165115356e-01
-4.090219974517822266e+00 -4.144295215606689453e+00 1.179036051034927368e-01
-4.114158630371093750e+00 -4.117705345153808594e+00 1.178631186485290527e-01
-4.114283561706542969e+00 -4.214361190795898438e+00 6.270675361156463623e-02
-4.116166591644287109e+00 -4.164855957031250000e+00 6.234477832913398743e-02
-4.125377178192138672e+00 -4.123262882232666016e+00 6.209991127252578735e-02
-4.143484115600585938e+00 -4.090847015380859375e+00 6.199345365166664124e-02
-4.076864242553710938e+00 -4.170294284820556641e+00 7.125130854547023773e-03
-4.120665073394775391e+00 -4.163680553436279297e+00 7.156895473599433899e-03
-4.126317501068115234e+00 -4.118537902832031250e+00 7.122687529772520065e-03
-4.150086402893066406e+00 -4.091737747192382812e+00 7.120243739336729050e-03
-8.319746971130371094e+00 -6.900444507598876953e+00 1.320568285882472992e-02
-8.458632469177246094e+00 -6.928473472595214844e+00 1.335839927196502686e-02
-8.309724807739257812e+00 -6.721731185913085938e+00 1.305785309523344040e-02
-8.353156089782714844e+00 -6.672489643096923828e+00 1.306151878088712692e-02
-8.382163047790527344e+00 -6.611820220947265625e+00 1.304319221526384354e-02
-8.389439582824707031e+00 -6.534455299377441406e+00 1.299188006669282913e-02
-8.400046348571777344e+00 -6.460298538208007812e+00 1.294667460024356842e-02
-8.375020027160644531e+00 -6.359650135040283203e+00 1.284771505743265152e-02
-8.382679939270019531e+00 -6.284747600555419922e+00 1.280006766319274902e-02
-1.192792892456054688e+01 -6.969682216644287109e+00 4.100171923637390137e-01
-8.449215888977050781e+00 -6.254016876220703125e+00 1.284282747656106949e-02
-8.420416831970214844e+00 -6.153086185455322266e+00 1.274142507463693619e-02
-8.429627418518066406e+00 -6.080827236175537109e+00 1.269866339862346649e-02
-8.237882614135742188e+00 -5.865997314453125000e+00 1.235535833984613419e-02
-8.245903968811035156e+00 -5.795788764953613281e+00 1.231381855905056000e-02
-8.367583274841308594e+00 -5.804934024810791016e+00 1.244209986180067062e-02
-1.177058029174804688e+01 -6.866894721984863281e+00 2.759316861629486084e-01
-8.400568962097167969e+00 -5.751787662506103516e+00 1.243843603879213333e-02
-8.412503242492675781e+00 -5.684457778930664062e+00 1.240422762930393219e-02
-8.383159637451171875e+00 -5.590013980865478516e+00 1.231015380471944809e-02
-8.396417617797851562e+00 -5.524729251861572266e+00 1.227961108088493347e-02
-8.466224670410156250e+00 -5.496520519256591797e+00 1.233214512467384338e-02
-1.184579181671142578e+01 -6.997560977935791016e+00 1.464825570583343506e-01
-8.491370201110839844e+00 -5.439075469970703125e+00 1.231992803514003754e-02
-1.188504886627197266e+01 -6.922731876373291016e+00 1.464399695396423340e-01
-8.413842201232910156e+00 -5.316890716552734375e+00 1.215988025069236755e-02
-1.200534248352050781e+01 -6.894494056701660156e+00 1.473981291055679321e-01
-8.405573844909667969e+00 -5.239772319793701172e+00 1.210123859345912933e-02
-8.437566757202148438e+00 -5.188097953796386719e+00 1.210123859345912933e-02
-8.484631538391113281e+00 -5.145562171936035156e+00 1.212322898209095001e-02
-8.470560073852539062e+00 -5.066200256347656250e+00 1.205847784876823425e-02
-8.511822700500488281e+00 -5.020226955413818359e+00 1.207313872873783112e-02
-1.276242542266845703e+01 -6.817452907562255859e+00 1.540520638227462769e-01
-8.549380302429199219e+00 -4.971926212310791016e+00 1.208291202783584595e-02
-1.282525348663330078e+01 -6.750193119049072266e+00 1.543075889348983765e-01
-8.371522903442382812e+00 -4.799996852874755859e+00 1.178969722241163254e-02
-1.294632434844970703e+01 -6.712797641754150391e+00 1.552657485008239746e-01
-8.392112731933593750e+00 -4.743618965148925781e+00 1.177747920155525208e-02
-1.288575077056884766e+01 -6.581383228302001953e+00 1.540520638227462769e-01
-8.370394706726074219e+00 -4.663806438446044922e+00 1.170661952346563339e-02
-1.281244277954101562e+01 -6.445125579833984375e+00 1.526999920606613159e-01
-8.385705947875976562e+00 -4.605138301849365234e+00 1.168829295784235001e-02
-9.162194252014160156e+00 -3.741353988647460938e+00 2.937254905700683594e-01
-1.279261016845703125e+01 -6.337093353271484375e+00 1.519973278045654297e-01
-8.306509971618652344e+00 -4.495530128479003906e+00 1.153924223035573959e-02
-9.180340766906738281e+00 -3.683204889297485352e+00 2.935771644115447998e-01
-1.305683612823486328e+01 -6.368509292602539062e+00 1.546695679426193237e-01
-8.370997428894042969e+00 -4.464241027832031250e+00 1.159055437892675400e-02
-1.279189205169677734e+01 -6.142407417297363281e+00 1.510817557573318481e-01
-8.401772499084472656e+00 -4.414654254913330078e+00 1.159544102847576141e-02
-1.265485954284667969e+01 -5.981333732604980469e+00 1.490270197391510010e-01
-8.431366920471191406e+00 -4.364398002624511719e+00 1.159910671412944794e-02
-1.266774940490722656e+01 -5.892606735229492188e+00 1.487502157688140869e-01
-8.435715675354003906e+00 -4.301225662231445312e+00 1.156856399029493332e-02
-1.269548320770263672e+01 -5.811022281646728516e+00 1.486543864011764526e-01
-8.454798698425292969e+00 -4.245793819427490234e+00 1.155878975987434387e-02
-1.275825405120849609e+01 -5.745332717895507812e+00 1.489737927913665771e-01
-8.456488609313964844e+00 -4.181867599487304688e+00 1.152580231428146362e-02
-9.137693405151367188e+00 -3.658806324005126953e+00 1.993064731359481812e-01
-1.267898368835449219e+01 -5.616318225860595703e+00 1.476429998874664307e-01
-8.390282630920410156e+00 -4.085248947143554688e+00 1.140118669718503952e-02
-1.259953117370605469e+01 -5.488894462585449219e+00 1.463228464126586914e-01
-8.317801475524902344e+00 -3.987007856369018555e+00 1.126923877745866776e-02
-1.277360439300537109e+01 -5.471723079681396484e+00 1.479517370462417603e-01
-8.310455322265625000e+00 -3.920961141586303711e+00 1.122647896409034729e-02
-1.266870403289794922e+01 -5.335029602050781250e+00 1.463547945022583008e-01
-8.328007698059082031e+00 -3.866947412490844727e+00 1.121792662888765335e-02
-1.247483921051025391e+01 -5.163501262664794922e+00 1.437464505434036255e-01
-8.357036590576171875e+00 -3.818268537521362305e+00 1.122525800019502640e-02
-9.131941795349121094e+00 -3.714364767074584961e+00 1.049619466066360474e-01
-8.396724700927734375e+00 -3.774298429489135742e+00 1.124724838882684708e-02
-9.143418312072753906e+00 -3.653809547424316406e+00 1.048341915011405945e-01
-8.403263092041015625e+00 -3.715427398681640625e+00 1.122525800019502640e-02
-9.150773048400878906e+00 -3.591792106628417969e+00 1.046638488769531250e-01
-8.392888069152832031e+00 -3.649440526962280273e+00 1.118127536028623581e-02
-1.242892265319824219e+01 -4.790704727172851562e+00 1.418194770812988281e-01
-8.405927658081054688e+00 -3.593942642211914062e+00 1.116905733942985535e-02
-1.238513565063476562e+01 -4.686747550964355469e+00 1.409890651702880859e-01
-8.455478668212890625e+00 -3.553921699523925781e+00 1.120571047067642212e-02
-1.221587371826171875e+01 -4.537203788757324219e+00 1.387426853179931641e-01
-8.525185585021972656e+00 -3.521826744079589844e+00 1.126923877745866776e-02
-1.255257701873779297e+01 -4.574812889099121094e+00 1.422453224658966064e-01
-8.485481262207031250e+00 -3.444626092910766602e+00 1.118860486894845963e-02
-1.223202705383300781e+01 -4.373152732849121094e+00 1.383061856031417847e-01
-8.416358947753906250e+00 -3.356563091278076172e+00 1.107009779661893845e-02
-1.226051807403564453e+01 -4.298677921295166016e+00 1.383274793624877930e-01
-8.434932708740234375e+00 -3.304128170013427734e+00 1.106765400618314743e-02
-1.228666400909423828e+01 -4.223367691040039062e+00 1.383274793624877930e-01
-8.499848365783691406e+00 -3.269542932510375977e+00 1.112629752606153488e-02
-1.232277011871337891e+01 -4.151410579681396484e+00 1.384445875883102417e-01
-8.500103950500488281e+00 -3.209908485412597656e+00 1.110064052045345306e-02
-1.236320304870605469e+01 -4.080735683441162109e+00 1.386149227619171143e-01
-8.519639968872070312e+00 -3.157692432403564453e+00 1.110064052045345306e-02
-1.214348411560058594e+01 -3.925749540328979492e+00 1.358788311481475830e-01
-8.423261642456054688e+00 -3.063319206237792969e+00 1.095036789774894714e-02
-1.227220916748046875e+01 -3.884356498718261719e+00 1.370499134063720703e-01
-8.447550773620605469e+00 -3.013593673706054688e+00 1.095769926905632019e-02
-1.219074440002441406e+01 -3.776434898376464844e+00 1.358788311481475830e-01
-8.450778961181640625e+00 -2.956419944763183594e+00 1.093814987689256668e-02
-1.221368694305419922e+01 -3.701562643051147461e+00 1.358788311481475830e-01
-8.482003211975097656e+00 -2.909053087234497070e+00 1.095525454729795456e-02
-1.238860702514648438e+01 -3.671730518341064453e+00 1.375715881586074829e-01
-8.512964248657226562e+00 -2.861414670944213867e+00 1.097236014902591705e-02
-1.242915153503417969e+01 -3.600933313369750977e+00 1.377738714218139648e-01
-8.472421646118164062e+00 -2.790045976638793945e+00 1.089783292263746262e-02
-1.227975177764892578e+01 -3.476121664047241211e+00 1.358788311481475830e-01
-8.425616264343261719e+00 -2.717442035675048828e+00 1.081597805023193359e-02
-1.224880504608154297e+01 -3.386320590972900391e+00 1.353039294481277466e-01
-8.438316345214843750e+00 -2.664487600326538086e+00 1.081109046936035156e-02
-1.242285251617431641e+01 -3.352524280548095703e+00 1.369966864585876465e-01
-8.460239410400390625e+00 -2.614432573318481445e+00 1.081842090934514999e-02
-1.236002826690673828e+01 -3.254339933395385742e+00 1.360810995101928711e-01
-8.554614067077636719e+00 -2.586201667785644531e+00 1.091860327869653702e-02
-1.233811664581298828e+01 -3.167746305465698242e+00 1.356233060359954834e-01
-8.365101814270019531e+00 -2.472993373870849609e+00 1.065715309232473373e-02
-1.221181583404541016e+01 -3.055573940277099609e+00 1.340263634920120239e-01
-8.457934379577636719e+00 -2.444106101989746094e+00 1.075611356645822525e-02
-1.235760211944580078e+01 -3.011601686477661133e+00 1.354210376739501953e-01
-8.454486846923828125e+00 -2.387000799179077148e+00 1.073290035128593445e-02
-1.228731060028076172e+01 -2.914717912673950195e+00 1.344522237777709961e-01
-8.428483963012695312e+00 -2.323916196823120117e+00 1.068158727139234543e-02
-1.244137191772460938e+01 -2.870744705200195312e+00 1.359427124261856079e-01
-8.459001541137695312e+00 -2.276574134826660156e+00 1.070235669612884521e-02
-1.243826198577880859e+01 -2.789756059646606445e+00 1.357191205024719238e-01
-8.550188064575195312e+00 -2.244944095611572266e+00 1.080009527504444122e-02
-1.246393871307373047e+01 -2.715299606323242188e+00 1.358149498701095581e-01
-8.555083274841308594e+00 -2.190206766128540039e+00 1.078909914940595627e-02
-1.250090980529785156e+01 -2.643114805221557617e+00 1.360385268926620483e-01
-8.277282714843750000e+00 -2.065053224563598633e+00 1.042257994413375854e-02
-1.255999279022216797e+01 -2.575197935104370117e+00 1.365069597959518433e-01
-8.581315994262695312e+00 -2.085057735443115234e+00 1.078909914940595627e-02
-1.255299949645996094e+01 -2.493601799011230469e+00 1.362620890140533447e-01
-8.520961761474609375e+00 -2.015104293823242188e+00 1.069747004657983780e-02
-1.253664112091064453e+01 -2.410489320755004883e+00 1.359214037656784058e-01
-8.507826805114746094e+00 -1.956954360008239746e+00 1.066570542752742767e-02
-1.252760124206542969e+01 -2.329133987426757812e+00 1.356659084558486938e-01
-8.509915351867675781e+00 -1.902532577514648438e+00 1.065348740667104721e-02
-1.252590942382812500e+01 -2.249394178390502930e+00 1.354955583810806274e-01
-8.512634277343750000e+00 -1.848371267318725586e+00 1.064249221235513687e-02
-1.249809455871582031e+01 -2.165324926376342773e+00 1.350484192371368408e-01
-8.493481636047363281e+00 -1.789712071418762207e+00 1.060461811721324921e-02
-1.278139019012451172e+01 -2.133711814880371094e+00 1.379655003547668457e-01
-8.552310943603515625e+00 -1.747372150421142578e+00 1.066448260098695755e-02
-1.248127174377441406e+01 -2.004971504211425781e+00 1.345906257629394531e-01
-8.616825103759765625e+00 -1.705542325973510742e+00 1.073167845606803894e-02
-1.241230392456054688e+01 -1.915842175483703613e+00 1.337176263332366943e-01
-8.515163421630859375e+00 -1.631190180778503418e+00 1.059240102767944336e-02
-1.242283630371093750e+01 -1.839499235153198242e+00 1.337069869041442871e-01
-8.479781150817871094e+00 -1.570534348487854004e+00 1.053620129823684692e-02
-1.247646045684814453e+01 -1.769276499748229980e+00 1.341647654771804810e-01
-8.483351707458496094e+00 -1.517417311668395996e+00 1.052887085825204849e-02
-6.419618606567382812e+00 -4.016033113002777100e-01 1.909022927284240723e-01
-1.273480224609375000e+01 -1.726268768310546875e+00 1.368263512849807739e-01
-8.691561698913574219e+00 -1.499682426452636719e+00 1.077566109597682953e-02
-6.432939052581787109e+00 -3.628248572349548340e-01 1.912286132574081421e-01
-1.265987014770507812e+01 -1.637068748474121094e+00 1.359107643365859985e-01
-8.427350044250488281e+00 -1.400900602340698242e+00 1.043724082410335541e-02
-6.447023868560791016e+00 -3.239482045173645020e-01 1.915846168994903564e-01
-1.254363536834716797e+01 -1.543845534324645996e+00 1.345586925745010376e-01
-8.471335411071777344e+00 -1.354850411415100098e+00 1.048122346401214600e-02
-1.251314449310302734e+01 -1.462207794189453125e+00 1.341328322887420654e-01
-8.522977828979492188e+00 -1.309527754783630371e+00 1.053497940301895142e-02
-1.271966171264648438e+01 -1.407283306121826172e+00 1.362514495849609375e-01
-8.537777900695800781e+00 -1.258227705955505371e+00 1.054353173822164536e-02
-1.257489967346191406e+01 -1.313215970993041992e+00 1.346119195222854614e-01
-8.263134002685546875e+00 -1.165995836257934570e+00 1.019533816725015640e-02
-1.266531753540039062e+01 -1.244146823883056641e+00 1.354955583810806274e-01
-8.275088310241699219e+00 -1.115940570831298828e+00 1.020144764333963394e-02
-6.359832286834716797e+00 -3.543171882629394531e-01 1.289773136377334595e-01
-1.268167591094970703e+01 -1.167235374450683594e+00 1.355913877487182617e-01
-8.322444915771484375e+00 -1.070374608039855957e+00 1.025153882801532745e-02
-1.253317928314208984e+01 -1.076056361198425293e+00 1.339305490255355835e-01
-8.595863342285156250e+00 -1.051965475082397461e+00 1.058018393814563751e-02
-1.273591232299804688e+01 -1.014780044555664062e+00 1.360278725624084473e-01
-8.448190689086914062e+00 -9.813182353973388672e-01 1.039081532508134842e-02
-1.271696758270263672e+01 -9.347823262214660645e-01 1.357617229223251343e-01
-8.697586059570312500e+00 -9.562372565269470215e-01 1.069013867527246475e-02
-6.443041801452636719e+00 -4.338765442371368408e-01 6.875385344028472900e-02
-8.617749214172363281e+00 -8.939781785011291504e-01 1.058507058769464493e-02
-6.460554599761962891e+00 -3.952505290508270264e-01 6.891354918479919434e-02
-8.643972396850585938e+00 -8.431224822998046875e-01 1.061072666198015213e-02
-6.455868721008300781e+00 -3.552173078060150146e-01 6.883902102708816528e-02
-8.659936904907226562e+00 -7.910687923431396484e-01 1.062416564673185349e-02
-6.420973300933837891e+00 -3.137922286987304688e-01 6.844511628150939941e-02
-8.615805625915527344e+00 -7.337595820426940918e-01 1.056430116295814514e-02
-1.276063728332519531e+01 -5.451481938362121582e-01 1.359852850437164307e-01
-8.627123832702636719e+00 -6.814313530921936035e-01 1.057285349816083908e-02
-1.277473354339599609e+01 -4.672421514987945557e-01 1.361023932695388794e-01
-8.628149986267089844e+00 -6.282656192779541016e-01 1.056918781250715256e-02
-1.293327903747558594e+01 -3.935941159725189209e-01 1.377632170915603638e-01
-6.426736831665039062e+00 -4.283421039581298828e-01 7.869164459407329559e-03
-6.440546035766601562e+00 -3.918404281139373779e-01 2.422393560409545898e-01
-1.275251579284667969e+01 -3.097856938838958740e-01 1.358149498701095581e-01
-6.437229633331298828e+00 -3.893833756446838379e-01 7.878938689827919006e-03
-6.475756645202636719e+00 -3.541151881217956543e-01 2.434773743152618408e-01
-1.275317668914794922e+01 -2.315137386322021484e-01 1.358042955398559570e-01
-6.402552127838134766e+00 -3.478705585002899170e-01 7.833734154701232910e-03
-1.277335453033447266e+01 -1.534856408834457397e-01 1.360065788030624390e-01
-6.446517467498779297e+00 -3.105999529361724854e-01 7.885047234594821930e-03
-1.252607440948486328e+01 -7.364887744188308716e-02 1.333663016557693481e-01
-6.422324657440185547e+00 -2.699471414089202881e-01 7.853281684219837189e-03
-1.280327510833740234e+01 3.282058518379926682e-03 1.363153308629989624e-01
-8.591463088989257812e+00 -3.083249628543853760e-01 1.050321478396654129e-02
-1.286700916290283203e+01 8.225049078464508057e-02 1.369966864585876465e-01
-8.717138290405273438e+00 -2.592896819114685059e-01 1.065470930188894272e-02
-1.297724723815917969e+01 1.625899374485015869e-01 1.381784379482269287e-01
-8.564608573913574219e+00 -2.021633535623550415e-01 1.046656258404254913e-02
-1.289002418518066406e+01 2.406088411808013916e-01 1.372628509998321533e-01
-8.621678352355957031e+00 -1.505860388278961182e-01 1.053497940301895142e-02
-1.275835227966308594e+01 3.164725005626678467e-01 1.358788311481475830e-01
-8.575443267822265625e+00 -9.714916348457336426e-02 1.047755777835845947e-02
-1.293407630920410156e+01 4.002557694911956787e-01 1.377738714218139648e-01
-8.584877967834472656e+00 -4.457613080739974976e-02 1.048855390399694443e-02
-1.261461162567138672e+01 4.678617715835571289e-01 1.343989819288253784e-01
-8.670989990234375000e+00 8.181676268577575684e-03 1.059362292289733887e-02
-1.282229518890380859e+01 5.543683171272277832e-01 1.366453617811203003e-01
-8.614778518676757812e+00 6.098927184939384460e-02 1.052520610392093658e-02
-1.287957477569580078e+01 6.360425353050231934e-01 1.372947841882705688e-01
-8.613242149353027344e+00 1.138341873884201050e-01 1.052398420870304108e-02
-1.286045265197753906e+01 7.142264246940612793e-01 1.371350884437561035e-01
-8.568389892578125000e+00 1.658305078744888306e-01 1.047022826969623566e-02
-1.319416522979736328e+01 8.139964938163757324e-01 1.407441794872283936e-01
-8.544218063354492188e+00 2.178158760070800781e-01 1.044212747365236282e-02
-1.291556739807128906e+01 8.763904571533203125e-01 1.378270983695983887e-01
-8.531725883483886719e+00 2.698903083801269531e-01 1.042868942022323608e-02
-1.279028034210205078e+01 9.467644095420837402e-01 1.365495324134826660e-01
-8.541900634765625000e+00 3.226879239082336426e-01 1.044335030019283295e-02
-1.273140335083007812e+01 1.020989775657653809e+00 1.359852850437164307e-01
-8.520778656005859375e+00 3.742602467536926270e-01 1.042013708502054214e-02
-1.270597076416015625e+01 1.097454071044921875e+00 1.357830166816711426e-01
-8.544289588928222656e+00 4.278359711170196533e-01 1.045190170407295227e-02
-1.296385002136230469e+01 1.199910044670104980e+00 1.386149227619171143e-01
-8.546495437622070312e+00 4.805353879928588867e-01 1.045801118016242981e-02
-1.298211669921875000e+01 1.281987190246582031e+00 1.388917267322540283e-01
-8.543386459350585938e+00 5.329666733741760254e-01 1.045801118016242981e-02
-1.294814968109130859e+01 1.358906149864196777e+00 1.386149227619171143e-01
-8.535964965820312500e+00 5.851043462753295898e-01 1.045312453061342239e-02
-1.336889934539794922e+01 1.486052274703979492e+00 1.432141363620758057e-01
-8.528223991394042969e+00 6.371709108352661133e-01 1.044823694974184036e-02
-1.302285957336425781e+01 1.528538227081298828e+00 1.396050304174423218e-01
-8.497242927551269531e+00 6.873103380203247070e-01 1.041525043547153473e-02
-1.334370231628417969e+01 1.649261474609375000e+00 1.431502550840377808e-01
-8.573559761047363281e+00 7.464612126350402832e-01 1.051420997828245163e-02
-1.358123683929443359e+01 1.763292074203491211e+00 1.458118408918380737e-01
-8.463275909423828125e+00 7.892115712165832520e-01 1.038470678031444550e-02
-1.324616527557373047e+01 1.802503228187561035e+00 1.423304826021194458e-01
-8.458273887634277344e+00 8.411263823509216309e-01 1.038470678031444550e-02
-1.358035373687744141e+01 1.932921767234802246e+00 1.460460424423217773e-01
-8.432069778442382812e+00 8.908033370971679688e-01 1.035905070602893829e-02
-1.356626033782958984e+01 2.015918970108032227e+00 1.460247635841369629e-01
-8.414519309997558594e+00 9.411908388137817383e-01 1.034438982605934143e-02
-1.313860702514648438e+01 2.034844398498535156e+00 1.415533125400543213e-01
-8.421497344970703125e+00 9.943280220031738281e-01 1.036027260124683380e-02
-1.339538097381591797e+01 2.158857822418212891e+00 1.444597393274307251e-01
-8.448977470397949219e+00 1.050176382064819336e+00 1.040181051939725876e-02
-1.342626190185546875e+01 2.248441934585571289e+00 1.449388265609741211e-01
-8.432458877563476562e+00 1.100704312324523926e+00 1.038959436118602753e-02
-1.323389625549316406e+01 2.299793481826782227e+00 1.430118530988693237e-01
-8.443380355834960938e+00 1.154863357543945312e+00 1.041158474981784821e-02
-1.325102710723876953e+01 2.386623859405517578e+00 1.433525383472442627e-01
-8.449994087219238281e+00 1.208631515502929688e+00 1.042868942022323608e-02
-1.327152156829833984e+01 2.474483728408813477e+00 1.437357962131500244e-01
-8.474068641662597656e+00 1.265182256698608398e+00 1.046778541058301926e-02
-1.313531970977783203e+01 2.532584667205810547e+00 1.424262970685958862e-01
-8.536301612854003906e+00 1.328069090843200684e+00 1.055452693253755569e-02
-1.326957702636718750e+01 2.643019437789916992e+00 1.440552026033401489e-01
-8.544773101806640625e+00 1.383138298988342285e+00 1.057529635727405548e-02
-1.303860759735107422e+01 2.680295705795288086e+00 1.417236477136611938e-01
-8.431593894958496094e+00 1.417962551116943359e+00 1.044579315930604935e-02
-1.288398838043212891e+01 2.731012344360351562e+00 1.402225196361541748e-01
-8.474946022033691406e+00 1.478781461715698242e+00 1.051054522395133972e-02
-1.324114894866943359e+01 2.891728162765502930e+00 1.443000584840774536e-01
-8.474569320678710938e+00 1.532356262207031250e+00 1.052154041826725006e-02
-1.325437450408935547e+01 2.979938745498657227e+00 1.446407288312911987e-01
-8.492529869079589844e+00 1.589477539062500000e+00 1.055574882775545120e-02
-1.322317600250244141e+01 3.058280706405639648e+00 1.445023417472839355e-01
-8.475744247436523438e+00 1.640226840972900391e+00 1.054719742387533188e-02
-1.311660766601562500e+01 3.118542671203613281e+00 1.435441672801971436e-01
-8.429238319396972656e+00 1.684949636459350586e+00 1.050199382007122040e-02
-1.295054626464843750e+01 3.163139820098876953e+00 1.419365704059600830e-01
-8.398174285888671875e+00 1.732396125793457031e+00 1.047633681446313858e-02
-1.304437351226806641e+01 3.270999193191528320e+00 1.431821882724761963e-01
-8.377605438232421875e+00 1.781813383102416992e+00 1.046411972492933273e-02
-1.324291610717773438e+01 3.407287120819091797e+00 1.455882489681243896e-01
-8.352838516235351562e+00 1.830187439918518066e+00 1.044701505452394485e-02
-1.291139984130859375e+01 3.406593322753906250e+00 1.421708017587661743e-01
-8.371692657470703125e+00 1.888225674629211426e+00 1.048488914966583252e-02
-1.288446235656738281e+01 3.484185695648193359e+00 1.421069204807281494e-01
-8.579126358032226562e+00 1.990408420562744141e+00 1.075977738946676254e-02
-1.294378852844238281e+01 3.585601329803466797e+00 1.430012136697769165e-01
-8.507415771484375000e+00 2.028861045837402344e+00 1.068525202572345734e-02
-1.295617580413818359e+01 3.674777746200561523e+00 1.433844715356826782e-01
-8.536572456359863281e+00 2.091254711151123047e+00 1.073778700083494186e-02
-1.281622695922851562e+01 3.720198869705200195e+00 1.420856267213821411e-01
-8.551704406738281250e+00 2.150667905807495117e+00 1.077321730554103851e-02
-1.420144844055175781e+01 5.360085010528564453e+00 4.505116045475006104e-01
-1.277302837371826172e+01 3.792790412902832031e+00 1.418620496988296509e-01
-8.599349021911621094e+00 2.218839645385742188e+00 1.085018645972013474e-02
-1.286720371246337891e+01 3.906826019287109375e+00 1.431715488433837891e-01
-8.692880630493164062e+00 2.299953699111938477e+00 1.098579820245504379e-02
-1.279619407653808594e+01 3.971181392669677734e+00 1.426498740911483765e-01
-8.850399971008300781e+00 2.399832248687744141e+00 1.120326574891805649e-02
-1.276014900207519531e+01 4.045996189117431641e+00 1.425221264362335205e-01
-8.650512695312500000e+00 2.402709007263183594e+00 1.096869446337223053e-02
-1.269798183441162109e+01 4.112199306488037109e+00 1.421069204807281494e-01
-8.478822708129882812e+00 2.411157131195068359e+00 1.076955255120992661e-02
-1.426378536224365234e+01 5.295003414154052734e+00 3.080798387527465820e-01
-1.264307975769042969e+01 4.180304050445556641e+00 1.417768746614456177e-01
-8.575248718261718750e+00 2.495550155639648438e+00 1.091127283871173859e-02
-1.421138858795166016e+01 5.374997138977050781e+00 3.076547086238861084e-01
-1.266835403442382812e+01 4.275067329406738281e+00 1.423517763614654541e-01
-8.659451484680175781e+00 2.577792406082153320e+00 1.103833317756652832e-02
-1.270239448547363281e+01 4.373552322387695312e+00 1.430331468582153320e-01
-8.740095138549804688e+00 2.660287141799926758e+00 1.116172783076763153e-02
-1.133067989349365234e+01 4.924515724182128906e+00 3.666747808456420898e-01
-1.274607849121093750e+01 4.476260185241699219e+00 1.438316106796264648e-01
-8.698781013488769531e+00 2.706141948699951172e+00 1.112996228039264679e-02
-1.258186912536621094e+01 4.505503177642822266e+00 1.422879099845886230e-01
-8.647703170776367188e+00 2.748560905456542969e+00 1.108597964048385620e-02
-1.253520011901855469e+01 4.575761795043945312e+00 1.420749723911285400e-01
-8.499418258666992188e+00 2.758963584899902344e+00 1.091738138347864151e-02
-1.261560344696044922e+01 4.693032264709472656e+00 1.433099508285522461e-01
-8.450055122375488281e+00 2.800367355346679688e+00 1.087584253400564194e-02
-1.259218025207519531e+01 4.772478103637695312e+00 1.433738321065902710e-01
-8.421345710754394531e+00 2.848318338394165039e+00 1.086118165403604507e-02
-1.137380313873291016e+01 4.869752407073974609e+00 2.505249083042144775e-01
-1.255053234100341797e+01 4.844971179962158203e+00 1.432354301214218140e-01
-8.657050132751464844e+00 2.987359285354614258e+00 1.118860486894845963e-02
-1.133179187774658203e+01 4.934259891510009766e+00 2.502617239952087402e-01
-1.246380043029785156e+01 4.899572849273681641e+00 1.425859928131103516e-01
-8.634784698486328125e+00 3.039093732833862305e+00 1.118371821939945221e-02
-1.246878051757812500e+01 4.990075111389160156e+00 1.429905593395233154e-01
-8.535029411315917969e+00 3.062969923019409180e+00 1.107865013182163239e-02
-1.242774105072021484e+01 5.062338829040527344e+00 1.428734511137008667e-01
-8.321673393249511719e+00 3.044167757034301758e+00 1.082575134932994843e-02
-1.242138481140136719e+01 5.148837089538574219e+00 1.431608945131301880e-01
-8.479932785034179688e+00 3.161189556121826172e+00 1.105665788054466248e-02
-1.264661884307861328e+01 5.333364486694335938e+00 1.461312174797058105e-01
-8.424852371215820312e+00 3.199670076370239258e+00 1.101023238152265549e-02
-1.133170509338378906e+01 4.860945701599121094e+00 1.312796175479888916e-01
-8.372418403625488281e+00 3.238676786422729492e+00 1.096747163683176041e-02
-1.130166530609130859e+01 4.930384159088134766e+00 1.312796175479888916e-01
-8.423100471496582031e+00 3.317841529846191406e+00 1.106032356619834900e-02
-1.147960567474365234e+01 5.092080593109130859e+00 1.337069869041442871e-01
-8.386805534362792969e+00 3.363134860992431641e+00 1.103955414146184921e-02
-1.231593894958496094e+01 5.553745269775390625e+00 1.438422650098800659e-01
-8.347495079040527344e+00 3.406974554061889648e+00 1.101511996239423752e-02
-1.219254779815673828e+01 5.588379383087158203e+00 1.427989304065704346e-01
-8.285798072814941406e+00 3.441252946853637695e+00 1.096136309206485748e-02
-1.213989925384521484e+01 5.654641628265380859e+00 1.425859928131103516e-01
-8.293082237243652344e+00 3.504094600677490234e+00 1.099923718720674515e-02
-1.200103473663330078e+01 5.679831504821777344e+00 1.413616836071014404e-01
-8.269588470458984375e+00 3.554124355316162109e+00 1.099679339677095413e-02
-1.212096214294433594e+01 5.827889442443847656e+00 1.431928426027297974e-01
-8.229299545288085938e+00 3.596789121627807617e+00 1.097236014902591705e-02
-1.210294437408447266e+01 5.910928726196289062e+00 1.434057652950286865e-01
-8.180573463439941406e+00 3.635438442230224609e+00 1.093692891299724579e-02
-1.212288379669189453e+01 6.013072490692138672e+00 1.440764814615249634e-01
-8.159934997558593750e+00 3.686388254165649414e+00 1.093937270343303680e-02
-1.213755702972412109e+01 6.113433361053466797e+00 1.446939706802368164e-01
-8.127166748046875000e+00 3.731797218322753906e+00 1.092593371868133545e-02
-1.202147197723388672e+01 6.147727489471435547e+00 1.437570899724960327e-01
-7.862160682678222656e+00 3.668691873550415039e+00 1.059973146766424179e-02
-1.202523517608642578e+01 6.243028640747070312e+00 1.442574709653854370e-01
-8.063591003417968750e+00 3.823109388351440430e+00 1.090272050350904465e-02
-1.195750999450683594e+01 6.301312923431396484e+00 1.439061313867568970e-01
-8.041783332824707031e+00 3.873382568359375000e+00 1.090516429394483566e-02
-1.191862106323242188e+01 6.374564170837402344e+00 1.439061313867568970e-01
-8.021457672119140625e+00 3.924410820007324219e+00 1.091005094349384308e-02
-1.169824218750000000e+01 6.349314212799072266e+00 1.417130082845687866e-01
-7.973942756652832031e+00 3.961986541748046875e+00 1.087828539311885834e-02
-5.217766284942626953e+00 3.386232137680053711e+00 1.846130490303039551e-01
-1.120622444152832031e+01 6.171582698822021484e+00 1.362088620662689209e-01
-8.065546035766601562e+00 4.069397926330566406e+00 1.103711128234863281e-02
-4.717855453491210938e+00 3.094854116439819336e+00 1.211678385734558105e+00
-4.721629142761230469e+00 3.098508596420288086e+00 9.978437423706054688e-01
-5.163486003875732422e+00 3.396212577819824219e+00 1.834263950586318970e-01
-1.204019260406494141e+01 6.727485179901123047e+00 1.468445211648941040e-01
-8.027965545654296875e+00 4.112427711486816406e+00 1.102000661194324493e-02
-4.771240711212158203e+00 3.171918153762817383e+00 1.230364799499511719e+00
-4.719747066497802734e+00 3.138873338699340820e+00 1.001497507095336914e+00
-4.717607498168945312e+00 3.138638019561767578e+00 7.892872691154479980e-01
-5.124251842498779297e+00 3.415634393692016602e+00 1.827737390995025635e-01
-1.162723445892333984e+01 6.590684890747070312e+00 1.422985494136810303e-01
-7.999032020568847656e+00 4.159763813018798828e+00 1.101511996239423752e-02
-4.732227802276611328e+00 3.188024044036865234e+00 1.225325822830200195e+00
-4.702848434448242188e+00 3.169425249099731445e+00 1.002019524574279785e+00
-4.678551197052001953e+00 3.154237747192382812e+00 7.859761714935302734e-01
-5.082489967346191406e+00 3.433024644851684570e+00 1.820320785045623779e-01
-1.182236480712890625e+01 6.797474861145019531e+00 1.451943516731262207e-01
-7.942405223846435547e+00 4.192428112030029297e+00 1.097236014902591705e-02
-4.695619583129882812e+00 3.205424308776855469e+00 1.220916628837585449e+00
-4.754062652587890625e+00 3.246536493301391602e+00 1.017156839370727539e+00
-4.675465583801269531e+00 3.194059371948242188e+00 7.887354493141174316e-01
-5.060504913330078125e+00 3.463581085205078125e+00 1.820024102926254272e-01
-1.155239200592041016e+01 6.736902713775634766e+00 1.423837244510650635e-01
-7.880390644073486328e+00 4.221721649169921875e+00 1.092226803302764893e-02
-4.675863265991210938e+00 3.234175682067871094e+00 1.220916628837585449e+00
-4.738911628723144531e+00 3.279007673263549805e+00 1.018200755119323730e+00
-4.703012466430664062e+00 3.255381822586059570e+00 7.967372536659240723e-01
-4.767526149749755859e+00 3.302499532699584961e+00 5.942196249961853027e-01
-5.026836872100830078e+00 3.486022472381591797e+00 1.815574318170547485e-01
-1.157452869415283203e+01 6.845327854156494141e+00 1.431715488433837891e-01
-7.830616950988769531e+00 4.257099151611328125e+00 1.088928151875734329e-02
-4.684827804565429688e+00 3.284275531768798828e+00 1.453042984008789062e+00
-4.670342922210693359e+00 3.272905349731445312e+00 1.224695920944213867e+00
-4.705801486968994141e+00 3.298979043960571289e+00 1.015416979789733887e+00
-4.683760643005371094e+00 3.284746646881103516e+00 7.968752384185791016e-01
-4.730072975158691406e+00 3.319689512252807617e+00 5.920792222023010254e-01
-4.966094970703125000e+00 3.489218235015869141e+00 1.801334470510482788e-01
-1.156918239593505859e+01 6.938333034515380859e+00 1.436293274164199829e-01
-7.850756168365478516e+00 4.330666542053222656e+00 1.095403358340263367e-02
-4.730174541473388672e+00 3.359541416168212891e+00 1.473473668098449707e+00
-4.658144950866699219e+00 3.307160615921020508e+00 1.226795554161071777e+00
-4.678244590759277344e+00 3.322659015655517578e+00 1.013851046562194824e+00
-4.749944210052490234e+00 3.119388580322265625e+00 9.468722939491271973e-01
-4.653828620910644531e+00 3.306539773941040039e+00 7.952197194099426270e-01
-4.691778182983398438e+00 3.335968017578125000e+00 5.898368358612060547e-01
-4.932612419128417969e+00 3.509799957275390625e+00 3.989140391349792480e-01
-5.143996715545654297e+00 3.388460636138916016e+00 1.247259750962257385e-01
-1.147342109680175781e+01 6.976978302001953125e+00 1.429692655801773071e-01
-7.824036121368408203e+00 4.378756046295166016e+00 1.095403358340263367e-02
-4.692950248718261719e+00 3.376614570617675781e+00 1.468304395675659180e+00
-4.648083686828613281e+00 3.343101501464843750e+00 1.229525089263916016e+00
-4.750323295593261719e+00 3.159132957458496094e+00 1.166894316673278809e+00
-4.646578311920166016e+00 3.343249797821044922e+00 1.011415123939514160e+00
-4.711007118225097656e+00 3.135358810424804688e+00 9.429277181625366211e-01
-4.641490936279296875e+00 3.340818881988525391e+00 7.965992689132690430e-01
-4.670086860656738281e+00 3.110477447509765625e+00 7.267669439315795898e-01
-4.631668567657470703e+00 3.336203813552856445e+00 5.848425626754760742e-01
-4.886700153350830078e+00 3.522495269775390625e+00 3.969414830207824707e-01
-5.094836235046386719e+00 3.401086568832397461e+00 1.240376681089401245e-01
-1.107375335693359375e+01 6.827363967895507812e+00 1.385084539651870728e-01
-7.790934085845947266e+00 4.423224925994873047e+00 1.094548124819993973e-02
-4.662744045257568359e+00 3.398495674133300781e+00 1.465350627899169922e+00
-4.665413379669189453e+00 3.399194478988647461e+00 1.239603042602539062e+00
-4.725975036621093750e+00 3.184935808181762695e+00 1.165691971778869629e+00
-4.623589992523193359e+00 3.369957685470581055e+00 1.010893225669860840e+00
-4.685137271881103516e+00 3.159793376922607422e+00 9.416127800941467285e-01
-4.636910438537597656e+00 3.380905866622924805e+00 7.993585467338562012e-01
-4.678861141204833984e+00 3.157937288284301758e+00 7.311342358589172363e-01
-4.596645355224609375e+00 3.354005813598632812e+00 5.830079317092895508e-01
-4.636935234069824219e+00 3.385884523391723633e+00 3.783338069915771484e-01
-4.624174594879150391e+00 3.377804517745971680e+00 1.699579209089279175e-01
-5.075528144836425781e+00 3.433403968811035156e+00 1.240781545639038086e-01
-7.759314060211181641e+00 4.468451023101806641e+00 1.093937270343303680e-02
-4.632447242736816406e+00 3.420133829116821289e+00 1.462396860122680664e+00
-4.811687946319580078e+00 3.283349275588989258e+00 1.416794896125793457e+00
-4.662561416625976562e+00 3.441110134124755859e+00 1.244432091712951660e+00
-4.685307979583740234e+00 3.199508905410766602e+00 1.160481691360473633e+00
-4.635306358337402344e+00 3.422245025634765625e+00 1.018026828765869141e+00
-4.730813026428222656e+00 3.233005762100219727e+00 9.547615647315979004e-01
-4.635199069976806641e+00 3.423415899276733398e+00 8.026697039604187012e-01
-4.659396648406982422e+00 3.186586618423461914e+00 7.311342358589172363e-01
-4.571179389953613281e+00 3.378599405288696289e+00 5.823963880538940430e-01
-4.600027561187744141e+00 3.402405023574829102e+00 3.770187795162200928e-01
-4.614611625671386719e+00 3.414438247680664062e+00 1.703732609748840332e-01
-5.074982166290283203e+00 3.478613853454589844e+00 1.245842650532722473e-01
-7.738658428192138672e+00 4.520011901855468750e+00 1.094914693385362625e-02
-4.584983348846435547e+00 3.428757905960083008e+00 1.454027533531188965e+00
-4.784257411956787109e+00 3.307837963104248047e+00 1.414667844772338867e+00
-4.716536045074462891e+00 3.525852680206298828e+00 1.264588236808776855e+00
-4.668004512786865234e+00 3.229869604110717773e+00 1.161082863807678223e+00
-4.626838207244873047e+00 3.460057973861694336e+00 1.020810723304748535e+00
-4.723051071166992188e+00 3.270395517349243164e+00 9.572269320487976074e-01
-4.616485595703125000e+00 3.453572273254394531e+00 8.030835390090942383e-01
-4.728605747222900391e+00 3.276684522628784180e+00 7.451351881027221680e-01
-4.568678855895996094e+00 3.420296430587768555e+00 5.847406387329101562e-01
-4.583057403564453125e+00 3.433557748794555664e+00 3.773475587368011475e-01
-4.583975791931152344e+00 3.435495138168334961e+00 1.700172573328018188e-01
-7.733148097991943359e+00 4.580661296844482422e+00 1.098091155290603638e-02
-4.733629703521728516e+00 3.315946817398071289e+00 1.405687451362609863e+00
-4.706505298614501953e+00 3.563579082489013672e+00 1.267737627029418945e+00
-4.685000896453857422e+00 3.284320831298828125e+00 1.170300960540771484e+00
-4.697364330291748047e+00 3.557948350906372070e+00 1.041167736053466797e+00
-4.710969924926757812e+00 3.304978847503662109e+00 9.588704705238342285e-01
-4.614943504333496094e+00 3.496787309646606445e+00 8.065326213836669922e-01
-4.712470054626464844e+00 3.308486223220825195e+00 7.457774281501770020e-01
-4.616569519042968750e+00 3.500556707382202148e+00 5.936080813407897949e-01
-4.730281829833984375e+00 3.323457241058349609e+00 5.373126268386840820e-01
-4.568262100219726562e+00 3.466439485549926758e+00 3.778735697269439697e-01
-4.960843563079833984e+00 3.488034963607788086e+00 3.422351777553558350e-01
-4.581917285919189453e+00 3.478061437606811523e+00 1.707292348146438599e-01
-7.743471622467041016e+00 4.651195049285888672e+00 1.103588845580816269e-02
-4.702892780303955078e+00 3.337618827819824219e+00 1.402615189552307129e+00
-4.657571792602539062e+00 3.307899951934814453e+00 1.168497443199157715e+00
-4.724751472473144531e+00 3.101589918136596680e+00 1.100651144981384277e+00
-4.805926322937011719e+00 3.686800718307495117e+00 1.070224404335021973e+00
-4.685778141021728516e+00 3.330394029617309570e+00 9.578843116760253906e-01
-4.750620365142822266e+00 3.119758605957031250e+00 8.920328617095947266e-01
-4.588685989379882812e+00 3.521420240402221680e+00 8.057048320770263672e-01
-4.693696975708007812e+00 3.338488817214965820e+00 7.460343241691589355e-01
-4.670744895935058594e+00 3.586984634399414062e+00 6.033927798271179199e-01
-4.714667797088623047e+00 3.355883598327636719e+00 5.378679037094116211e-01
-4.539785861968994141e+00 3.488932371139526367e+00 3.772818148136138916e-01
-4.931215763092041016e+00 3.512615680694580078e+00 3.416717052459716797e-01
-4.576338768005371094e+00 3.518294572830200195e+00 1.713225692510604858e-01
-5.179989814758300781e+00 3.417276620864868164e+00 6.607098877429962158e-02
-7.749803543090820312e+00 4.719947338104248047e+00 1.108597964048385620e-02
-4.687058925628662109e+00 3.369815587997436523e+00 1.404033184051513672e+00
-4.645935535430908203e+00 3.342710256576538086e+00 1.170701861381530762e+00
-4.720341682434082031e+00 3.140308380126953125e+00 1.104092001914978027e+00
-4.626832008361816406e+00 3.331417083740234375e+00 9.499951004981994629e-01
-4.702604293823242188e+00 3.129692316055297852e+00 8.866059184074401855e-01
-4.648986339569091797e+00 3.349833250045776367e+00 7.421808242797851562e-01
-4.702796936035156250e+00 3.135745763778686523e+00 6.790066957473754883e-01
-4.647952079772949219e+00 3.351553678512573242e+00 5.325928926467895508e-01
-4.899854660034179688e+00 3.535796403884887695e+00 3.409956097602844238e-01
-5.143129825592041016e+00 3.438436985015869141e+00 6.586870551109313965e-02
-7.667092800140380859e+00 4.734311103820800781e+00 1.100901141762733459e-02
-4.668649673461914062e+00 3.400227546691894531e+00 1.404742121696472168e+00
-4.643547058105468750e+00 3.384426355361938477e+00 1.175310850143432617e+00
-4.712378501892089844e+00 3.176894426345825195e+00 1.106768012046813965e+00
-4.623039245605468750e+00 3.371950626373291016e+00 9.534466266632080078e-01
-4.680854797363281250e+00 3.156830787658691406e+00 8.861407041549682617e-01
-4.612323760986328125e+00 3.366602182388305664e+00 7.396118640899658203e-01
-4.685935974121093750e+00 3.166210174560546875e+00 6.793645024299621582e-01
-4.603178501129150391e+00 3.362390518188476562e+00 5.298165678977966309e-01
-4.687038898468017578e+00 3.426155805587768555e+00 3.276419937610626221e-01
-5.119451999664306641e+00 3.468247413635253906e+00 6.583677232265472412e-02
-7.609079837799072266e+00 4.763225555419921875e+00 1.096747163683176041e-02
-4.641443252563476562e+00 3.424195051193237305e+00 1.402851462364196777e+00
-4.706649780273437500e+00 3.210395336151123047e+00 1.327899098396301270e+00
-4.643186092376708984e+00 3.427984237670898438e+00 1.180521130561828613e+00
-4.700091361999511719e+00 3.210731983184814453e+00 1.108488440513610840e+00
-4.614955902099609375e+00 3.409632205963134766e+00 9.560764431953430176e-01
-4.687497138977050781e+00 3.203329086303710938e+00 8.911024928092956543e-01
-4.603541374206542969e+00 3.403683423995971680e+00 7.415385842323303223e-01
-4.674612522125244141e+00 3.200511932373046875e+00 6.805571913719177246e-01
-4.587263584136962891e+00 3.394125223159790039e+00 5.303718447685241699e-01
-4.630622863769531250e+00 3.428709030151367188e+00 3.251628577709197998e-01
-4.643071174621582031e+00 3.440436124801635742e+00 1.170128434896469116e-01
-7.132687568664550781e+00 4.896263122558593750e+00 9.211185574531555176e-02
-7.598285675048828125e+00 4.821611881256103516e+00 1.099435053765773773e-02
-4.621901988983154297e+00 3.453773021697998047e+00 1.403324127197265625e+00
-4.698078632354736328e+00 3.246966361999511719e+00 1.331076860427856445e+00
-4.691894531250000000e+00 3.508628606796264648e+00 1.198356270790100098e+00
-4.693215370178222656e+00 3.248448848724365234e+00 1.111546754837036133e+00
-4.583681583404541016e+00 3.430201768875122070e+00 9.539397358894348145e-01
-4.712425231933593750e+00 3.262961864471435547e+00 8.996304869651794434e-01
-4.689705848693847656e+00 3.785382509231567383e+00 8.395058512687683105e-01
-4.677824974060058594e+00 3.503202199935913086e+00 7.569525241851806641e-01
-4.730754852294921875e+00 3.281764984130859375e+00 6.916493773460388184e-01
-4.562366962432861328e+00 3.419222593307495117e+00 5.299091339111328125e-01
-4.578346729278564453e+00 3.433694839477539062e+00 3.229654431343078613e-01
-4.997572898864746094e+00 3.472029447555541992e+00 2.859104275703430176e-01
-4.615476608276367188e+00 3.464059591293334961e+00 1.168508902192115784e-01
-7.577809333801269531e+00 4.874094009399414062e+00 1.100778952240943909e-02
-4.685246944427490234e+00 3.280759572982788086e+00 1.333119750022888184e+00
-4.701516628265380859e+00 3.561012744903564453e+00 1.206372022628784180e+00
-4.692482471466064453e+00 3.290710687637329102e+00 1.116134405136108398e+00
-4.642730236053466797e+00 3.519037723541259766e+00 9.707043170928955078e-01
-4.691506385803222656e+00 3.291247844696044922e+00 8.994754552841186523e-01
-4.666390895843505859e+00 3.814086914062500000e+00 8.395058512687683105e-01
-4.732884407043457031e+00 3.589973688125610352e+00 7.694121003150939941e-01
-4.700781822204589844e+00 3.303879737854003906e+00 6.902180910110473633e-01
-4.561922073364257812e+00 3.462804794311523438e+00 5.323152542114257812e-01
-4.553216457366943359e+00 3.458702802658081055e+00 3.226836919784545898e-01
-4.964738845825195312e+00 3.494579076766967773e+00 2.852533757686614990e-01
-4.594134807586669922e+00 3.492314577102661133e+00 1.168508902192115784e-01
-7.587969779968261719e+00 4.946712493896484375e+00 1.106643304228782654e-02
-4.670905590057373047e+00 3.309939861297607422e+00 1.561826586723327637e+00
-4.682503700256347656e+00 3.321843147277832031e+00 1.338113665580749512e+00
-4.687406063079833984e+00 3.330242633819580078e+00 1.119766354560852051e+00
-4.740380287170410156e+00 3.114144086837768555e+00 1.049154758453369141e+00
-4.806487083435058594e+00 3.689813613891601562e+00 1.009657382965087891e+00
-4.655118465423583984e+00 3.308526277542114258e+00 8.963743448257446289e-01
-4.546761035919189453e+00 3.763078927993774414e+00 8.221224546432495117e-01
-4.669098377227783203e+00 3.324598550796508789e+00 6.885483264923095703e-01
-4.632947444915771484e+00 3.561735153198242188e+00 5.431429743766784668e-01
-4.720923423767089844e+00 3.363984346389770508e+00 4.837189018726348877e-01
-4.523995876312255859e+00 3.480487823486328125e+00 3.221202790737152100e-01
-4.932630062103271484e+00 3.517436981201171875e+00 2.846432626247406006e-01
-4.596385955810546875e+00 3.538735151290893555e+00 1.174582168459892273e-01
-7.530775070190429688e+00 4.975537776947021484e+00 1.102733612060546875e-02
-4.634833812713623047e+00 3.327285528182983398e+00 1.556562542915344238e+00
-4.697620868682861328e+00 3.376088142395019531e+00 1.348328232765197754e+00
-4.665290355682373047e+00 3.357794523239135742e+00 1.119384050369262695e+00
-4.738372325897216797e+00 3.154615640640258789e+00 1.052974581718444824e+00
-4.789207458496093750e+00 3.723474264144897461e+00 1.010807871818542480e+00
-4.617092609405517578e+00 3.324328184127807617e+00 8.929631710052490234e-01
-4.695004463195800781e+00 3.130475759506225586e+00 8.322727680206298828e-01
-4.623648643493652344e+00 3.335178852081298828e+00 6.848509311676025391e-01
-4.688073158264160156e+00 3.384138822555541992e+00 4.824715256690979004e-01
-4.906096935272216797e+00 3.544127464294433594e+00 2.843616902828216553e-01
-5.154418945312500000e+00 3.448506832122802734e+00 2.328228950500488281e-01
-5.146869659423828125e+00 3.446057558059692383e+00 7.567396853119134903e-03
-4.657243728637695312e+00 3.386869192123413086e+00 1.571038484573364258e+00
-4.672880649566650391e+00 3.401982784271240234e+00 1.347193360328674316e+00
-4.733921527862548828e+00 3.187738656997680664e+00 1.275701642036437988e+00
-4.644599437713623047e+00 3.386357069015502930e+00 1.119384050369262695e+00
-4.720556735992431641e+00 3.184730052947998047e+00 1.053338289260864258e+00
-4.736045360565185547e+00 3.728991985321044922e+00 1.004397869110107422e+00
-4.594213485717773438e+00 3.350848913192749023e+00 8.924979567527770996e-01
-4.676527500152587891e+00 3.159778594970703125e+00 8.324186801910400391e-01
-4.601493835449218750e+00 3.362314939498901367e+00 6.846123933792114258e-01
-4.601258277893066406e+00 3.364606857299804688e+00 4.756527543067932129e-01
-4.771401405334472656e+00 3.491578578948974609e+00 2.777911722660064697e-01
-5.052103519439697266e+00 3.425114393234252930e+00 2.291463464498519897e-01
-5.110733032226562500e+00 3.467467308044433594e+00 7.545405533164739609e-03
-4.633267402648925781e+00 3.413092851638793945e+00 1.569985628128051758e+00
-4.665243148803710938e+00 3.440417289733886719e+00 1.351052045822143555e+00
-4.698956489562988281e+00 3.206274509429931641e+00 1.271557092666625977e+00
-4.633998394012451172e+00 3.422372817993164062e+00 1.121869087219238281e+00
-4.710668087005615234e+00 3.220294237136840820e+00 1.055521011352539062e+00
-4.587074279785156250e+00 3.388955116271972656e+00 8.951339125633239746e-01
-4.663581848144531250e+00 3.192884683609008789e+00 8.335859775543212891e-01
-4.580776691436767578e+00 3.390485763549804688e+00 6.846123933792114258e-01
-4.571718215942382812e+00 3.386251688003540039e+00 4.747380018234252930e-01
-4.634330749511718750e+00 3.435134410858154297e+00 2.710329592227935791e-01
-5.028521537780761719e+00 3.454351663589477539e+00 2.290338128805160522e-01
-4.688771247863769531e+00 3.479293346405029297e+00 6.216379255056381226e-02
-7.119831085205078125e+00 4.894639492034912109e+00 1.055574882775545120e-02
-4.594454288482666016e+00 3.428188323974609375e+00 1.563932061195373535e+00
-4.683837890625000000e+00 3.498702049255371094e+00 1.362628698348999023e+00
-4.679194927215576172e+00 3.235046625137329102e+00 1.271557092666625977e+00
-4.623129367828369141e+00 3.458385467529296875e+00 1.124354004859924316e+00
-4.723153591156005859e+00 3.271533966064453125e+00 1.062796711921691895e+00
-4.572521209716796875e+00 3.421772241592407227e+00 8.963743448257446289e-01
-4.686171531677246094e+00 3.250761508941650391e+00 8.411732912063598633e-01
-4.557503700256347656e+00 3.416742563247680664e+00 6.842546463012695312e-01
-4.740746974945068359e+00 3.292298078536987305e+00 6.382345557212829590e-01
-4.564405918121337891e+00 3.424406290054321289e+00 4.761516749858856201e-01
-4.616361141204833984e+00 3.465904474258422852e+00 2.712206840515136719e-01
-4.983445644378662109e+00 3.468585729598999023e+00 2.279458492994308472e-01
-4.652946472167968750e+00 3.497183322906494141e+00 6.197215616703033447e-02
-7.143001556396484375e+00 4.975385189056396484e+00 1.063516177237033844e-02
-4.669648170471191406e+00 3.270975351333618164e+00 1.274392962455749512e+00
-4.697269439697265625e+00 3.559005498886108398e+00 1.147674441337585449e+00
-4.711040019989013672e+00 3.306101560592651367e+00 1.064615607261657715e+00
-4.590805053710937500e+00 3.479601383209228516e+00 9.041271805763244629e-01
-4.674231052398681641e+00 3.285142660140991211e+00 8.426323533058166504e-01
-4.642825126647949219e+00 3.798797607421875000e+00 7.769906520843505859e-01
-4.636876583099365234e+00 3.520896434783935547e+00 6.994019746780395508e-01
-4.703385829925537109e+00 3.309313774108886719e+00 6.359264850616455078e-01
-4.559970378875732422e+00 3.465009927749633789e+00 4.778979420661926270e-01
-4.574334621429443359e+00 3.478444337844848633e+00 2.700004577636718750e-01
-4.971052646636962891e+00 3.505433320999145508e+00 2.283585220575332642e-01
-4.624239921569824219e+00 3.520216464996337891e+00 6.187634170055389404e-02
-7.426082134246826172e+00 5.240526676177978516e+00 1.110430620610713959e-02
-4.713886737823486328e+00 3.339084863662719727e+00 1.518721103668212891e+00
-4.655060768127441406e+00 3.303519964218139648e+00 1.275919914245605469e+00
-4.685055255889892578e+00 3.330957174301147461e+00 1.063342332839965820e+00
-4.746469497680664062e+00 3.643657445907592773e+00 9.391695857048034668e-01
-4.641897678375244141e+00 3.305154323577880859e+00 8.404437303543090820e-01
-4.706481933593750000e+00 3.619492530822753906e+00 7.132373452186584473e-01
-4.645761013031005859e+00 3.311572074890136719e+00 6.308707594871520996e-01
-4.552049636840820312e+00 3.503256559371948242e+00 4.793116152286529541e-01
-4.562402248382568359e+00 3.513760328292846680e+00 2.705636322498321533e-01
-4.956768035888671875e+00 3.541096925735473633e+00 2.286961674690246582e-01
-4.585131645202636719e+00 3.535091876983642578e+00 6.164212524890899658e-02
-7.419004917144775391e+00 5.304022312164306641e+00 1.114218030124902725e-02
-4.689381122589111328e+00 3.365126848220825195e+00 1.517449855804443359e+00
-4.664021492004394531e+00 3.353098392486572266e+00 1.283991098403930664e+00
-4.653358459472656250e+00 3.351595878601074219e+00 1.060795903205871582e+00
-4.784857273101806641e+00 3.720008611679077148e+00 9.512639045715332031e-01
-4.611099720001220703e+00 3.326050519943237305e+00 8.385469317436218262e-01
-4.607626438140869141e+00 3.327214241027832031e+00 6.284527778625488281e-01
-4.655278682708740234e+00 3.365334510803222656e+00 4.248597919940948486e-01
-4.936566352844238281e+00 3.572616338729858398e+00 2.287712097167968750e-01
-4.507395744323730469e+00 3.519465923309326172e+00 6.088623404502868652e-02
-7.414667129516601562e+00 5.369974613189697266e+00 1.118494011461734772e-02
-4.667862892150878906e+00 3.393268346786499023e+00 1.517195582389831543e+00
-4.654403686523437500e+00 3.389696359634399414e+00 1.287045121192932129e+00
-4.652565002441406250e+00 3.394574642181396484e+00 1.065343260765075684e+00
-4.749523162841796875e+00 3.739519834518432617e+00 9.487830996513366699e-01
-4.596196174621582031e+00 3.358366489410400391e+00 8.395682573318481445e-01
-4.575090408325195312e+00 3.346621036529541016e+00 6.268041133880615234e-01
-4.616840362548828125e+00 3.380872964859008789e+00 4.232370853424072266e-01
-4.611522674560546875e+00 3.380689620971679688e+00 2.146652638912200928e-01
-7.390446662902832031e+00 5.421875476837158203e+00 1.119837909936904907e-02
-4.628263473510742188e+00 3.408082723617553711e+00 1.511093258857727051e+00
-4.679067134857177734e+00 3.451794147491455078e+00 1.299697518348693848e+00
-4.632439136505126953e+00 3.423642873764038086e+00 1.065525054931640625e+00
-4.721081256866455078e+00 3.764280796051025391e+00 9.476976990699768066e-01
-4.578683853149414062e+00 3.388859510421752930e+00 8.401519656181335449e-01
-4.576831340789794922e+00 3.391198873519897461e+00 6.298815608024597168e-01
-4.578387260437011719e+00 3.396066665649414062e+00 4.216143488883972168e-01
-4.595506191253662109e+00 3.412496328353881836e+00 2.148903608322143555e-01
-4.627276897430419922e+00 4.288891792297363281e+00 1.872533410787582397e-01
-4.656943321228027344e+00 3.460640430450439453e+00 7.088478654623031616e-03
-4.597961902618408203e+00 3.429478168487548828e+00 1.508042097091674805e+00
-4.681252479553222656e+00 3.497964382171630859e+00 1.306241869926452637e+00
-4.621578216552734375e+00 3.459663152694702148e+00 1.067889690399169922e+00
-4.572843551635742188e+00 3.428164720535278320e+00 8.429242372512817383e-01
-4.568656444549560547e+00 3.428763866424560547e+00 6.316400766372680664e-01
-4.590950965881347656e+00 3.449254751205444336e+00 4.247123003005981445e-01
-4.584863185882568359e+00 3.448438167572021484e+00 2.153780609369277954e-01
-4.561512470245361328e+00 4.280269145965576172e+00 1.856513619422912598e-01
-4.639616489410400391e+00 3.492156744003295898e+00 7.094587199389934540e-03
-4.542106628417968750e+00 3.431392192840576172e+00 1.496600151062011719e+00
-4.730515480041503906e+00 3.580216407775878906e+00 1.326092839241027832e+00
-4.656679630279541016e+00 3.530730724334716797e+00 1.080985903739929199e+00
-4.582450866699218750e+00 3.479490995407104492e+00 8.486147522926330566e-01
-4.590261459350585938e+00 3.489212036132812500e+00 6.375750899314880371e-01
-4.570493698120117188e+00 3.477963447570800781e+00 4.247860610485076904e-01
-4.569976806640625000e+00 3.481349945068359375e+00 2.156781852245330811e-01
-4.602991580963134766e+00 3.509040117263793945e+00 7.071374449878931046e-03
-4.772189617156982422e+00 3.664642810821533203e+00 1.112999081611633301e+00
-4.576699256896972656e+00 3.519604444503784180e+00 8.515329360961914062e-01
-4.664850711822509766e+00 3.591284036636352539e+00 6.509838700294494629e-01
-4.534848690032958984e+00 3.494983911514282227e+00 4.234583675861358643e-01
-4.560397624969482422e+00 3.518481731414794922e+00 2.162409275770187378e-01
-4.546546936035156250e+00 3.510328054428100586e+00 7.017618510872125626e-03
-4.521770954132080078e+00 3.535695075988769531e+00 7.012731395661830902e-03
-4.734344005584716797e+00 3.734182357788085938e+00 8.893237113952636719e-01
-4.503911495208740234e+00 3.566477537155151367e+00 7.018840406090021133e-03
-4.705158710479736328e+00 3.758222103118896484e+00 8.881564736366271973e-01
-4.571922302246093750e+00 4.243430137634277344e+00 1.263050436973571777e-01
-7.008838176727294922e+00 5.620349407196044922e+00 1.097602397203445435e-02
-4.652781009674072266e+00 3.763380050659179688e+00 8.826118111610412598e-01
-4.531955242156982422e+00 4.258395195007324219e+00 1.259204000234603882e-01
-6.676123619079589844e+00 5.421186923980712891e+00 1.050687953829765320e-02
-4.552301406860351562e+00 3.728545665740966797e+00 8.678749203681945801e-01
-7.107726097106933594e+00 5.844392299652099609e+00 1.124236173927783966e-02
-7.102471351623535156e+00 5.913488388061523438e+00 1.129123102873563766e-02
-7.144802570343017578e+00 6.023345947265625000e+00 1.141706854104995728e-02
-4.598603248596191406e+00 4.221786975860595703e+00 6.646490097045898438e-02
-7.125203132629394531e+00 6.082004070281982422e+00 1.144516840577125549e-02
-4.600444793701171875e+00 4.275792121887207031e+00 6.686946004629135132e-02
-7.028737068176269531e+00 6.074606418609619141e+00 1.134987454861402512e-02
-4.568296432495117188e+00 4.298457622528076172e+00 6.678428500890731812e-02
-7.031217098236083984e+00 6.152520656585693359e+00 1.141462568193674088e-02
-4.532423496246337891e+00 4.317441463470458984e+00 6.664588302373886108e-02
-6.976118087768554688e+00 6.180295944213867188e+00 1.138652581721544266e-02
-6.955931663513183594e+00 6.239009380340576172e+00 1.141584757715463638e-02
-6.922700881958007812e+00 6.286278247833251953e+00 1.142439991235733032e-02
-4.639392375946044922e+00 4.265112876892089844e+00 7.699344307184219360e-03
-4.560898303985595703e+00 4.241911888122558594e+00 2.338358312845230103e-01
-4.595566749572753906e+00 4.277148246765136719e+00 7.670022547245025635e-03
-4.572875022888183594e+00 4.308694362640380859e+00 7.676131092011928558e-03
-4.539838790893554688e+00 4.330460071563720703e+00 7.665135432034730911e-03
-6.906449794769287109e+00 6.669335365295410156e+00 1.172983273863792419e-02
-6.859676361083984375e+00 6.705994129180908203e+00 1.172005850821733475e-02
-6.812003135681152344e+00 6.741627216339111328e+00 1.170906238257884979e-02
-6.762032032012939453e+00 6.774805068969726562e+00 1.169440150260925293e-02
-3.251740694046020508e+00 4.094686985015869141e+00 1.122865319252014160e+00
-6.696464061737060547e+00 6.791956901550292969e+00 1.165286265313625336e-02
-3.248089313507080078e+00 4.143512248992919922e+00 1.337104678153991699e+00
-3.224745035171508789e+00 4.112254142761230469e+00 1.122235536575317383e+00
-3.194404363632202148e+00 4.076492786407470703e+00 7.214093804359436035e-01
-3.194140434265136719e+00 4.079088211059570312e+00 5.308225750923156738e-01
-3.217243671417236328e+00 4.111547946929931641e+00 3.440115749835968018e-01
-3.244252920150756836e+00 4.147556304931640625e+00 1.562817841768264771e-01
-6.676292419433593750e+00 6.855125904083251953e+00 1.169073674827814102e-02
-3.207772254943847656e+00 4.144202709197998047e+00 1.330950856208801270e+00
-3.183888912200927734e+00 4.111864089965820312e+00 1.116776585578918457e+00
-3.195834875106811523e+00 4.128780364990234375e+00 9.225051999092102051e-01
-3.175998449325561523e+00 4.104632854461669922e+00 7.229269742965698242e-01
-3.164183616638183594e+00 4.092314243316650391e+00 5.300071835517883301e-01
-3.180973529815673828e+00 4.116998195648193359e+00 3.428280353546142578e-01
-3.202857017517089844e+00 4.146816730499267578e+00 1.555104553699493408e-01
-6.682635307312011719e+00 6.946408271789550781e+00 1.177625823765993118e-02
-3.169924259185791016e+00 4.147635459899902344e+00 1.325781702995300293e+00
-3.150879144668579102e+00 4.121225357055664062e+00 1.114047050476074219e+00
-3.122603416442871094e+00 4.085719585418701172e+00 9.085859060287475586e-01
-3.135119676589965820e+00 4.103580474853515625e+00 7.193399071693420410e-01
-3.139014244079589844e+00 4.111652374267578125e+00 5.300071835517883301e-01
-3.156257390975952148e+00 4.137231826782226562e+00 3.428937792778015137e-01
-3.188262701034545898e+00 4.180697441101074219e+00 1.560444533824920654e-01
-3.135658025741577148e+00 4.155402660369873047e+00 1.322089433670043945e+00
-3.096668720245361328e+00 4.102244853973388672e+00 1.103759050369262695e+00
-3.050615549087524414e+00 4.042704105377197266e+00 8.948405385017395020e-01
-3.094970226287841797e+00 4.102972507476806641e+00 7.158908247947692871e-01
-3.114325284957885742e+00 4.131629943847656250e+00 5.301091074943542480e-01
-3.142819404602050781e+00 4.172461032867431641e+00 3.442088067531585693e-01
-3.165556907653808594e+00 4.204174518585205078e+00 1.561927795410156250e-01
-6.551718711853027344e+00 6.979770183563232422e+00 1.169562432914972305e-02
-3.093284606933593750e+00 4.153504371643066406e+00 1.526169419288635254e+00
-3.098520755767822266e+00 4.159019947052001953e+00 1.317166328430175781e+00
-3.065012693405151367e+00 4.112545013427734375e+00 1.101449489593505859e+00
-3.012809514999389648e+00 4.043972969055175781e+00 8.910127282142639160e-01
-3.067370414733886719e+00 4.118708133697509766e+00 7.153390049934387207e-01
-3.100199699401855469e+00 4.165824413299560547e+00 5.320456624031066895e-01
-3.013761520385742188e+00 4.098989486694335938e+00 1.499315261840820312e+00
-3.064329147338867188e+00 4.166242122650146484e+00 1.313474059104919434e+00
-3.272308349609375000e+00 4.119017601013183594e+00 1.279487490653991699e+00
-3.034506082534790039e+00 4.124186515808105469e+00 1.099559903144836426e+00
-3.255911588668823242e+00 4.101316928863525391e+00 1.071105957031250000e+00
-2.976853609085083008e+00 4.047310829162597656e+00 8.877068758010864258e-01
-3.027373313903808594e+00 4.117502689361572266e+00 7.118899226188659668e-01
-3.076936483383178711e+00 4.187975406646728516e+00 5.324534177780151367e-01
-2.084688663482666016e+00 2.840556859970092773e+00 1.045735105872154236e-01
-2.985736608505249023e+00 4.113523006439208984e+00 1.497901797294616699e+00
-3.030165672302246094e+00 4.173201560974121094e+00 1.309781670570373535e+00
-3.232579469680786133e+00 4.120670795440673828e+00 1.273815631866455078e+00
-2.990181922912597656e+00 4.116623878479003906e+00 1.092631220817565918e+00
-3.214365482330322266e+00 4.100399494171142578e+00 1.065695405006408691e+00
-2.956592321395874023e+00 4.071875095367431641e+00 8.890987634658813477e-01
-2.997979164123535156e+00 4.130389690399169922e+00 7.109242081642150879e-01
-3.177485466003417969e+00 4.059186935424804688e+00 6.676802039146423340e-01
-3.048261165618896484e+00 4.202749729156494141e+00 5.319437980651855469e-01
-3.188241004943847656e+00 4.075857162475585938e+00 4.809530973434448242e-01
-3.226212263107299805e+00 4.127367496490478516e+00 2.956384420394897461e-01
-2.033792972564697266e+00 2.807156324386596680e+00 1.028825417160987854e-01
-3.258781671524047852e+00 4.172035217285156250e+00 1.071942895650863647e-01
-2.966027021408081055e+00 4.139562606811523438e+00 1.500728487968444824e+00
-2.994338750839233398e+00 4.177536010742187500e+00 1.305351018905639648e+00
-3.188788414001464844e+00 4.116614818572998047e+00 1.266489386558532715e+00
-2.956889867782592773e+00 4.123769283294677734e+00 1.089691638946533203e+00
-3.182548761367797852e+00 4.111523151397705078e+00 1.063490986824035645e+00
-2.932125806808471680e+00 4.090740203857421875e+00 8.892727494239807129e-01
-2.974309682846069336e+00 4.151122570037841797e+00 7.113380432128906250e-01
-3.164042234420776367e+00 4.093515396118164062e+00 6.701207160949707031e-01
-3.035156726837158203e+00 4.239168643951416016e+00 5.341860651969909668e-01
-3.157694339752197266e+00 4.088251113891601562e+00 4.801202118396759033e-01
-3.194115877151489258e+00 4.138391494750976562e+00 2.950186431407928467e-01
-2.028159618377685547e+00 2.835843324661254883e+00 1.034758612513542175e-01
-3.222741127014160156e+00 4.178493976593017578e+00 1.068501397967338562e-01
-2.952203035354614258e+00 4.174129962921142578e+00 1.506664752960205078e+00
-2.969769001007080078e+00 4.197412490844726562e+00 1.305843353271484375e+00
-3.152253389358520508e+00 4.121438980102539062e+00 1.261999130249023438e+00
-2.930966615676879883e+00 4.141036987304687500e+00 1.089481711387634277e+00
-3.131084442138671875e+00 4.096724033355712891e+00 1.054673671722412109e+00
-2.908676862716674805e+00 4.111065864562988281e+00 8.897947669029235840e-01
-3.108501434326171875e+00 4.070119857788085938e+00 8.533520102500915527e-01
-2.948782920837402344e+00 4.169294357299804688e+00 7.113380432128906250e-01
-3.133450269699096680e+00 4.105757236480712891e+00 6.689646840095520020e-01
-2.982103824615478516e+00 4.219530105590820312e+00 5.293956398963928223e-01
-3.130738496780395508e+00 4.105174541473388672e+00 4.798426032066345215e-01
-3.162006616592407227e+00 4.149177551269531250e+00 2.943988740444183350e-01
-2.001497507095336914e+00 2.835169076919555664e+00 1.030011996626853943e-01
-3.190378665924072266e+00 4.189439773559570312e+00 1.066274493932723999e-01
-2.940262079238891602e+00 4.211828708648681641e+00 1.513731598854064941e+00
-2.937299013137817383e+00 4.206019878387451172e+00 1.302889466285705566e+00
-3.109924316406250000e+00 4.118216037750244141e+00 1.255145549774169922e+00
-2.906622409820556641e+00 4.160546302795410156e+00 1.089901685714721680e+00
-3.084643602371215820e+00 4.087705135345458984e+00 1.047459483146667480e+00
-2.891290426254272461e+00 4.140139102935791016e+00 8.922306895256042480e-01
-3.065652370452880859e+00 4.065489292144775391e+00 8.484212160110473633e-01
-2.917475700378417969e+00 4.179188251495361328e+00 7.099584341049194336e-01
-3.103424310684204102e+00 4.118570327758789062e+00 6.679370999336242676e-01
-2.937375068664550781e+00 4.210824489593505859e+00 5.260321497917175293e-01
-3.110282182693481445e+00 4.130670547485351562e+00 4.805829524993896484e-01
-2.955729961395263672e+00 4.240290164947509766e+00 3.405925035476684570e-01
-3.141890525817871094e+00 4.175681114196777344e+00 2.949059605598449707e-01
-3.008096456527709961e+00 4.317020893096923828e+00 1.561631262302398682e-01
-3.144784927368164062e+00 4.182566165924072266e+00 1.059593856334686279e-01
-2.889328718185424805e+00 4.193456172943115234e+00 1.500728487968444824e+00
-2.899884939193725586e+00 4.207205295562744141e+00 1.297720193862915039e+00
-3.073561668395996094e+00 4.122419834136962891e+00 1.250655293464660645e+00
-2.877153873443603516e+00 4.172667980194091797e+00 1.088431954383850098e+00
-3.045455694198608398e+00 4.087699890136718750e+00 1.042649984359741211e+00
-2.906629323959350586e+00 4.216990470886230469e+00 9.049320816993713379e-01
-3.027101278305053711e+00 4.066025733947753906e+00 8.446410298347473145e-01
-2.893463611602783203e+00 4.199457645416259766e+00 7.103723287582397461e-01
-3.070399522781372070e+00 4.127191066741943359e+00 6.662672162055969238e-01
-2.908662080764770508e+00 4.224671363830566406e+00 5.255225300788879395e-01
-3.097947120666503906e+00 4.167256832122802734e+00 4.826189279556274414e-01
-2.937574386596679688e+00 4.269855499267578125e+00 3.415130078792572021e-01
-2.962859630584716797e+00 4.308218479156494141e+00 1.551841348409652710e-01
-3.022534132003784180e+00 4.103319168090820312e+00 1.444047689437866211e+00
-2.871289730072021484e+00 4.220912456512451172e+00 1.296489477157592773e+00
-3.034384965896606445e+00 4.122420310974121094e+00 1.244983315467834473e+00
-2.864148139953613281e+00 4.208834648132324219e+00 1.093261003494262695e+00
-3.016253471374511719e+00 4.100784778594970703e+00 1.041247248649597168e+00
-3.253438949584960938e+00 4.099579334259033203e+00 1.019220590591430664e+00
-2.876268625259399414e+00 4.228231906890869141e+00 9.035401344299316406e-01
-2.982817888259887695e+00 4.058294296264648438e+00 8.392171859741210938e-01
-2.873768091201782227e+00 4.226141452789306641e+00 7.118899226188659668e-01
-3.040321588516235352e+00 4.139558792114257812e+00 6.652396321296691895e-01
-2.887157917022705078e+00 4.249021530151367188e+00 5.263379216194152832e-01
-3.075853824615478516e+00 4.191003322601318359e+00 4.831741750240325928e-01
-2.911880254745483398e+00 4.288625240325927734e+00 3.415787518024444580e-01
-2.926826238632202148e+00 4.312256813049316406e+00 1.546798050403594971e-01
-2.043630361557006836e+00 2.788626909255981445e+00 7.000526785850524902e-02
-2.995036125183105469e+00 4.118675231933593750e+00 1.442957162857055664e+00
-2.846416950225830078e+00 4.240060329437255859e+00 1.296981692314147949e+00
-3.007890939712524414e+00 4.139389514923095703e+00 1.244510769844055176e+00
-3.237737178802490234e+00 4.125669956207275391e+00 1.222348093986511230e+00
-2.828457593917846680e+00 4.211719036102294922e+00 1.089481711387634277e+00
-2.978370666503906250e+00 4.101774215698242188e+00 1.036838650703430176e+00
-3.183420419692993164e+00 4.062293052673339844e+00 1.005075335502624512e+00
-2.838195562362670898e+00 4.227813720703125000e+00 8.997123241424560547e-01
-2.951488256454467773e+00 4.067738056182861328e+00 8.374091982841491699e-01
-2.836744785308837891e+00 4.227246761322021484e+00 7.091306447982788086e-01
-3.012535810470581055e+00 4.154923915863037109e+00 6.647258400917053223e-01
-3.202312946319580078e+00 4.095227241516113281e+00 6.245000958442687988e-01
-2.872112751007080078e+00 4.283181667327880859e+00 5.283764004707336426e-01
-3.201685905456542969e+00 4.097372055053710938e+00 4.339084029197692871e-01
-2.887732744216918945e+00 4.309727191925048828e+00 3.418417870998382568e-01
-3.249028444290161133e+00 4.160952091217041016e+00 2.480362206697463989e-01
-2.878617763519287109e+00 4.297745704650878906e+00 1.535228192806243896e-01
-2.035271406173706055e+00 2.813264369964599609e+00 7.030893117189407349e-02
-3.272386550903320312e+00 4.195392608642578125e+00 5.664900317788124084e-02
-2.969146966934204102e+00 4.136193275451660156e+00 1.442684531211853027e+00
-2.824093580245971680e+00 4.263101577758789062e+00 1.298704743385314941e+00
-2.986966133117675781e+00 4.164083957672119141e+00 1.246401309967041016e+00
-3.192675828933715820e+00 4.120054721832275391e+00 1.214857339859008789e+00
-2.802021741867065430e+00 4.228179931640625000e+00 1.089271783828735352e+00
-2.949151277542114258e+00 4.114398002624511719e+00 1.035435795783996582e+00
-3.143417358398437500e+00 4.062342166900634766e+00 1.000296592712402344e+00
-2.930494070053100586e+00 4.091384887695312500e+00 8.385596871376037598e-01
-2.782317876815795898e+00 4.201632022857666016e+00 7.019565701484680176e-01
-2.987562179565429688e+00 4.174136638641357422e+00 6.648542881011962891e-01
-3.164382457733154297e+00 4.098296165466308594e+00 6.219953894615173340e-01
-2.828760147094726562e+00 4.275005817413330078e+00 5.252167582511901855e-01
-3.150308132171630859e+00 4.083013534545898438e+00 4.303326606750488281e-01
-3.217946767807006836e+00 4.173689365386962891e+00 2.476138174533843994e-01
-1.999377846717834473e+00 2.799664020538330078e+00 6.966111063957214355e-02
-3.208143472671508789e+00 4.165482997894287109e+00 5.597828701138496399e-02
-2.944824457168579102e+00 4.155903816223144531e+00 1.443229675292968750e+00
-2.793640136718750000e+00 4.273859500885009766e+00 1.296735525131225586e+00
-2.945076227188110352e+00 4.159336090087890625e+00 1.239547848701477051e+00
-3.162009477615356445e+00 4.132606029510498047e+00 1.212814450263977051e+00
-2.766393661499023438e+00 4.230564117431640625e+00 1.085492491722106934e+00
-2.921586513519287109e+00 4.129217147827148438e+00 1.034634232521057129e+00
-3.111876964569091797e+00 4.072973728179931641e+00 9.981938600540161133e-01
-2.937793493270874023e+00 4.155198097229003906e+00 8.479281663894653320e-01
-3.143870353698730469e+00 4.116337299346923828e+00 8.129546046257019043e-01
-2.954454660415649414e+00 4.181859970092773438e+00 6.631844043731689453e-01
-3.131952762603759766e+00 4.108160495758056641e+00 6.205641627311706543e-01
-2.982110977172851562e+00 4.224133968353271484e+00 4.805829524993896484e-01
-3.126403570175170898e+00 4.103851795196533203e+00 4.304989874362945557e-01
-3.192276716232299805e+00 4.193355560302734375e+00 2.476138174533843994e-01
-3.178287267684936523e+00 4.179517745971679688e+00 5.590376257896423340e-02
-2.929194688796997070e+00 4.188086032867431641e+00 1.448136806488037109e+00
-2.744775295257568359e+00 4.255896091461181641e+00 1.286151051521301270e+00
-2.915046691894531250e+00 4.170957088470458984e+00 1.237657189369201660e+00
-3.102543830871582031e+00 4.106859207153320312e+00 1.199648976325988770e+00
-2.750454425811767578e+00 4.263068199157714844e+00 1.089481711387634277e+00
-2.893951654434204102e+00 4.143853187561035156e+00 1.033832669258117676e+00
-3.076187133789062500e+00 4.077886581420898438e+00 9.947531819343566895e-01
-2.895307302474975586e+00 4.148878574371337891e+00 8.429973721504211426e-01
-3.085839748382568359e+00 4.092167854309082031e+00 8.044266104698181152e-01
-2.913991212844848633e+00 4.178759574890136719e+00 6.598447561264038086e-01
-3.109672069549560547e+00 4.131266593933105469e+00 6.211605072021484375e-01
-2.933365821838378906e+00 4.209674835205078125e+00 4.768811762332916260e-01
-3.114342689514160156e+00 4.140479087829589844e+00 4.323284327983856201e-01
-2.984925508499145508e+00 4.286857128143310547e+00 2.947932779788970947e-01
-3.165886640548706055e+00 4.212065696716308594e+00 2.475668936967849731e-01
-3.005836009979248047e+00 4.320103645324707031e+00 1.065667197108268738e-01
-3.139373779296875000e+00 4.181348323822021484e+00 5.566954240202903748e-02
-2.892709255218505859e+00 4.193563461303710938e+00 1.239075064659118652e+00
-3.073210477828979492e+00 4.120354175567626953e+00 1.198060035705566406e+00
-2.906835556030273438e+00 4.217191219329833984e+00 1.047659873962402344e+00
-3.045830965042114258e+00 4.089599609375000000e+00 9.930327534675598145e-01
-2.878748178482055664e+00 4.179563522338867188e+00 8.456271886825561523e-01
-3.033534765243530273e+00 4.074573993682861328e+00 7.972940802574157715e-01
-2.882673501968383789e+00 4.188391685485839844e+00 6.585602760314941406e-01
-3.083080291748046875e+00 4.148675918579101562e+00 6.209219694137573242e-01
-2.911994457244873047e+00 4.234157562255859375e+00 4.776215255260467529e-01
-3.104326009750366211e+00 4.180311679840087891e+00 4.344905018806457520e-01
-2.924071550369262695e+00 4.254898548126220703e+00 2.913562953472137451e-01
-2.976441860198974609e+00 4.334344387054443359e+00 1.064654961228370667e-01
-3.091775178909301758e+00 4.194156646728515625e+00 1.421540975570678711e+00
-2.869657754898071289e+00 4.215250015258789062e+00 1.240256786346435547e+00
-3.038630962371826172e+00 4.126585483551025391e+00 1.194428086280822754e+00
-3.266656875610351562e+00 4.111719608306884766e+00 1.173828840255737305e+00
-2.878149509429931641e+00 4.230897426605224609e+00 1.046657919883728027e+00
-3.013702630996704102e+00 4.098721981048583984e+00 9.907389283180236816e-01
-2.867466449737548828e+00 4.218358993530273438e+00 8.499004840850830078e-01
-3.000870466232299805e+00 4.082762718200683594e+00 7.952783703804016113e-01
-2.858034133911132812e+00 4.207641124725341797e+00 6.588171720504760742e-01
-3.052280426025390625e+00 4.160310268402099609e+00 6.198485493659973145e-01
-2.894906044006347656e+00 4.265127182006835938e+00 4.791022241115570068e-01
-3.081563472747802734e+00 4.203299045562744141e+00 4.349062442779541016e-01
-2.896227598190307617e+00 4.270281314849853516e+00 2.911872565746307373e-01
-2.944742679595947266e+00 4.345077514648437500e+00 1.062832996249198914e-01
-3.042140007019042969e+00 4.180286407470703125e+00 1.410486698150634766e+00
-2.842113971710205078e+00 4.230359077453613281e+00 1.239547848701477051e+00
-3.008672237396240234e+00 4.138850688934326172e+00 1.192612171173095703e+00
-3.243776082992553711e+00 4.134757518768310547e+00 1.174701452255249023e+00
-2.823193073272705078e+00 4.205366611480712891e+00 1.036036968231201172e+00
-2.974081993103027344e+00 4.097278118133544922e+00 9.859602451324462891e-01
-2.838232040405273438e+00 4.230958938598632812e+00 8.489143252372741699e-01
-2.973442077636718750e+00 4.097900867462158203e+00 7.946581840515136719e-01
-2.837684631347656250e+00 4.233336448669433594e+00 6.601016521453857422e-01
-3.042420625686645508e+00 4.200671672821044922e+00 6.230688691139221191e-01
-3.176160573959350586e+00 4.066077232360839844e+00 5.705313682556152344e-01
-2.873668670654296875e+00 4.290255546569824219e+00 4.799351394176483154e-01
-3.192654132843017578e+00 4.091606140136718750e+00 3.838490545749664307e-01
-2.870526552200317383e+00 4.288801193237304688e+00 2.912435829639434814e-01
-2.087424993515014648e+00 2.886348247528076172e+00 1.673599183559417725e-01
-3.235062122344970703e+00 4.150434017181396484e+00 1.975580751895904541e-01
-3.207007884979248047e+00 4.117404937744140625e+00 6.376210134476423264e-03
-3.003487110137939453e+00 4.180853366851806641e+00 1.404433131217956543e+00
-2.823083400726318359e+00 4.258246421813964844e+00 1.242620110511779785e+00
-2.970728635787963867e+00 4.139826297760009766e+00 1.187618374824523926e+00
-3.201610565185546875e+00 4.132981300354003906e+00 1.168593406677246094e+00
-2.799500703811645508e+00 4.225877285003662109e+00 1.036838650703430176e+00
-2.943740129470825195e+00 4.108268260955810547e+00 9.842398166656494141e-01
-3.153685569763183594e+00 4.078461170196533203e+00 9.536613225936889648e-01
-2.960322380065917969e+00 4.132934093475341797e+00 7.979143261909484863e-01
-3.162137269973754883e+00 4.095295906066894531e+00 7.631112337112426758e-01
-2.825333833694458008e+00 4.271346569061279297e+00 6.633128523826599121e-01
-3.011391162872314453e+00 4.211991310119628906e+00 6.219953894615173340e-01
-3.159650325775146484e+00 4.096507549285888672e+00 5.720700621604919434e-01
-2.847290039062500000e+00 4.307806968688964844e+00 4.799351394176483154e-01
-3.162618875503540039e+00 4.104798793792724609e+00 3.832589387893676758e-01
-2.047039985656738281e+00 2.867395639419555664e+00 1.655295640230178833e-01
-3.208315849304199219e+00 4.168622016906738281e+00 1.974830478429794312e-01
-1.997749567031860352e+00 2.801452636718750000e+00 3.663394600152969360e-02
-3.190218448638916016e+00 4.148102760314941406e+00 6.393314339220523834e-03
-2.983915805816650391e+00 4.207859992980957031e+00 1.407328248023986816e+00
-3.190022706985473633e+00 4.163098335266113281e+00 1.378875732421875000e+00
-2.794242382049560547e+00 4.271422863006591797e+00 1.241438508033752441e+00
-2.944145202636718750e+00 4.156386852264404297e+00 1.187164425849914551e+00
-3.163739681243896484e+00 4.136269569396972656e+00 1.164012432098388672e+00
-2.763869524002075195e+00 4.228214263916015625e+00 1.033231496810913086e+00
-2.914509057998657227e+00 4.120644092559814453e+00 9.829017519950866699e-01
-3.111296653747558594e+00 4.075069904327392578e+00 9.483864307403564453e-01
-2.955439090728759766e+00 4.180059432983398438e+00 8.034963011741638184e-01
-3.132151126861572266e+00 4.108327865600585938e+00 7.619439363479614258e-01
-2.957438945770263672e+00 4.190640926361083984e+00 6.161511540412902832e-01
-3.132046222686767578e+00 4.112654685974121094e+00 5.716304183006286621e-01
-2.965767621994018555e+00 4.205558300018310547e+00 4.294179379940032959e-01
-3.143410921096801758e+00 4.132064342498779297e+00 3.839965462684631348e-01
-2.019050359725952148e+00 2.865204334259033203e+00 1.646847724914550781e-01
-3.187514066696166992e+00 4.194594383239746094e+00 1.977831721305847168e-01
-3.182848930358886719e+00 4.191492080688476562e+00 6.429966539144515991e-03
-2.956381082534790039e+00 4.223718643188476562e+00 1.406538724899291992e+00
-3.165001869201660156e+00 4.183364868164062500e+00 1.379130005836486816e+00
-2.762711286544799805e+00 4.280323505401611328e+00 1.239075064659118652e+00
-2.910216093063354492e+00 4.162401199340820312e+00 1.183759570121765137e+00
-3.114186763763427734e+00 4.123673439025878906e+00 1.155068516731262207e+00
-2.732032775878906250e+00 4.236036777496337891e+00 1.031027197837829590e+00
-2.888046741485595703e+00 4.136839866638183594e+00 9.825194478034973145e-01
-3.061965465545654297e+00 4.061890125274658203e+00 9.409288763999938965e-01
-2.922950744628906250e+00 4.188393592834472656e+00 8.016356229782104492e-01
-3.088440418243408203e+00 4.102966785430908203e+00 7.574207782745361328e-01
-2.907267570495605469e+00 4.173676967620849609e+00 6.110225319862365723e-01
-3.103765726089477539e+00 4.127822875976562500e+00 5.710808634757995605e-01
-2.933075428009033203e+00 4.213861942291259766e+00 4.284200966358184814e-01
-3.141954660415649414e+00 4.183169841766357422e+00 3.869469761848449707e-01
-2.997869968414306641e+00 4.310158252716064453e+00 2.466751784086227417e-01
-3.173710823059082031e+00 4.230060577392578125e+00 1.985334753990173340e-01
-2.993041992187500000e+00 4.308027267456054688e+00 5.585053190588951111e-02
-3.113280534744262695e+00 4.152534961700439453e+00 6.340779829770326614e-03
-2.925473928451538086e+00 4.234635353088378906e+00 1.404169917106628418e+00
-3.138116359710693359e+00 4.201156616210937500e+00 1.378621459007263184e+00
-2.884621381759643555e+00 4.180179595947265625e+00 1.183759570121765137e+00
-3.076575517654418945e+00 4.126274108886718750e+00 1.150487542152404785e+00
-2.873190879821777344e+00 4.169839859008789062e+00 9.861513376235961914e-01
-3.029352426528930664e+00 4.070346832275390625e+00 9.385643005371093750e-01
-2.894954681396484375e+00 4.202995300292968750e+00 8.010154366493225098e-01
-3.043143272399902344e+00 4.094842433929443359e+00 7.524597644805908203e-01
-2.886103391647338867e+00 4.197981834411621094e+00 6.119766831398010254e-01
-3.081341743469238281e+00 4.150780200958251953e+00 5.716304183006286621e-01
-2.916192770004272461e+00 4.244921684265136719e+00 4.297505915164947510e-01
-3.121574163436889648e+00 4.209579467773437500e+00 3.876107931137084961e-01
-2.939143180847167969e+00 4.281530857086181641e+00 2.440000623464584351e-01
-3.142342805862426758e+00 4.242227554321289062e+00 1.981958448886871338e-01
-2.960897207260131836e+00 4.318064212799072266e+00 5.574406683444976807e-02
-2.886392354965209961e+00 4.233375549316406250e+00 1.397853136062622070e+00
-3.091040849685668945e+00 4.191532611846923828e+00 1.369213700294494629e+00
-2.868237495422363281e+00 4.211484909057617188e+00 1.187618374824523926e+00
-3.044835567474365234e+00 4.136428833007812500e+00 1.148087978363037109e+00
-2.832648277282714844e+00 4.165475845336914062e+00 9.809902906417846680e-01
-3.005484580993652344e+00 4.090442657470703125e+00 9.389280676841735840e-01
-2.863001823425292969e+00 4.211692333221435547e+00 7.993097901344299316e-01
-3.012693643569946289e+00 4.106258869171142578e+00 7.511466145515441895e-01
-2.869767665863037109e+00 4.229578971862792969e+00 6.140043139457702637e-01
-3.061102867126464844e+00 4.176823616027832031e+00 5.726195573806762695e-01
-2.887854576110839844e+00 4.259435653686523438e+00 4.294179379940032959e-01
-2.905533552169799805e+00 4.288733482360839844e+00 2.433899492025375366e-01
-2.925940036773681641e+00 4.323728561401367188e+00 5.558437108993530273e-02
-2.059682130813598633e+00 2.818647623062133789e+00 4.265060182660818100e-03
-2.863055467605590820e+00 4.255008697509765625e+00 1.399169206619262695e+00
-3.059571981430053711e+00 4.202601432800292969e+00 1.366671085357666016e+00
-2.844515323638916016e+00 4.232237339019775391e+00 1.188526272773742676e+00
-3.006202220916748047e+00 4.136875629425048828e+00 1.143070697784423828e+00
-2.808130025863647461e+00 4.184408187866210938e+00 9.813725352287292480e-01
-2.962431430816650391e+00 4.084131717681884766e+00 9.332893490791320801e-01
-2.837105512619018555e+00 4.229179859161376953e+00 7.993097901344299316e-01
-2.981057882308959961e+00 4.115853786468505859e+00 7.495415806770324707e-01
-2.847628116607666016e+00 4.252882957458496094e+00 6.148391962051391602e-01
-3.052312612533569336e+00 4.218881130218505859e+00 5.758069157600402832e-01
-2.862219095230102539e+00 4.277903556823730469e+00 4.295011460781097412e-01
-2.880829095840454102e+00 4.308971881866455078e+00 2.435307353734970093e-01
-2.082257986068725586e+00 2.884435176849365234e+00 1.335561573505401611e-01
-2.037082910537719727e+00 2.823933362960815430e+00 4.254064522683620453e-03
-3.029776334762573242e+00 4.215797901153564453e+00 1.364891171455383301e+00
-2.820108175277709961e+00 4.252046585083007812e+00 1.189207315444946289e+00
-2.973367214202880859e+00 4.144934654235839844e+00 1.140234827995300293e+00
-2.786195755004882812e+00 4.207288742065429688e+00 9.827105998992919922e-01
-2.937315940856933594e+00 4.102231979370117188e+00 9.332893490791320801e-01
-2.966104269027709961e+00 4.148553371429443359e+00 7.521679401397705078e-01
-2.815458536148071289e+00 4.261163234710693359e+00 6.135271787643432617e-01
-3.011349439620971680e+00 4.216500282287597656e+00 5.729493498802185059e-01
-2.055241346359252930e+00 2.884136438369750977e+00 1.329559087753295898e-01
-2.017977237701416016e+00 2.833935737609863281e+00 4.250399302691221237e-03
-2.992100477218627930e+00 4.217743873596191406e+00 1.359551668167114258e+00
-2.781165838241577148e+00 4.249712467193603516e+00 1.183759570121765137e+00
-2.940546751022338867e+00 4.152746677398681641e+00 1.137398958206176758e+00
-2.749052524566650391e+00 4.207049846649169922e+00 9.786964654922485352e-01
-2.916062593460083008e+00 4.125798702239990234e+00 9.345626235008239746e-01
-2.938882350921630859e+00 4.164250373840332031e+00 7.517302632331848145e-01
-2.944187402725219727e+00 4.176407337188720703e+00 5.650359988212585449e-01
-2.968520402908325195e+00 4.215610027313232422e+00 3.813411593437194824e-01
-2.012209653854370117e+00 2.860729455947875977e+00 1.313052177429199219e-01
-1.998825430870056152e+00 2.843810081481933594e+00 4.246734082698822021e-03
-2.941201448440551758e+00 4.200373649597167969e+00 1.348109722137451172e+00
-2.760320663452148438e+00 4.274879455566406250e+00 1.186029553413391113e+00
-2.923396587371826172e+00 4.182710170745849609e+00 1.140671014785766602e+00
-2.709889888763427734e+00 4.203214168548583984e+00 9.739176630973815918e-01
-2.891255140304565430e+00 4.144420623779296875e+00 9.347445964813232422e-01
-2.908751726150512695e+00 4.175710201263427734e+00 7.505629062652587891e-01
-2.908287286758422852e+00 4.179708480834960938e+00 5.630576014518737793e-01
-2.944305658340454102e+00 4.236201763153076172e+00 3.815624713897705078e-01
-2.990218400955200195e+00 4.307070732116699219e+00 1.968452632427215576e-01
-2.998228073120117188e+00 4.321826934814453125e+00 6.426300853490829468e-03
-2.914823293685913086e+00 4.217545986175537109e+00 1.347855448722839355e+00
-2.707875490188598633e+00 4.250666618347167969e+00 1.174679875373840332e+00
-2.891581535339355469e+00 4.191732883453369141e+00 1.138271570205688477e+00
-2.865213155746459961e+00 4.161272525787353516e+00 9.345626235008239746e-01
-2.879151821136474609e+00 4.187772750854492188e+00 7.495415806770324707e-01
-2.883712053298950195e+00 4.199113368988037109e+00 5.632774829864501953e-01
-2.918821334838867188e+00 4.255010604858398438e+00 3.816362321376800537e-01
-2.963734388351440430e+00 4.325337409973144531e+00 1.968452632427215576e-01
-2.973348379135131836e+00 4.342617988586425781e+00 6.429966539144515991e-03
-2.887800216674804688e+00 4.233753681182861328e+00 1.347347021102905273e+00
-2.859216451644897461e+00 4.199715614318847656e+00 1.135653734207153320e+00
-2.839626073837280273e+00 4.178774833679199219e+00 9.345626235008239746e-01
-2.865067005157470703e+00 4.222551822662353516e+00 7.526057362556457520e-01
-2.865141391754150391e+00 4.227424144744873047e+00 5.647062063217163086e-01
-2.889862775802612305e+00 4.268710613250732422e+00 3.812674283981323242e-01
-2.926503181457519531e+00 4.327712535858154297e+00 1.961324661970138550e-01
-2.865008354187011719e+00 4.256206989288330078e+00 1.348872542381286621e+00
-2.849721193313598633e+00 4.241482257843017578e+00 1.142197966575622559e+00
-2.815575361251831055e+00 4.198570251464843750e+00 9.351083040237426758e-01
-2.850112438201904297e+00 4.256493091583251953e+00 7.555239200592041016e-01
-2.841358900070190430e+00 4.248229503631591797e+00 5.651458501815795898e-01
-2.874696016311645508e+00 4.302947044372558594e+00 3.827426135540008545e-01
-2.896010875701904297e+00 4.339769363403320312e+00 1.958698630332946777e-01
-2.840444087982177734e+00 4.276123046875000000e+00 1.349635243415832520e+00
-2.813396215438842773e+00 4.243433952331542969e+00 1.138053417205810547e+00
-2.762085199356079102e+00 4.173945903778076172e+00 9.258317947387695312e-01
-2.789037466049194336e+00 4.221075057983398438e+00 7.461856603622436523e-01
-2.826188802719116211e+00 4.282175064086914062e+00 5.673440098762512207e-01
-2.804079532623291016e+00 4.278102397918701172e+00 1.344804286956787109e+00
-2.786237239837646484e+00 4.258983135223388672e+00 1.137616991996765137e+00
-2.718429327011108398e+00 4.203459739685058594e+00 1.316072463989257812e+00
-2.770637273788452148e+00 4.292397499084472656e+00 1.141979932785034180e+00
-2.719609498977661133e+00 4.270627975463867188e+00 1.131727218627929688e+00
-1.164785385131835938e+00 4.510995388031005859e+00 1.382743716239929199e-01
-1.132449388504028320e+00 4.499639987945556641e+00 1.377107053995132446e-01
-1.168440103530883789e+00 4.538030147552490234e+00 9.488567709922790527e-02
-1.135706305503845215e+00 4.525719642639160156e+00 9.448079019784927368e-02
-1.148833394050598145e+00 4.474613666534423828e+00 4.918594285845756531e-02
-1.122084259986877441e+00 4.484488487243652344e+00 4.921787977218627930e-02
-1.099755644798278809e+00 4.512662410736083984e+00 4.945210367441177368e-02
-1.150782465934753418e+00 4.495027542114257812e+00 5.668828263878822327e-03
-1.105509161949157715e+00 4.431174755096435547e+00 5.579642020165920258e-03
-1.087743401527404785e+00 4.476743698120117188e+00 5.628511309623718262e-03
-9.261016547679901123e-02 7.200684547424316406e-01 8.869761368259787560e-04
-2.608121000230312347e-02 6.934056282043457031e-01 3.915927559137344360e-02
-8.270308026112616062e-04 7.396738529205322266e-01 2.195302024483680725e-02
-2.688018791377544403e-02 7.213514447212219238e-01 1.461648382246494293e-02
