-3.779279813170433044e-02 -6.979649662971496582e-01 6.496614962816238403e-02 1.010000000000000000e+02 2.555465000000000000e+07 4.000000000000000000e+00 2.100000000000000000e+01 3.400000000000000000e+01 7.020000000000000000e+02
-3.457154333591461182e-02 -7.126821279525756836e-01 5.953974649310112000e-02 1.000000000000000000e+02 2.604741000000000000e+07 5.000000000000000000e+00 2.200000000000000000e+01 1.600000000000000000e+01 7.160000000000000000e+02
-1.000141501426696777e-01 -7.096715569496154785e-01 2.127069793641567230e-02 1.040000000000000000e+02 2.634183000000000000e+07 5.000000000000000000e+00 2.800000000000000000e+01 1.400000000000000000e+01 7.170000000000000000e+02
-5.727519840002059937e-02 -7.189266085624694824e-01 3.388498723506927490e-02 7.800000000000000000e+01 2.653918000000000000e+07 4.000000000000000000e+00 2.600000000000000000e+01 1.000000000000000000e+01 7.220000000000000000e+02
-6.040381267666816711e-02 -7.036330103874206543e-01 3.318100422620773315e-02 7.800000000000000000e+01 2.663631000000000000e+07 4.000000000000000000e+00 2.600000000000000000e+01 1.100000000000000000e+01 7.070000000000000000e+02
-1.146367937326431274e-01 -7.175809144973754883e-01 2.156736142933368683e-02 6.200000000000000000e+01 2.663631000000000000e+07 3.000000000000000000e+00 2.800000000000000000e+01 1.100000000000000000e+01 7.270000000000000000e+02
-1.112082973122596741e-01 -7.213281989097595215e-01 1.477843895554542542e-02 1.410000000000000000e+02 2.712590000000000000e+07 7.000000000000000000e+00 2.900000000000000000e+01 1.400000000000000000e+01 7.300000000000000000e+02
-6.327901035547256470e-02 -7.297455668449401855e-01 2.749906294047832489e-02 1.740000000000000000e+02 2.722415000000000000e+07 9.000000000000000000e+00 2.700000000000000000e+01 1.100000000000000000e+01 7.330000000000000000e+02
-1.256330013275146484e-01 -7.017078995704650879e-01 4.022981971502304077e-02 9.300000000000000000e+01 2.751571000000000000e+07 5.000000000000000000e+00 2.500000000000000000e+01 1.600000000000000000e+01 7.140000000000000000e+02
-9.914892911911010742e-02 -6.992263793945312500e-01 3.318100422620773315e-02 5.900000000000000000e+01 2.751571000000000000e+07 3.000000000000000000e+00 2.600000000000000000e+01 7.000000000000000000e+00 7.070000000000000000e+02
-1.244726479053497314e-01 -7.184934020042419434e-01 3.426044061779975891e-02 5.200000000000000000e+01 2.800207000000000000e+07 3.000000000000000000e+00 2.600000000000000000e+01 5.000000000000000000e+00 7.300000000000000000e+02
-1.265539824962615967e-01 -7.026538252830505371e-01 7.601463701575994492e-03 9.500000000000000000e+01 2.809928000000000000e+07 5.000000000000000000e+00 3.000000000000000000e+01 1.300000000000000000e+01 7.140000000000000000e+02
-2.210824012756347656e+00 -7.959666252136230469e+00 1.009271387010812759e-02 1.340000000000000000e+02 3.015346000000000000e+07 9.110000000000000000e+02 3.100000000000000000e+01 6.400000000000000000e+01 8.261000000000000000e+03
-2.239107370376586914e+00 -7.873811721801757812e+00 1.000108383595943451e-02 1.930000000000000000e+02 3.025232000000000000e+07 1.283000000000000000e+03 3.100000000000000000e+01 6.500000000000000000e+01 8.186000000000000000e+03
-2.293246030807495117e+00 -7.880087852478027344e+00 1.002674084156751633e-02 1.400000000000000000e+02 3.034970000000000000e+07 9.330000000000000000e+02 3.100000000000000000e+01 5.500000000000000000e+01 8.207000000000000000e+03
-2.353822231292724609e+00 -7.907080173492431641e+00 1.007927395403385162e-02 1.460000000000000000e+02 3.044806000000000000e+07 9.890000000000000000e+02 3.100000000000000000e+01 7.800000000000000000e+01 8.250000000000000000e+03
-2.410739421844482422e+00 -7.920232295989990234e+00 1.011470425873994827e-02 1.540000000000000000e+02 3.054558000000000000e+07 1.052000000000000000e+03 3.100000000000000000e+01 6.800000000000000000e+01 8.279000000000000000e+03
-2.425724983215332031e+00 -7.797391891479492188e+00 9.976648725569248199e-03 1.400000000000000000e+02 3.064439000000000000e+07 9.300000000000000000e+02 3.100000000000000000e+01 5.800000000000000000e+01 8.166000000000000000e+03
-2.457772016525268555e+00 -7.732804298400878906e+00 9.913118556141853333e-03 1.350000000000000000e+02 3.074227000000000000e+07 8.800000000000000000e+02 3.100000000000000000e+01 3.500000000000000000e+01 8.114000000000000000e+03
-2.502085924148559570e+00 -7.708066463470458984e+00 9.900901466608047485e-03 1.050000000000000000e+02 3.083949000000000000e+07 6.800000000000000000e+02 3.100000000000000000e+01 5.200000000000000000e+01 8.104000000000000000e+03
-2.555311441421508789e+00 -7.710604190826416016e+00 9.924114681780338287e-03 1.260000000000000000e+02 3.093790000000000000e+07 8.240000000000000000e+02 3.100000000000000000e+01 2.300000000000000000e+01 8.123000000000000000e+03
-2.615070343017578125e+00 -7.731724262237548828e+00 9.971762076020240784e-03 1.590000000000000000e+02 3.103491000000000000e+07 1.050000000000000000e+03 3.100000000000000000e+01 4.100000000000000000e+01 8.162000000000000000e+03
-2.666376590728759766e+00 -7.726876735687255859e+00 9.986422955989837646e-03 2.910000000000000000e+02 3.113429000000000000e+07 1.940000000000000000e+03 3.100000000000000000e+01 8.400000000000000000e+01 8.174000000000000000e+03
-2.715729475021362305e+00 -7.716030120849609375e+00 9.993753395974636078e-03 2.160000000000000000e+02 3.123191000000000000e+07 1.435000000000000000e+03 3.100000000000000000e+01 6.500000000000000000e+01 8.180000000000000000e+03
-2.779236555099487305e+00 -7.744400501251220703e+00 1.005239691585302353e-02 1.190000000000000000e+02 3.133020000000000000e+07 7.960000000000000000e+02 3.100000000000000000e+01 5.100000000000000000e+01 8.228000000000000000e+03
-2.842162609100341797e+00 -7.769462585449218750e+00 1.010737475007772446e-02 1.160000000000000000e+02 3.142686000000000000e+07 7.840000000000000000e+02 3.100000000000000000e+01 4.900000000000000000e+01 8.273000000000000000e+03
-2.889781475067138672e+00 -7.751877307891845703e+00 1.010737475007772446e-02 1.710000000000000000e+02 3.152445000000000000e+07 1.167000000000000000e+03 3.100000000000000000e+01 6.400000000000000000e+01 8.273000000000000000e+03
-3.362203359603881836e+00 -7.972548007965087891e+00 9.212250262498855591e-02 1.140000000000000000e+02 3.162248000000000000e+07 8.500000000000000000e+02 3.000000000000000000e+01 5.900000000000000000e+01 8.653000000000000000e+03
-2.944037675857543945e+00 -7.751761913299560547e+00 1.013058796525001526e-02 2.310000000000000000e+02 3.162248000000000000e+07 1.575000000000000000e+03 3.100000000000000000e+01 1.010000000000000000e+02 8.292000000000000000e+03
-3.416971683502197266e+00 -7.965551853179931641e+00 9.228219091892242432e-02 1.070000000000000000e+02 3.171864000000000000e+07 7.990000000000000000e+02 3.000000000000000000e+01 7.300000000000000000e+01 8.668000000000000000e+03
-3.007420063018798828e+00 -7.774588108062744141e+00 1.018434297293424606e-02 2.320000000000000000e+02 3.171864000000000000e+07 1.608000000000000000e+03 3.100000000000000000e+01 6.500000000000000000e+01 8.336000000000000000e+03
-3.465782880783081055e+00 -7.944435596466064453e+00 9.228219091892242432e-02 1.080000000000000000e+02 3.181683000000000000e+07 8.010000000000000000e+02 3.000000000000000000e+01 3.900000000000000000e+01 8.668000000000000000e+03
-3.057266235351562500e+00 -7.761570930480957031e+00 1.019167341291904449e-02 1.390000000000000000e+02 3.181683000000000000e+07 9.580000000000000000e+02 3.100000000000000000e+01 4.000000000000000000e+01 8.342000000000000000e+03
-3.509598493576049805e+00 -7.912051677703857422e+00 9.215443581342697144e-02 1.260000000000000000e+02 3.191384000000000000e+07 9.400000000000000000e+02 3.000000000000000000e+01 6.900000000000000000e+01 8.656000000000000000e+03
-3.108182907104492188e+00 -7.751019954681396484e+00 1.020266953855752945e-02 1.020000000000000000e+02 3.191384000000000000e+07 7.010000000000000000e+02 3.100000000000000000e+01 4.800000000000000000e+01 8.351000000000000000e+03
-3.579865694046020508e+00 -7.938681125640869141e+00 9.271869808435440063e-02 9.400000000000000000e+01 3.201178000000000000e+07 7.020000000000000000e+02 3.000000000000000000e+01 5.000000000000000000e+01 8.709000000000000000e+03
-3.154927730560302734e+00 -7.729949951171875000e+00 1.020022481679916382e-02 1.460000000000000000e+02 3.201178000000000000e+07 1.008000000000000000e+03 3.100000000000000000e+01 4.700000000000000000e+01 8.349000000000000000e+03
-3.633508920669555664e+00 -7.927474021911621094e+00 9.284645318984985352e-02 1.160000000000000000e+02 3.210884000000000000e+07 8.720000000000000000e+02 3.000000000000000000e+01 4.100000000000000000e+01 8.721000000000000000e+03
-3.251393556594848633e+00 -7.828656673431396484e+00 1.035660691559314728e-02 1.660000000000000000e+02 3.210884000000000000e+07 1.182000000000000000e+03 3.100000000000000000e+01 5.300000000000000000e+01 8.477000000000000000e+03
-3.698971033096313477e+00 -7.941287517547607422e+00 9.327230602502822876e-02 1.030000000000000000e+02 3.220540000000000000e+07 7.800000000000000000e+02 3.000000000000000000e+01 4.700000000000000000e+01 8.761000000000000000e+03
-3.298589706420898438e+00 -7.806716918945312500e+00 1.035416405647993088e-02 2.170000000000000000e+02 3.220540000000000000e+07 1.540000000000000000e+03 3.100000000000000000e+01 6.100000000000000000e+01 8.475000000000000000e+03
-3.738217115402221680e+00 -7.898557186126708984e+00 9.303808212280273438e-02 1.040000000000000000e+02 3.230329000000000000e+07 7.840000000000000000e+02 3.000000000000000000e+01 3.300000000000000000e+01 8.739000000000000000e+03
-3.378807067871093750e+00 -7.861666679382324219e+00 1.045434549450874329e-02 1.380000000000000000e+02 3.230329000000000000e+07 1.000000000000000000e+03 3.100000000000000000e+01 5.200000000000000000e+01 8.557000000000000000e+03
-3.842940568923950195e+00 -7.992625236511230469e+00 9.442210197448730469e-02 1.020000000000000000e+02 3.240010000000000000e+07 7.910000000000000000e+02 3.000000000000000000e+01 5.100000000000000000e+01 8.869000000000000000e+03
-3.461023092269897461e+00 -7.918672561645507812e+00 1.055819261819124222e-02 1.170000000000000000e+02 3.240010000000000000e+07 8.640000000000000000e+02 3.100000000000000000e+01 4.200000000000000000e+01 8.642000000000000000e+03
-3.509546041488647461e+00 -7.897286891937255859e+00 1.055819261819124222e-02 1.740000000000000000e+02 3.249671000000000000e+07 1.288000000000000000e+03 3.100000000000000000e+01 5.500000000000000000e+01 8.642000000000000000e+03
-3.541880607604980469e+00 -7.840063095092773438e+00 1.051054522395133972e-02 1.010000000000000000e+02 3.259592000000000000e+07 7.380000000000000000e+02 3.100000000000000000e+01 3.900000000000000000e+01 8.603000000000000000e+03
-3.613705158233642578e+00 -7.869983196258544922e+00 1.058018393814563751e-02 1.260000000000000000e+02 3.269366000000000000e+07 9.340000000000000000e+02 3.100000000000000000e+01 5.600000000000000000e+01 8.660000000000000000e+03
-3.673766374588012695e+00 -7.873035430908203125e+00 1.061439234763383865e-02 1.710000000000000000e+02 3.279215000000000000e+07 1.286000000000000000e+03 3.100000000000000000e+01 6.800000000000000000e+01 8.688000000000000000e+03
-3.729288101196289062e+00 -7.865706443786621094e+00 1.063516177237033844e-02 1.270000000000000000e+02 3.288985000000000000e+07 9.580000000000000000e+02 3.100000000000000000e+01 6.800000000000000000e+01 8.705000000000000000e+03
-3.780084609985351562e+00 -7.848081111907958984e+00 1.064249221235513687e-02 1.680000000000000000e+02 3.298695000000000000e+07 1.262000000000000000e+03 3.100000000000000000e+01 7.400000000000000000e+01 8.711000000000000000e+03
-3.865082979202270508e+00 -7.900192737579345703e+00 1.074511650949716568e-02 1.790000000000000000e+02 3.308680000000000000e+07 1.372000000000000000e+03 3.100000000000000000e+01 6.500000000000000000e+01 8.795000000000000000e+03
-3.934843540191650391e+00 -7.919314861297607422e+00 1.080376002937555313e-02 1.460000000000000000e+02 3.318401000000000000e+07 1.138000000000000000e+03 3.100000000000000000e+01 5.900000000000000000e+01 8.843000000000000000e+03
-3.992820978164672852e+00 -7.913770675659179688e+00 1.082941703498363495e-02 9.600000000000000000e+01 3.328160000000000000e+07 7.500000000000000000e+02 3.100000000000000000e+01 6.100000000000000000e+01 8.864000000000000000e+03
-4.033097267150878906e+00 -7.873102188110351562e+00 1.080742571502923965e-02 1.950000000000000000e+02 3.337994000000000000e+07 1.520000000000000000e+03 3.100000000000000000e+01 8.200000000000000000e+01 8.846000000000000000e+03
-4.091479778289794922e+00 -7.867725372314453125e+00 1.083430275321006775e-02 1.440000000000000000e+02 3.347685000000000000e+07 1.127000000000000000e+03 3.100000000000000000e+01 8.000000000000000000e+01 8.868000000000000000e+03
-4.147147655487060547e+00 -7.856622695922851562e+00 1.085385214537382126e-02 2.260000000000000000e+02 3.357520800000000000e+07 1.779000000000000000e+03 3.100000000000000000e+01 7.500000000000000000e+01 8.884000000000000000e+03
-4.248638629913330078e+00 -7.930634975433349609e+00 1.099190674722194672e-02 1.790000000000000000e+02 3.367318000000000000e+07 1.436000000000000000e+03 3.100000000000000000e+01 6.800000000000000000e+01 8.997000000000000000e+03
-4.268085002899169922e+00 -7.850824356079101562e+00 1.091738138347864151e-02 1.370000000000000000e+02 3.377128000000000000e+07 1.088000000000000000e+03 3.100000000000000000e+01 8.900000000000000000e+01 8.936000000000000000e+03
-4.294923305511474609e+00 -7.785960674285888672e+00 1.086362451314926147e-02 1.620000000000000000e+02 3.386927200000000000e+07 1.276000000000000000e+03 3.100000000000000000e+01 7.000000000000000000e+01 8.892000000000000000e+03
-4.438337802886962891e+00 -7.930497169494628906e+00 1.110308431088924408e-02 1.640000000000000000e+02 3.396648800000000000e+07 1.350000000000000000e+03 3.100000000000000000e+01 6.600000000000000000e+01 9.088000000000000000e+03
-4.511106967926025391e+00 -7.945725917816162109e+00 1.116294879466295242e-02 1.550000000000000000e+02 3.406515200000000000e+07 1.288000000000000000e+03 3.100000000000000000e+01 8.000000000000000000e+01 9.137000000000000000e+03
-4.562770366668701172e+00 -7.923096656799316406e+00 1.117028016597032547e-02 8.400000000000000000e+01 3.416263200000000000e+07 6.960000000000000000e+02 3.100000000000000000e+01 8.700000000000000000e+01 9.143000000000000000e+03
-4.729985713958740234e+00 -7.985240936279296875e+00 1.133887749165296555e-02 1.550000000000000000e+02 3.435870000000000000e+07 1.329000000000000000e+03 3.100000000000000000e+01 8.200000000000000000e+01 9.281000000000000000e+03
-4.775804042816162109e+00 -7.950924873352050781e+00 1.133154798299074173e-02 1.200000000000000000e+02 3.445668800000000000e+07 1.026000000000000000e+03 3.100000000000000000e+01 7.900000000000000000e+01 9.275000000000000000e+03
-4.673132896423339844e+00 -7.672937393188476562e+00 1.097602397203445435e-02 1.050000000000000000e+02 3.455448000000000000e+07 8.390000000000000000e+02 3.100000000000000000e+01 1.180000000000000000e+02 8.984000000000000000e+03
-5.183357715606689453e+00 -7.845323085784912109e+00 1.148793008178472519e-02 1.170000000000000000e+02 3.514338000000000000e+07 1.027000000000000000e+03 3.100000000000000000e+01 1.020000000000000000e+02 9.403000000000000000e+03
-5.240855693817138672e+00 -7.827496528625488281e+00 1.150869857519865036e-02 1.030000000000000000e+02 3.524066000000000000e+07 9.070000000000000000e+02 3.100000000000000000e+01 9.300000000000000000e+01 9.420000000000000000e+03
-5.285979270935058594e+00 -7.791054725646972656e+00 1.150259096175432205e-02 8.600000000000000000e+01 3.533972000000000000e+07 7.560000000000000000e+02 3.100000000000000000e+01 7.800000000000000000e+01 9.415000000000000000e+03
-5.297994136810302734e+00 -7.706558227539062500e+00 1.142562087625265121e-02 6.600000000000000000e+01 3.543719200000000000e+07 5.710000000000000000e+02 3.100000000000000000e+01 7.800000000000000000e+01 9.352000000000000000e+03
-5.506359577178955078e+00 -7.905304431915283203e+00 1.177014969289302826e-02 4.700000000000000000e+01 3.553452000000000000e+07 4.320000000000000000e+02 3.100000000000000000e+01 5.800000000000000000e+01 9.634000000000000000e+03
-5.393896579742431641e+00 -7.643414497375488281e+00 1.142928656190633774e-02 8.500000000000000000e+01 3.563236000000000000e+07 7.370000000000000000e+02 3.100000000000000000e+01 9.500000000000000000e+01 9.355000000000000000e+03
-5.441275596618652344e+00 -7.610988140106201172e+00 1.143050845712423325e-02 1.030000000000000000e+02 3.573044800000000000e+07 8.940000000000000000e+02 3.100000000000000000e+01 1.000000000000000000e+02 9.356000000000000000e+03
-5.304865837097167969e+00 -7.324767589569091797e+00 1.104932837188243866e-02 1.560000000000000000e+02 3.582936000000000000e+07 1.269000000000000000e+03 3.100000000000000000e+01 9.800000000000000000e+01 9.044000000000000000e+03
-5.065780162811279297e+00 -6.905060768127441406e+00 1.046289689838886261e-02 1.330000000000000000e+02 3.592780000000000000e+07 9.680000000000000000e+02 3.100000000000000000e+01 1.170000000000000000e+02 8.564000000000000000e+03
-5.451612472534179688e+00 -7.336171150207519531e+00 1.116661448031663895e-02 9.800000000000000000e+01 3.602595200000000000e+07 8.140000000000000000e+02 3.100000000000000000e+01 7.000000000000000000e+01 9.140000000000000000e+03
-5.653481006622314453e+00 -7.511113166809082031e+00 1.148548536002635956e-02 1.040000000000000000e+02 3.612424000000000000e+07 9.110000000000000000e+02 3.100000000000000000e+01 1.110000000000000000e+02 9.401000000000000000e+03
-5.658236503601074219e+00 -7.422204971313476562e+00 1.140240766108036041e-02 9.000000000000000000e+01 3.622188000000000000e+07 7.790000000000000000e+02 3.100000000000000000e+01 6.600000000000000000e+01 9.333000000000000000e+03
-5.501388072967529297e+00 -7.125350952148437500e+00 1.099801622331142426e-02 1.070000000000000000e+02 3.631940800000000000e+07 8.600000000000000000e+02 3.100000000000000000e+01 9.800000000000000000e+01 9.002000000000000000e+03
-5.657728195190429688e+00 -7.235621452331542969e+00 1.122159231454133987e-02 1.480000000000000000e+02 3.641750000000000000e+07 1.243000000000000000e+03 3.100000000000000000e+01 7.500000000000000000e+01 9.185000000000000000e+03
-5.685256481170654297e+00 -7.179602622985839844e+00 1.118860486894845963e-02 1.130000000000000000e+02 3.651534000000000000e+07 9.410000000000000000e+02 3.100000000000000000e+01 8.600000000000000000e+01 9.158000000000000000e+03
-5.813658237457275391e+00 -7.249903678894042969e+00 1.135353837162256241e-02 6.700000000000000000e+01 3.661383200000000000e+07 5.730000000000000000e+02 3.100000000000000000e+01 7.800000000000000000e+01 9.293000000000000000e+03
-5.542218208312988281e+00 -6.825172424316406250e+00 1.074145268648862839e-02 1.900000000000000000e+02 3.671146000000000000e+07 1.454000000000000000e+03 3.100000000000000000e+01 1.010000000000000000e+02 8.792000000000000000e+03
-5.915525436401367188e+00 -7.194235801696777344e+00 1.137919537723064423e-02 6.900000000000000000e+01 3.681130000000000000e+07 5.920000000000000000e+02 3.100000000000000000e+01 8.300000000000000000e+01 9.314000000000000000e+03
-5.999868392944335938e+00 -7.206219196319580078e+00 1.145616453140974045e-02 7.000000000000000000e+01 3.690872800000000000e+07 6.100000000000000000e+02 3.100000000000000000e+01 6.800000000000000000e+01 9.377000000000000000e+03
-6.022056579589843750e+00 -7.143273830413818359e+00 1.141462568193674088e-02 1.360000000000000000e+02 3.700682000000000000e+07 1.182000000000000000e+03 3.100000000000000000e+01 6.700000000000000000e+01 9.343000000000000000e+03
-6.101481437683105469e+00 -7.148021221160888672e+00 1.148182060569524765e-02 8.000000000000000000e+01 3.710500800000000000e+07 6.980000000000000000e+02 3.100000000000000000e+01 1.080000000000000000e+02 9.398000000000000000e+03
-5.930097103118896484e+00 -6.861529827117919922e+00 1.107987109571695328e-02 9.200000000000000000e+01 3.720182000000000000e+07 7.510000000000000000e+02 3.100000000000000000e+01 7.500000000000000000e+01 9.069000000000000000e+03
-6.182812690734863281e+00 -7.065835475921630859e+00 1.147082541137933731e-02 6.200000000000000000e+01 3.729928800000000000e+07 5.390000000000000000e+02 3.100000000000000000e+01 9.500000000000000000e+01 9.389000000000000000e+03
-6.129235267639160156e+00 -6.918482303619384766e+00 1.129245199263095856e-02 1.080000000000000000e+02 3.739719200000000000e+07 9.170000000000000000e+02 3.100000000000000000e+01 7.200000000000000000e+01 9.243000000000000000e+03
-5.943216800689697266e+00 -6.626149654388427734e+00 1.087462063878774643e-02 1.220000000000000000e+02 3.749500800000000000e+07 9.620000000000000000e+02 3.100000000000000000e+01 7.100000000000000000e+01 8.901000000000000000e+03
-6.164599418640136719e+00 -6.788702964782714844e+00 1.120326574891805649e-02 5.700000000000000000e+01 3.759219200000000000e+07 4.710000000000000000e+02 3.100000000000000000e+01 1.130000000000000000e+02 9.170000000000000000e+03
-6.361799240112304688e+00 -6.920071125030517578e+00 1.148426439613103867e-02 7.000000000000000000e+01 3.768946000000000000e+07 6.120000000000000000e+02 3.100000000000000000e+01 9.000000000000000000e+01 9.400000000000000000e+03
-6.096878051757812500e+00 -6.550768375396728516e+00 1.093326415866613388e-02 1.520000000000000000e+02 3.778688800000000000e+07 1.209000000000000000e+03 3.100000000000000000e+01 1.160000000000000000e+02 8.949000000000000000e+03
-6.043693065643310547e+00 -6.414252758026123047e+00 1.076710876077413559e-02 1.200000000000000000e+02 3.788483200000000000e+07 9.260000000000000000e+02 3.100000000000000000e+01 9.200000000000000000e+01 8.813000000000000000e+03
-6.495689868927001953e+00 -6.809758186340332031e+00 1.149770338088274002e-02 6.300000000000000000e+01 3.798154000000000000e+07 5.490000000000000000e+02 3.100000000000000000e+01 1.200000000000000000e+02 9.411000000000000000e+03
-6.059432506561279297e+00 -6.274862766265869141e+00 1.065715309232473373e-02 7.100000000000000000e+01 3.807927200000000000e+07 5.330000000000000000e+02 3.100000000000000000e+01 1.060000000000000000e+02 8.723000000000000000e+03
-6.651468276977539062e+00 -6.803900718688964844e+00 1.162476278841495514e-02 8.500000000000000000e+01 3.817711200000000000e+07 7.630000000000000000e+02 3.100000000000000000e+01 7.900000000000000000e+01 9.515000000000000000e+03
-6.636113166809082031e+00 -6.705387592315673828e+00 1.152580231428146362e-02 7.200000000000000000e+01 3.827535200000000000e+07 6.330000000000000000e+02 3.100000000000000000e+01 1.000000000000000000e+02 9.434000000000000000e+03
-6.551856040954589844e+00 -6.539503574371337891e+00 1.130955573171377182e-02 1.630000000000000000e+02 3.837283200000000000e+07 1.391000000000000000e+03 3.100000000000000000e+01 7.000000000000000000e+01 9.257000000000000000e+03
-6.592570781707763672e+00 -6.499881267547607422e+00 1.131077855825424194e-02 1.220000000000000000e+02 3.847004800000000000e+07 1.039000000000000000e+03 3.100000000000000000e+01 9.500000000000000000e+01 9.258000000000000000e+03
-6.822888374328613281e+00 -6.644895553588867188e+00 1.163575798273086548e-02 5.000000000000000000e+01 3.856726000000000000e+07 4.470000000000000000e+02 3.100000000000000000e+01 8.200000000000000000e+01 9.524000000000000000e+03
-6.957217693328857422e+00 -6.693034172058105469e+00 1.179458387196063995e-02 7.400000000000000000e+01 3.866428800000000000e+07 6.830000000000000000e+02 3.100000000000000000e+01 8.600000000000000000e+01 9.654000000000000000e+03
-6.639330387115478516e+00 -6.309235572814941406e+00 1.118982676416635513e-02 1.140000000000000000e+02 3.876243200000000000e+07 9.480000000000000000e+02 3.100000000000000000e+01 1.100000000000000000e+02 9.159000000000000000e+03
-6.788013935089111328e+00 -6.371722221374511719e+00 1.137430872768163681e-02 5.600000000000000000e+01 3.885990000000000000e+07 4.780000000000000000e+02 3.100000000000000000e+01 1.000000000000000000e+02 9.310000000000000000e+03
-6.752919673919677734e+00 -6.261281490325927734e+00 1.125091407448053360e-02 1.370000000000000000e+02 3.895778000000000000e+07 1.155000000000000000e+03 3.100000000000000000e+01 9.300000000000000000e+01 9.209000000000000000e+03
-6.723365306854248047e+00 -6.157591819763183594e+00 1.113851461559534073e-02 9.400000000000000000e+01 3.905582000000000000e+07 7.720000000000000000e+02 3.100000000000000000e+01 1.230000000000000000e+02 9.117000000000000000e+03
-3.430429458618164062e+00 -2.485356092453002930e+00 1.257255524396896362e-01 2.960000000000000000e+02 3.915366000000000000e+07 5.290000000000000000e+02 2.800000000000000000e+01 6.500000000000000000e+01 4.238000000000000000e+03
-6.021661758422851562e+00 -5.447375774383544922e+00 9.920449927449226379e-03 1.970000000000000000e+02 3.915366000000000000e+07 1.293000000000000000e+03 3.100000000000000000e+01 1.070000000000000000e+02 8.120000000000000000e+03
-3.422849655151367188e+00 -2.447979211807250977e+00 1.248948872089385986e-01 3.650000000000000000e+02 3.925166000000000000e+07 6.440000000000000000e+02 2.800000000000000000e+01 8.300000000000000000e+01 4.210000000000000000e+03
-7.119067192077636719e+00 -6.361129760742187500e+00 1.166385877877473831e-02 9.900000000000000000e+01 3.925166000000000000e+07 8.950000000000000000e+02 3.100000000000000000e+01 9.800000000000000000e+01 9.547000000000000000e+03
-3.410858631134033203e+00 -2.407907485961914062e+00 1.239159032702445984e-01 2.770000000000000000e+02 3.934888000000000000e+07 4.790000000000000000e+02 2.800000000000000000e+01 5.600000000000000000e+01 4.177000000000000000e+03
-6.888800144195556641e+00 -6.079774856567382812e+00 1.122525800019502640e-02 1.220000000000000000e+02 3.934888000000000000e+07 1.021000000000000000e+03 3.100000000000000000e+01 1.200000000000000000e+02 9.188000000000000000e+03
-7.180007934570312500e+00 -6.258832454681396484e+00 1.163698080927133560e-02 6.900000000000000000e+01 3.944579200000000000e+07 6.190000000000000000e+02 3.100000000000000000e+01 8.700000000000000000e+01 9.525000000000000000e+03
-6.961374282836914062e+00 -5.993475914001464844e+00 1.122281420975923538e-02 7.700000000000000000e+01 3.954438000000000000e+07 6.410000000000000000e+02 3.100000000000000000e+01 1.180000000000000000e+02 9.186000000000000000e+03
-3.399899005889892578e+00 -2.491597652435302734e+00 8.535054326057434082e-02 6.700000000000000000e+01 3.964084000000000000e+07 1.180000000000000000e+02 2.900000000000000000e+01 6.200000000000000000e+01 4.216000000000000000e+03
-7.010968685150146484e+00 -5.961660861968994141e+00 1.124358270317316055e-02 2.190000000000000000e+02 3.964084000000000000e+07 1.841000000000000000e+03 3.100000000000000000e+01 7.400000000000000000e+01 9.203000000000000000e+03
-3.423223733901977539e+00 -2.476549863815307617e+00 8.555299043655395508e-02 2.540000000000000000e+02 3.973908000000000000e+07 4.530000000000000000e+02 2.900000000000000000e+01 7.400000000000000000e+01 4.226000000000000000e+03
-7.000704765319824219e+00 -5.879300594329833984e+00 1.116905733942985535e-02 1.330000000000000000e+02 3.973908000000000000e+07 1.104000000000000000e+03 3.100000000000000000e+01 1.100000000000000000e+02 9.142000000000000000e+03
-3.438354969024658203e+00 -2.455498695373535156e+00 8.555299043655395508e-02 2.880000000000000000e+02 3.983831200000000000e+07 5.080000000000000000e+02 2.900000000000000000e+01 3.800000000000000000e+01 4.226000000000000000e+03
-7.401487827301025391e+00 -6.138834953308105469e+00 1.174815744161605835e-02 7.700000000000000000e+01 3.983831200000000000e+07 7.050000000000000000e+02 3.100000000000000000e+01 9.300000000000000000e+01 9.616000000000000000e+03
-3.449270963668823242e+00 -2.431474924087524414e+00 8.545176684856414795e-02 4.800000000000000000e+01 3.993640000000000000e+07 8.400000000000000000e+01 2.900000000000000000e+01 7.000000000000000000e+01 4.221000000000000000e+03
-7.445978164672851562e+00 -6.099007606506347656e+00 1.175915263593196869e-02 6.700000000000000000e+01 3.993640000000000000e+07 6.130000000000000000e+02 3.100000000000000000e+01 9.000000000000000000e+01 9.625000000000000000e+03
-7.400847911834716797e+00 -5.986541271209716797e+00 1.162964943796396255e-02 1.390000000000000000e+02 4.003511200000000000e+07 1.253000000000000000e+03 3.100000000000000000e+01 8.500000000000000000e+01 9.519000000000000000e+03
-7.538232803344726562e+00 -6.021530151367187500e+00 1.178725343197584152e-02 5.500000000000000000e+01 4.013288800000000000e+07 5.050000000000000000e+02 3.100000000000000000e+01 8.200000000000000000e+01 9.648000000000000000e+03
-3.421481847763061523e+00 -2.503802299499511719e+00 4.514034464955329895e-02 1.630000000000000000e+02 4.022974000000000000e+07 2.920000000000000000e+02 3.000000000000000000e+01 7.300000000000000000e+01 4.240000000000000000e+03
-7.114161014556884766e+00 -5.611624717712402344e+00 1.107009779661893845e-02 2.870000000000000000e+02 4.022974000000000000e+07 2.334000000000000000e+03 3.100000000000000000e+01 7.800000000000000000e+01 9.061000000000000000e+03
-3.443220615386962891e+00 -2.490158557891845703e+00 1.996492147445678711e-01 3.500000000000000000e+01 4.032815200000000000e+07 6.200000000000000000e+01 2.600000000000000000e+01 6.800000000000000000e+01 4.254000000000000000e+03
-3.427053689956665039e+00 -2.475734710693359375e+00 4.501258954405784607e-02 2.810000000000000000e+02 4.032815200000000000e+07 4.990000000000000000e+02 3.000000000000000000e+01 6.300000000000000000e+01 4.228000000000000000e+03
-7.133469581604003906e+00 -5.556191921234130859e+00 1.104688551276922226e-02 2.300000000000000000e+02 4.032815200000000000e+07 1.872000000000000000e+03 3.100000000000000000e+01 1.130000000000000000e+02 9.042000000000000000e+03
-3.453557252883911133e+00 -2.465502023696899414e+00 1.993676126003265381e-01 3.900000000000000000e+01 4.042563200000000000e+07 6.800000000000000000e+01 2.600000000000000000e+01 4.100000000000000000e+01 4.248000000000000000e+03
-3.445436716079711914e+00 -2.456982374191284180e+00 4.505517706274986267e-02 2.530000000000000000e+02 4.042563200000000000e+07 4.520000000000000000e+02 3.000000000000000000e+01 6.800000000000000000e+01 4.232000000000000000e+03
-7.149988174438476562e+00 -5.498905181884765625e+00 1.102000661194324493e-02 8.000000000000000000e+01 4.042563200000000000e+07 6.430000000000000000e+02 3.100000000000000000e+01 1.150000000000000000e+02 9.020000000000000000e+03
-3.457176685333251953e+00 -2.433492898941040039e+00 4.501258954405784607e-02 1.880000000000000000e+02 4.052372000000000000e+07 3.350000000000000000e+02 3.000000000000000000e+01 6.300000000000000000e+01 4.228000000000000000e+03
-7.943367004394531250e+00 -6.031870841979980469e+00 1.218553818762302399e-02 6.500000000000000000e+01 4.052372000000000000e+07 6.370000000000000000e+02 3.100000000000000000e+01 1.080000000000000000e+02 9.974000000000000000e+03
-7.941823005676269531e+00 -5.954224109649658203e+00 1.212689466774463654e-02 3.600000000000000000e+01 4.062160000000000000e+07 3.480000000000000000e+02 3.100000000000000000e+01 7.500000000000000000e+01 9.926000000000000000e+03
-3.427269935607910156e+00 -2.536827564239501953e+00 5.209458060562610626e-03 2.500000000000000000e+01 4.071872000000000000e+07 4.400000000000000000e+01 3.100000000000000000e+01 8.300000000000000000e+01 4.264000000000000000e+03
-3.436311483383178711e+00 -2.511030197143554688e+00 5.199683830142021179e-03 1.300000000000000000e+02 4.081763200000000000e+07 2.330000000000000000e+02 3.100000000000000000e+01 4.300000000000000000e+01 4.256000000000000000e+03
-3.454840421676635742e+00 -2.494030475616455078e+00 1.599672734737396240e-01 1.620000000000000000e+02 4.091562000000000000e+07 2.900000000000000000e+02 2.700000000000000000e+01 3.900000000000000000e+01 4.264000000000000000e+03
-3.456520318984985352e+00 -2.493408203125000000e+00 5.207014270126819611e-03 1.760000000000000000e+02 4.091562000000000000e+07 3.190000000000000000e+02 3.100000000000000000e+01 5.900000000000000000e+01 4.262000000000000000e+03
-3.419622182846069336e+00 -2.436829805374145508e+00 1.576412916183471680e-01 1.270000000000000000e+02 4.101284800000000000e+07 2.220000000000000000e+02 2.700000000000000000e+01 4.900000000000000000e+01 4.202000000000000000e+03
-3.472568988800048828e+00 -2.472732543945312500e+00 5.208235699683427811e-03 1.660000000000000000e+02 4.101284800000000000e+07 2.990000000000000000e+02 3.100000000000000000e+01 6.800000000000000000e+01 4.263000000000000000e+03
-3.449224233627319336e+00 -2.424352169036865234e+00 5.150814540684223175e-03 1.070000000000000000e+02 4.111104000000000000e+07 1.880000000000000000e+02 3.100000000000000000e+01 4.800000000000000000e+01 4.216000000000000000e+03
-8.494115829467773438e+00 -5.892714977264404297e+00 1.263024657964706421e-02 1.800000000000000000e+01 4.120903200000000000e+07 1.850000000000000000e+02 3.100000000000000000e+01 8.200000000000000000e+01 1.033800000000000000e+04
-8.388192176818847656e+00 -5.743313312530517578e+00 1.242010947316884995e-02 3.100000000000000000e+01 4.130624000000000000e+07 3.140000000000000000e+02 3.100000000000000000e+01 6.700000000000000000e+01 1.016600000000000000e+04
-7.971701622009277344e+00 -5.386601924896240234e+00 1.175426598638296127e-02 3.800000000000000000e+01 4.140475200000000000e+07 3.470000000000000000e+02 3.100000000000000000e+01 6.200000000000000000e+01 9.621000000000000000e+03
-8.120250701904296875e+00 -5.414701938629150391e+00 1.192408706992864609e-02 4.700000000000000000e+01 4.150294000000000000e+07 4.420000000000000000e+02 3.100000000000000000e+01 6.400000000000000000e+01 9.760000000000000000e+03
-8.195090293884277344e+00 -5.392258644104003906e+00 1.198517344892024994e-02 6.800000000000000000e+01 4.160160000000000000e+07 6.480000000000000000e+02 3.100000000000000000e+01 7.700000000000000000e+01 9.810000000000000000e+03
-8.275831222534179688e+00 -5.372911453247070312e+00 1.205481216311454773e-02 7.800000000000000000e+01 4.169814000000000000e+07 7.530000000000000000e+02 3.100000000000000000e+01 7.700000000000000000e+01 9.867000000000000000e+03
-8.209279060363769531e+00 -5.258384227752685547e+00 1.191064808517694473e-02 4.200000000000000000e+01 4.179552000000000000e+07 3.940000000000000000e+02 3.100000000000000000e+01 6.700000000000000000e+01 9.749000000000000000e+03
-8.246460914611816406e+00 -5.211119174957275391e+00 1.191797759383916855e-02 5.200000000000000000e+01 4.189203200000000000e+07 4.890000000000000000e+02 3.100000000000000000e+01 6.800000000000000000e+01 9.755000000000000000e+03
-7.473789691925048828e+00 -4.658926963806152344e+00 1.075977738946676254e-02 8.200000000000000000e+01 4.199007200000000000e+07 6.310000000000000000e+02 3.100000000000000000e+01 8.100000000000000000e+01 8.807000000000000000e+03
-7.599346637725830078e+00 -4.672692775726318359e+00 1.089905574917793274e-02 8.500000000000000000e+01 4.208918000000000000e+07 6.690000000000000000e+02 3.100000000000000000e+01 1.030000000000000000e+02 8.921000000000000000e+03
-8.470095634460449219e+00 -5.136746883392333984e+00 1.210245955735445023e-02 4.100000000000000000e+01 4.218594000000000000e+07 3.880000000000000000e+02 3.100000000000000000e+01 5.400000000000000000e+01 9.906000000000000000e+03
-8.320372581481933594e+00 -4.976374149322509766e+00 1.184467505663633347e-02 4.700000000000000000e+01 4.228420000000000000e+07 4.280000000000000000e+02 3.100000000000000000e+01 4.900000000000000000e+01 9.695000000000000000e+03
-8.345582008361816406e+00 -4.922179222106933594e+00 1.183734368532896042e-02 6.500000000000000000e+01 4.238212000000000000e+07 6.050000000000000000e+02 3.100000000000000000e+01 6.900000000000000000e+01 9.689000000000000000e+03
-1.482981586456298828e+01 -7.921814918518066406e+00 1.790070235729217529e-01 3.500000000000000000e+01 4.247915200000000000e+07 9.620000000000000000e+02 3.000000000000000000e+01 1.140000000000000000e+02 1.681400000000000000e+04
-8.381677627563476562e+00 -4.874398231506347656e+00 1.184589602053165436e-02 3.700000000000000000e+01 4.247915200000000000e+07 3.420000000000000000e+02 3.100000000000000000e+01 6.800000000000000000e+01 9.696000000000000000e+03
-8.417501449584960938e+00 -4.826359272003173828e+00 1.185444835573434830e-02 4.200000000000000000e+01 4.257682000000000000e+07 3.900000000000000000e+02 3.100000000000000000e+01 6.400000000000000000e+01 9.703000000000000000e+03
-8.330303192138671875e+00 -4.708681106567382812e+00 1.169073674827814102e-02 6.400000000000000000e+01 4.267420000000000000e+07 5.800000000000000000e+02 3.100000000000000000e+01 7.100000000000000000e+01 9.569000000000000000e+03
-8.497933387756347656e+00 -4.734868526458740234e+00 1.188499201089143753e-02 4.300000000000000000e+01 4.277158000000000000e+07 4.010000000000000000e+02 3.100000000000000000e+01 6.700000000000000000e+01 9.728000000000000000e+03
-8.518938064575195312e+00 -4.678304672241210938e+00 1.187399681657552719e-02 2.200000000000000000e+01 4.286858000000000000e+07 1.940000000000000000e+02 3.100000000000000000e+01 5.400000000000000000e+01 9.719000000000000000e+03
-8.558915138244628906e+00 -4.632133007049560547e+00 1.188987866044044495e-02 4.000000000000000000e+01 4.296623200000000000e+07 3.650000000000000000e+02 3.100000000000000000e+01 5.200000000000000000e+01 9.732000000000000000e+03
-8.450409889221191406e+00 -4.506591796875000000e+00 1.170051097869873047e-02 4.400000000000000000e+01 4.306288800000000000e+07 3.980000000000000000e+02 3.100000000000000000e+01 6.700000000000000000e+01 9.577000000000000000e+03
-8.581475257873535156e+00 -4.509077548980712891e+00 1.184345223009586334e-02 2.700000000000000000e+01 4.316076000000000000e+07 2.400000000000000000e+02 3.100000000000000000e+01 5.100000000000000000e+01 9.694000000000000000e+03
-8.602764129638671875e+00 -4.453119754791259766e+00 1.183490082621574402e-02 2.900000000000000000e+01 4.325850000000000000e+07 2.670000000000000000e+02 3.100000000000000000e+01 6.200000000000000000e+01 9.687000000000000000e+03
-8.628145217895507812e+00 -4.399342060089111328e+00 1.183245703577995300e-02 5.200000000000000000e+01 4.335704800000000000e+07 4.750000000000000000e+02 3.100000000000000000e+01 4.700000000000000000e+01 9.685000000000000000e+03
-8.635315895080566406e+00 -4.336444854736328125e+00 1.180557906627655029e-02 3.300000000000000000e+01 4.345392000000000000e+07 3.030000000000000000e+02 3.100000000000000000e+01 5.900000000000000000e+01 9.663000000000000000e+03
-8.722716331481933594e+00 -4.313521385192871094e+00 1.188865769654512405e-02 2.800000000000000000e+01 4.355206000000000000e+07 2.520000000000000000e+02 3.100000000000000000e+01 4.700000000000000000e+01 9.731000000000000000e+03
-8.555714607238769531e+00 -4.165798187255859375e+00 1.162598561495542526e-02 3.700000000000000000e+01 4.365011200000000000e+07 3.220000000000000000e+02 3.100000000000000000e+01 4.800000000000000000e+01 9.516000000000000000e+03
-8.692030906677246094e+00 -4.166388988494873047e+00 1.177625823765993118e-02 2.900000000000000000e+01 4.374835200000000000e+07 2.560000000000000000e+02 3.100000000000000000e+01 4.800000000000000000e+01 9.639000000000000000e+03
-8.751797676086425781e+00 -4.129191398620605469e+00 1.182268280535936356e-02 1.800000000000000000e+01 4.384506000000000000e+07 1.560000000000000000e+02 3.100000000000000000e+01 4.200000000000000000e+01 9.677000000000000000e+03
-8.589221954345703125e+00 -3.988236904144287109e+00 1.156978495419025421e-02 3.200000000000000000e+01 4.394292800000000000e+07 2.810000000000000000e+02 3.100000000000000000e+01 7.200000000000000000e+01 9.470000000000000000e+03
-8.785438537597656250e+00 -4.014002323150634766e+00 1.180069241672754288e-02 3.700000000000000000e+01 4.404040800000000000e+07 3.400000000000000000e+02 3.100000000000000000e+01 6.000000000000000000e+01 9.659000000000000000e+03
-8.518033027648925781e+00 -3.828826189041137695e+00 1.140973903238773346e-02 4.700000000000000000e+01 4.413948000000000000e+07 4.050000000000000000e+02 3.100000000000000000e+01 6.000000000000000000e+01 9.339000000000000000e+03
-8.879764556884765625e+00 -3.926108360290527344e+00 1.186177879571914673e-02 4.200000000000000000e+01 4.423608800000000000e+07 3.830000000000000000e+02 3.100000000000000000e+01 4.700000000000000000e+01 9.709000000000000000e+03
-8.692765235900878906e+00 -3.779834508895874023e+00 1.158078014850616455e-02 4.600000000000000000e+01 4.433320000000000000e+07 4.000000000000000000e+02 3.100000000000000000e+01 4.900000000000000000e+01 9.479000000000000000e+03
-8.688209533691406250e+00 -3.714631795883178711e+00 1.154412887990474701e-02 4.700000000000000000e+01 4.443114000000000000e+07 4.140000000000000000e+02 3.100000000000000000e+01 7.200000000000000000e+01 9.449000000000000000e+03
-8.699775695800781250e+00 -3.656602382659912109e+00 1.152946799993515015e-02 6.300000000000000000e+01 4.452856800000000000e+07 5.560000000000000000e+02 3.100000000000000000e+01 6.400000000000000000e+01 9.437000000000000000e+03
-8.777503013610839844e+00 -3.626061439514160156e+00 1.160277239978313446e-02 3.200000000000000000e+01 4.462628800000000000e+07 2.840000000000000000e+02 3.100000000000000000e+01 6.100000000000000000e+01 9.497000000000000000e+03
-8.810706138610839844e+00 -3.576649188995361328e+00 1.161743327975273132e-02 3.300000000000000000e+01 4.472307200000000000e+07 2.930000000000000000e+02 3.100000000000000000e+01 6.600000000000000000e+01 9.509000000000000000e+03
-8.836201667785644531e+00 -3.524002075195312500e+00 1.162231992930173874e-02 2.600000000000000000e+01 4.482070000000000000e+07 2.220000000000000000e+02 3.100000000000000000e+01 5.200000000000000000e+01 9.513000000000000000e+03
-9.197512626647949219e+00 -3.602845668792724609e+00 1.206825114786624908e-02 2.100000000000000000e+01 4.491930000000000000e+07 1.900000000000000000e+02 3.100000000000000000e+01 5.600000000000000000e+01 9.878000000000000000e+03
-9.049580574035644531e+00 -3.481002330780029297e+00 1.184589602053165436e-02 2.800000000000000000e+01 4.501570000000000000e+07 2.500000000000000000e+02 3.100000000000000000e+01 5.100000000000000000e+01 9.696000000000000000e+03
-9.084801673889160156e+00 -3.430708885192871094e+00 1.186422258615493774e-02 3.400000000000000000e+01 4.511282000000000000e+07 3.070000000000000000e+02 3.100000000000000000e+01 5.200000000000000000e+01 9.711000000000000000e+03
-8.907833099365234375e+00 -3.301571369171142578e+00 1.160643622279167175e-02 3.300000000000000000e+01 4.521168000000000000e+07 2.920000000000000000e+02 3.100000000000000000e+01 7.000000000000000000e+01 9.500000000000000000e+03
-9.104602813720703125e+00 -3.311105489730834961e+00 1.183612272143363953e-02 3.700000000000000000e+01 4.530824000000000000e+07 3.330000000000000000e+02 3.100000000000000000e+01 5.400000000000000000e+01 9.688000000000000000e+03
-9.090841293334960938e+00 -3.243082284927368164e+00 1.179214008152484894e-02 2.300000000000000000e+01 4.540576800000000000e+07 2.090000000000000000e+02 3.100000000000000000e+01 6.100000000000000000e+01 9.652000000000000000e+03
-9.312564849853515625e+00 -3.257906913757324219e+00 1.205359026789665222e-02 2.500000000000000000e+01 4.550319200000000000e+07 2.290000000000000000e+02 3.100000000000000000e+01 5.100000000000000000e+01 9.866000000000000000e+03
-9.045767784118652344e+00 -3.102406263351440430e+00 1.168340630829334259e-02 2.500000000000000000e+01 4.560200000000000000e+07 2.160000000000000000e+02 3.100000000000000000e+01 4.800000000000000000e+01 9.563000000000000000e+03
-9.112976074218750000e+00 -3.063092947006225586e+00 1.174571458250284195e-02 3.500000000000000000e+01 4.569854000000000000e+07 3.100000000000000000e+02 3.100000000000000000e+01 5.400000000000000000e+01 9.614000000000000000e+03
-9.046114921569824219e+00 -2.978968381881713867e+00 1.163575798273086548e-02 2.800000000000000000e+01 4.579556800000000000e+07 2.480000000000000000e+02 3.100000000000000000e+01 7.000000000000000000e+01 9.524000000000000000e+03
-8.855795860290527344e+00 -2.856184005737304688e+00 1.136819925159215927e-02 8.000000000000000000e+01 4.589400800000000000e+07 6.870000000000000000e+02 3.100000000000000000e+01 7.600000000000000000e+01 9.305000000000000000e+03
-9.126809120178222656e+00 -2.881886243820190430e+00 1.169317960739135742e-02 2.200000000000000000e+01 4.599164800000000000e+07 1.960000000000000000e+02 3.100000000000000000e+01 6.400000000000000000e+01 9.571000000000000000e+03
-9.279034614562988281e+00 -2.867461442947387695e+00 1.186544448137283325e-02 2.000000000000000000e+01 4.608968800000000000e+07 1.750000000000000000e+02 3.100000000000000000e+01 4.800000000000000000e+01 9.712000000000000000e+03
-9.306025505065917969e+00 -2.813365936279296875e+00 1.187766063958406448e-02 2.600000000000000000e+01 4.618814000000000000e+07 2.410000000000000000e+02 3.100000000000000000e+01 6.300000000000000000e+01 9.722000000000000000e+03
-9.067069053649902344e+00 -2.680517196655273438e+00 1.155146025121212006e-02 3.400000000000000000e+01 4.628515200000000000e+07 2.990000000000000000e+02 3.100000000000000000e+01 6.000000000000000000e+01 9.455000000000000000e+03
-9.328321456909179688e+00 -2.695623397827148438e+00 1.186299975961446762e-02 2.400000000000000000e+01 4.638344800000000000e+07 2.120000000000000000e+02 3.100000000000000000e+01 5.700000000000000000e+01 9.710000000000000000e+03
-9.183968544006347656e+00 -2.592959165573120117e+00 1.165897119790315628e-02 2.900000000000000000e+01 4.648078000000000000e+07 2.520000000000000000e+02 3.100000000000000000e+01 4.200000000000000000e+01 9.543000000000000000e+03
-9.247907638549804688e+00 -2.549848794937133789e+00 1.172005850821733475e-02 2.500000000000000000e+01 4.657804000000000000e+07 2.170000000000000000e+02 3.100000000000000000e+01 5.400000000000000000e+01 9.593000000000000000e+03
-9.286554336547851562e+00 -2.499294042587280273e+00 1.174937933683395386e-02 3.300000000000000000e+01 4.667540800000000000e+07 3.000000000000000000e+02 3.100000000000000000e+01 6.500000000000000000e+01 9.617000000000000000e+03
-9.304616928100585938e+00 -2.443027496337890625e+00 1.175304502248764038e-02 2.500000000000000000e+01 4.677306000000000000e+07 2.180000000000000000e+02 3.100000000000000000e+01 5.500000000000000000e+01 9.620000000000000000e+03
-9.022992134094238281e+00 -2.309997320175170898e+00 1.137919537723064423e-02 2.700000000000000000e+01 4.687027200000000000e+07 2.220000000000000000e+02 3.100000000000000000e+01 4.300000000000000000e+01 9.314000000000000000e+03
-9.159249305725097656e+00 -2.285089969635009766e+00 1.153313368558883667e-02 2.300000000000000000e+01 4.696928800000000000e+07 1.920000000000000000e+02 3.100000000000000000e+01 5.700000000000000000e+01 9.440000000000000000e+03
-9.089529037475585938e+00 -2.208541631698608398e+00 1.142806373536586761e-02 3.200000000000000000e+01 4.706563200000000000e+07 2.680000000000000000e+02 3.100000000000000000e+01 4.000000000000000000e+01 9.354000000000000000e+03
-9.279050827026367188e+00 -2.194383144378662109e+00 1.164919789880514145e-02 5.200000000000000000e+01 4.716468800000000000e+07 4.670000000000000000e+02 3.100000000000000000e+01 7.000000000000000000e+01 9.535000000000000000e+03
-9.233867645263671875e+00 -2.123956680297851562e+00 1.157589349895715714e-02 4.600000000000000000e+01 4.726196800000000000e+07 4.080000000000000000e+02 3.100000000000000000e+01 5.800000000000000000e+01 9.475000000000000000e+03
-9.244773864746093750e+00 -2.066822528839111328e+00 1.157345063984394073e-02 4.500000000000000000e+01 4.735908800000000000e+07 3.990000000000000000e+02 3.100000000000000000e+01 5.800000000000000000e+01 9.473000000000000000e+03
-9.257282257080078125e+00 -2.010058641433715820e+00 1.157345063984394073e-02 3.000000000000000000e+01 4.745667200000000000e+07 2.630000000000000000e+02 3.100000000000000000e+01 8.000000000000000000e+01 9.473000000000000000e+03
-9.009157180786132812e+00 -1.898373246192932129e+00 1.124847028404474258e-02 2.900000000000000000e+01 4.755446000000000000e+07 2.400000000000000000e+02 3.100000000000000000e+01 8.000000000000000000e+01 9.207000000000000000e+03
-9.248919486999511719e+00 -1.889700293540954590e+00 1.153313368558883667e-02 4.100000000000000000e+01 4.765208800000000000e+07 3.600000000000000000e+02 3.100000000000000000e+01 6.500000000000000000e+01 9.440000000000000000e+03
-9.461439132690429688e+00 -1.872718214988708496e+00 1.178358774632215500e-02 3.000000000000000000e+01 4.775008000000000000e+07 2.650000000000000000e+02 3.100000000000000000e+01 5.600000000000000000e+01 9.645000000000000000e+03
-9.592572212219238281e+00 -1.837581872940063477e+00 1.193263847380876541e-02 2.700000000000000000e+01 4.784764800000000000e+07 2.520000000000000000e+02 3.100000000000000000e+01 6.900000000000000000e+01 9.767000000000000000e+03
-9.285085678100585938e+00 -1.719684123992919922e+00 1.153679937124252319e-02 4.900000000000000000e+01 4.794564800000000000e+07 4.240000000000000000e+02 3.100000000000000000e+01 5.500000000000000000e+01 9.443000000000000000e+03
-9.513994216918945312e+00 -1.701768279075622559e+00 1.180802285671234131e-02 3.500000000000000000e+01 4.804336800000000000e+07 3.220000000000000000e+02 3.100000000000000000e+01 6.300000000000000000e+01 9.665000000000000000e+03
-9.707548141479492188e+00 -1.674985408782958984e+00 1.203526463359594345e-02 3.900000000000000000e+01 4.814055200000000000e+07 3.730000000000000000e+02 3.100000000000000000e+01 6.800000000000000000e+01 9.851000000000000000e+03
-9.610118865966796875e+00 -1.597515463829040527e+00 1.190209574997425079e-02 2.800000000000000000e+01 4.823771200000000000e+07 2.610000000000000000e+02 3.100000000000000000e+01 6.100000000000000000e+01 9.742000000000000000e+03
-9.586166381835937500e+00 -1.533149242401123047e+00 1.186055690050125122e-02 2.900000000000000000e+01 4.833627200000000000e+07 2.590000000000000000e+02 3.100000000000000000e+01 5.600000000000000000e+01 9.708000000000000000e+03
-9.757491111755371094e+00 -1.499206542968750000e+00 1.206092070788145065e-02 2.800000000000000000e+01 4.843231200000000000e+07 2.680000000000000000e+02 3.100000000000000000e+01 5.900000000000000000e+01 9.872000000000000000e+03
-9.811025619506835938e+00 -1.445868372917175293e+00 1.211589947342872620e-02 2.500000000000000000e+01 4.853030000000000000e+07 2.320000000000000000e+02 3.100000000000000000e+01 5.200000000000000000e+01 9.917000000000000000e+03
-9.872192382812500000e+00 -1.393047213554382324e+00 1.218065060675144196e-02 1.900000000000000000e+01 4.862839200000000000e+07 1.840000000000000000e+02 3.100000000000000000e+01 5.900000000000000000e+01 9.970000000000000000e+03
-9.752711296081542969e+00 -1.315206050872802734e+00 1.202304754406213760e-02 2.200000000000000000e+01 4.872715200000000000e+07 2.070000000000000000e+02 3.100000000000000000e+01 6.700000000000000000e+01 9.841000000000000000e+03
-9.805230140686035156e+00 -1.261080145835876465e+00 1.207802537828683853e-02 3.300000000000000000e+01 4.882452800000000000e+07 3.160000000000000000e+02 3.100000000000000000e+01 7.700000000000000000e+01 9.886000000000000000e+03
-9.866383552551269531e+00 -1.207452178001403809e+00 1.214399840682744980e-02 5.300000000000000000e+01 4.892062000000000000e+07 5.180000000000000000e+02 3.100000000000000000e+01 6.300000000000000000e+01 9.940000000000000000e+03
-9.868639945983886719e+00 -1.146313548088073730e+00 1.213788986206054688e-02 3.500000000000000000e+01 4.901752800000000000e+07 3.400000000000000000e+02 3.100000000000000000e+01 6.900000000000000000e+01 9.935000000000000000e+03
-9.744277954101562500e+00 -1.071313619613647461e+00 1.197662111371755600e-02 2.300000000000000000e+01 4.911536800000000000e+07 2.070000000000000000e+02 3.100000000000000000e+01 5.200000000000000000e+01 9.803000000000000000e+03
-9.756635665893554688e+00 -1.012122750282287598e+00 1.198395155370235443e-02 2.300000000000000000e+01 4.921212800000000000e+07 2.070000000000000000e+02 3.100000000000000000e+01 5.700000000000000000e+01 9.809000000000000000e+03
-9.804465293884277344e+00 -9.563154578208923340e-01 1.203526463359594345e-02 2.300000000000000000e+01 4.931000000000000000e+07 2.180000000000000000e+02 3.100000000000000000e+01 6.200000000000000000e+01 9.851000000000000000e+03
-7.678471088409423828e+00 1.327714473009109497e-01 2.279257774353027344e-01 1.690000000000000000e+02 4.940678000000000000e+07 9.840000000000000000e+02 2.800000000000000000e+01 4.600000000000000000e+01 7.683000000000000000e+03
-1.012085342407226562e+01 -9.245207309722900391e-01 1.241644378751516342e-02 2.400000000000000000e+01 4.940678000000000000e+07 2.420000000000000000e+02 3.100000000000000000e+01 6.800000000000000000e+01 1.016300000000000000e+04
-7.616555213928222656e+00 1.784549504518508911e-01 2.261161208152770996e-01 8.300000000000000000e+01 4.950507200000000000e+07 4.740000000000000000e+02 2.800000000000000000e+01 3.900000000000000000e+01 7.622000000000000000e+03
-1.006057357788085938e+01 -8.568023443222045898e-01 1.233580987900495529e-02 2.100000000000000000e+01 4.950507200000000000e+07 1.990000000000000000e+02 3.100000000000000000e+01 5.700000000000000000e+01 1.009700000000000000e+04
-1.003075027465820312e+01 -7.922997474670410156e-01 1.229304913431406021e-02 3.200000000000000000e+01 4.960306000000000000e+07 3.180000000000000000e+02 3.100000000000000000e+01 6.700000000000000000e+01 1.006200000000000000e+04
-1.001747131347656250e+01 -7.294301390647888184e-01 1.227105874568223953e-02 3.200000000000000000e+01 4.970068800000000000e+07 3.180000000000000000e+02 3.100000000000000000e+01 6.000000000000000000e+01 1.004400000000000000e+04
-9.960893630981445312e+00 -6.638936996459960938e-01 1.219653338193893433e-02 2.500000000000000000e+01 4.979755200000000000e+07 2.350000000000000000e+02 3.100000000000000000e+01 4.700000000000000000e+01 9.983000000000000000e+03
-7.604907989501953125e+00 9.005368500947952271e-02 1.539994329214096069e-01 1.300000000000000000e+01 4.989451200000000000e+07 6.700000000000000000e+01 2.900000000000000000e+01 4.800000000000000000e+01 7.607000000000000000e+03
-1.074036121368408203e+01 -6.496766805648803711e-01 1.314581651240587234e-02 1.700000000000000000e+01 4.989451200000000000e+07 1.800000000000000000e+02 3.100000000000000000e+01 5.700000000000000000e+01 1.076000000000000000e+04
-7.634201526641845703e+00 1.372539997100830078e-01 1.546067744493484497e-01 2.370000000000000000e+02 4.999230000000000000e+07 1.373000000000000000e+03 2.900000000000000000e+01 6.700000000000000000e+01 7.637000000000000000e+03
-1.022191619873046875e+01 -5.553885102272033691e-01 1.250685192644596100e-02 1.500000000000000000e+01 4.999230000000000000e+07 1.430000000000000000e+02 3.100000000000000000e+01 4.600000000000000000e+01 1.023700000000000000e+04
-7.606228828430175781e+00 1.834431439638137817e-01 1.540601551532745361e-01 2.160000000000000000e+02 5.008992800000000000e+07 1.237000000000000000e+03 2.900000000000000000e+01 5.600000000000000000e+01 7.610000000000000000e+03
-9.936467170715332031e+00 -4.787493944168090820e-01 1.215377263724803925e-02 1.600000000000000000e+01 5.008992800000000000e+07 1.440000000000000000e+02 3.100000000000000000e+01 5.200000000000000000e+01 9.948000000000000000e+03
-1.017500782012939453e+01 -4.276822507381439209e-01 1.244209986180067062e-02 2.300000000000000000e+01 5.018744800000000000e+07 2.330000000000000000e+02 3.100000000000000000e+01 6.600000000000000000e+01 1.018400000000000000e+04
-1.016844654083251953e+01 -3.649187684059143066e-01 1.243110466748476028e-02 1.500000000000000000e+01 5.028606000000000000e+07 1.500000000000000000e+02 3.100000000000000000e+01 6.200000000000000000e+01 1.017500000000000000e+04
-1.068926429748535156e+01 -3.179501891136169434e-01 1.306518260389566422e-02 2.100000000000000000e+01 5.038339200000000000e+07 2.330000000000000000e+02 3.100000000000000000e+01 7.100000000000000000e+01 1.069400000000000000e+04
-7.626969337463378906e+00 9.555713087320327759e-02 8.121003210544586182e-02 6.300000000000000000e+01 5.047988800000000000e+07 3.590000000000000000e+02 3.000000000000000000e+01 4.400000000000000000e+01 7.628000000000000000e+03
-1.015716361999511719e+01 -2.397548407316207886e-01 1.241277996450662613e-02 3.600000000000000000e+01 5.047988800000000000e+07 3.650000000000000000e+02 3.100000000000000000e+01 6.900000000000000000e+01 1.016000000000000000e+04
-7.636237621307373047e+00 1.425401568412780762e-01 8.131650090217590332e-02 1.790000000000000000e+02 5.057747200000000000e+07 1.030000000000000000e+03 3.000000000000000000e+01 4.600000000000000000e+01 7.638000000000000000e+03
-1.032241821289062500e+01 -1.802911162376403809e-01 1.261314284056425095e-02 2.600000000000000000e+01 5.057747200000000000e+07 2.710000000000000000e+02 3.100000000000000000e+01 6.800000000000000000e+01 1.032400000000000000e+04
-7.645215034484863281e+00 1.896405071020126343e-01 8.142296224832534790e-02 1.210000000000000000e+02 5.067540800000000000e+07 7.050000000000000000e+02 3.000000000000000000e+01 5.800000000000000000e+01 7.648000000000000000e+03
-1.019833850860595703e+01 -1.155345514416694641e-01 1.246042642742395401e-02 1.600000000000000000e+01 5.067540800000000000e+07 1.580000000000000000e+02 3.100000000000000000e+01 8.800000000000000000e+01 1.019900000000000000e+04
-1.056484985351562500e+01 -5.485694110393524170e-02 1.290757954120635986e-02 3.800000000000000000e+01 5.077164800000000000e+07 4.170000000000000000e+02 3.100000000000000000e+01 7.500000000000000000e+01 1.056500000000000000e+04
-1.083798694610595703e+01 1.022638753056526184e-02 1.324111223220825195e-02 2.600000000000000000e+01 5.086932800000000000e+07 2.990000000000000000e+02 3.100000000000000000e+01 6.700000000000000000e+01 1.083800000000000000e+04
-1.024073600769042969e+01 7.250041514635086060e-02 1.251173857599496841e-02 3.800000000000000000e+01 5.096712000000000000e+07 3.920000000000000000e+02 3.100000000000000000e+01 6.800000000000000000e+01 1.024100000000000000e+04
-7.602330684661865234e+00 1.004737988114356995e-01 9.288814850151538849e-03 1.300000000000000000e+02 5.106516000000000000e+07 7.430000000000000000e+02 3.100000000000000000e+01 5.700000000000000000e+01 7.603000000000000000e+03
-7.620567321777343750e+00 1.474865823984146118e-01 9.312028065323829651e-03 1.700000000000000000e+02 5.116182000000000000e+07 9.790000000000000000e+02 3.100000000000000000e+01 5.200000000000000000e+01 7.622000000000000000e+03
-7.652508258819580078e+00 1.950837224721908569e-01 9.352345019578933716e-03 1.270000000000000000e+02 5.125924800000000000e+07 7.410000000000000000e+02 3.100000000000000000e+01 6.400000000000000000e+01 7.655000000000000000e+03
-1.062567710876464844e+01 3.361298143863677979e-01 1.298821438103914261e-02 4.000000000000000000e+01 5.135779200000000000e+07 4.440000000000000000e+02 3.100000000000000000e+01 7.900000000000000000e+01 1.063100000000000000e+04
-1.077031040191650391e+01 4.068706929683685303e-01 1.316780876368284225e-02 1.200000000000000000e+01 5.145492000000000000e+07 1.320000000000000000e+02 3.100000000000000000e+01 7.600000000000000000e+01 1.077800000000000000e+04
-1.059177970886230469e+01 4.652253389358520508e-01 1.295278314501047134e-02 2.500000000000000000e+01 5.155244000000000000e+07 2.730000000000000000e+02 3.100000000000000000e+01 7.700000000000000000e+01 1.060200000000000000e+04
-1.039596843719482422e+01 5.205546021461486816e-01 1.271698996424674988e-02 2.900000000000000000e+01 5.165090000000000000e+07 3.060000000000000000e+02 3.100000000000000000e+01 8.500000000000000000e+01 1.040900000000000000e+04
-1.059525775909423828e+01 5.957291126251220703e-01 1.296500116586685181e-02 3.700000000000000000e+01 5.174786000000000000e+07 4.090000000000000000e+02 3.100000000000000000e+01 8.100000000000000000e+01 1.061200000000000000e+04
-1.066226577758789062e+01 6.651498675346374512e-01 1.305174455046653748e-02 2.600000000000000000e+01 5.184595200000000000e+07 2.890000000000000000e+02 3.100000000000000000e+01 8.300000000000000000e+01 1.068300000000000000e+04
-1.059014320373535156e+01 7.259095907211303711e-01 1.296866685152053833e-02 2.800000000000000000e+01 5.194318000000000000e+07 3.070000000000000000e+02 3.100000000000000000e+01 8.500000000000000000e+01 1.061500000000000000e+04
-1.125462341308593750e+01 8.408689498901367188e-01 1.378844678401947021e-02 3.000000000000000000e+01 5.203922000000000000e+07 3.730000000000000000e+02 3.100000000000000000e+01 8.100000000000000000e+01 1.128600000000000000e+04
-1.125722694396972656e+01 9.105551838874816895e-01 1.379822101444005966e-02 2.400000000000000000e+01 5.213746000000000000e+07 3.000000000000000000e+02 3.100000000000000000e+01 5.900000000000000000e+01 1.129400000000000000e+04
-1.103923034667968750e+01 9.611360430717468262e-01 1.353799272328615189e-02 2.800000000000000000e+01 5.223580000000000000e+07 3.340000000000000000e+02 3.100000000000000000e+01 9.200000000000000000e+01 1.108100000000000000e+04
-1.102416419982910156e+01 1.028017759323120117e+00 1.352699752897024155e-02 2.300000000000000000e+01 5.233251200000000000e+07 2.740000000000000000e+02 3.100000000000000000e+01 7.700000000000000000e+01 1.107200000000000000e+04
-1.100769710540771484e+01 1.094651818275451660e+00 1.351477950811386108e-02 2.100000000000000000e+01 5.243071200000000000e+07 2.490000000000000000e+02 3.100000000000000000e+01 7.300000000000000000e+01 1.106200000000000000e+04
-1.006796550750732422e+01 1.063627004623413086e+00 1.236879732459783554e-02 4.500000000000000000e+01 5.252712000000000000e+07 4.510000000000000000e+02 3.100000000000000000e+01 1.100000000000000000e+02 1.012400000000000000e+04
-1.089902496337890625e+01 1.219090700149536133e+00 1.339871622622013092e-02 2.200000000000000000e+01 5.262448800000000000e+07 2.560000000000000000e+02 3.100000000000000000e+01 8.000000000000000000e+01 1.096700000000000000e+04
-1.195495033264160156e+01 1.411523580551147461e+00 1.470718812197446823e-02 2.000000000000000000e+01 5.272268000000000000e+07 2.790000000000000000e+02 3.100000000000000000e+01 8.400000000000000000e+01 1.203800000000000000e+04
-1.154050445556640625e+01 2.290380239486694336e+00 2.382365316152572632e-01 9.700000000000000000e+01 5.281968800000000000e+07 1.336000000000000000e+03 2.900000000000000000e+01 6.200000000000000000e+01 1.176800000000000000e+04
-1.215942192077636719e+01 1.511370778083801270e+00 1.496986020356416702e-02 3.400000000000000000e+01 5.281968800000000000e+07 5.000000000000000000e+02 3.100000000000000000e+01 8.000000000000000000e+01 1.225300000000000000e+04
-1.148607540130615234e+01 2.352921962738037109e+00 2.374065071344375610e-01 1.100000000000000000e+02 5.291758000000000000e+07 1.504000000000000000e+03 2.900000000000000000e+01 7.200000000000000000e+01 1.172700000000000000e+04
-1.171064662933349609e+01 1.528612136840820312e+00 1.442863419651985168e-02 2.800000000000000000e+01 5.291758000000000000e+07 3.790000000000000000e+02 3.100000000000000000e+01 9.500000000000000000e+01 1.181000000000000000e+04
-1.191604518890380859e+01 1.629845380783081055e+00 1.469374913722276688e-02 2.500000000000000000e+01 5.301526000000000000e+07 3.520000000000000000e+02 3.100000000000000000e+01 7.900000000000000000e+01 1.202700000000000000e+04
-1.308679962158203125e+01 1.871849656105041504e+00 1.615127362310886383e-02 2.200000000000000000e+01 5.311315200000000000e+07 3.740000000000000000e+02 3.100000000000000000e+01 7.100000000000000000e+01 1.322000000000000000e+04
-1.248164653778076172e+01 1.863515496253967285e+00 1.541823614388704300e-02 1.800000000000000000e+01 5.320914000000000000e+07 2.750000000000000000e+02 3.100000000000000000e+01 8.700000000000000000e+01 1.262000000000000000e+04
-1.287312698364257812e+01 2.002787828445434570e+00 1.591670140624046326e-02 2.300000000000000000e+01 5.330652000000000000e+07 3.800000000000000000e+02 3.100000000000000000e+01 7.300000000000000000e+01 1.302800000000000000e+04
-1.148670101165771484e+01 2.287908077239990234e+00 1.247002035379409790e-01 1.280000000000000000e+02 5.340303200000000000e+07 1.737000000000000000e+03 3.000000000000000000e+01 4.200000000000000000e+01 1.171300000000000000e+04
-1.114295291900634766e+01 1.803704380989074707e+00 1.379089057445526123e-02 7.200000000000000000e+01 5.340303200000000000e+07 9.070000000000000000e+02 3.100000000000000000e+01 9.400000000000000000e+01 1.128800000000000000e+04
-1.157137203216552734e+01 2.378681898117065430e+00 1.257754713296890259e-01 1.170000000000000000e+02 5.350127200000000000e+07 1.625000000000000000e+03 3.000000000000000000e+01 6.200000000000000000e+01 1.181400000000000000e+04
-1.187720680236816406e+01 1.997420072555541992e+00 1.471451856195926666e-02 6.300000000000000000e+01 5.350127200000000000e+07 8.980000000000000000e+02 3.100000000000000000e+01 1.250000000000000000e+02 1.204400000000000000e+04
-1.351972103118896484e+01 2.359037160873413086e+00 1.676702685654163361e-02 4.600000000000000000e+01 5.359760800000000000e+07 8.510000000000000000e+02 3.100000000000000000e+01 9.500000000000000000e+01 1.372400000000000000e+04
-1.284666728973388672e+01 2.322911262512207031e+00 1.594968698918819427e-02 3.800000000000000000e+01 5.369580800000000000e+07 6.360000000000000000e+02 3.100000000000000000e+01 7.900000000000000000e+01 1.305500000000000000e+04
-1.308871841430664062e+01 2.449708700180053711e+00 1.626856066286563873e-02 2.000000000000000000e+01 5.379350000000000000e+07 3.410000000000000000e+02 3.100000000000000000e+01 8.900000000000000000e+01 1.331600000000000000e+04
-1.152516651153564453e+01 2.230351209640502930e+00 1.434189081192016602e-02 4.300000000000000000e+01 5.389148800000000000e+07 5.830000000000000000e+02 3.100000000000000000e+01 8.300000000000000000e+01 1.173900000000000000e+04
-1.146909809112548828e+01 2.292597532272338867e+00 1.428935583680868149e-02 1.700000000000000000e+02 5.398947200000000000e+07 2.306000000000000000e+03 3.100000000000000000e+01 5.400000000000000000e+01 1.169600000000000000e+04
-1.144600105285644531e+01 2.361109256744384766e+00 1.427836064249277115e-02 1.220000000000000000e+02 5.408812000000000000e+07 1.659000000000000000e+03 3.100000000000000000e+01 5.900000000000000000e+01 1.168700000000000000e+04
-1.459475708007812500e+01 3.197851657867431641e+00 1.825387217104434967e-02 2.000000000000000000e+01 5.428288000000000000e+07 4.270000000000000000e+02 3.100000000000000000e+01 1.010000000000000000e+02 1.494100000000000000e+04
-1.476020336151123047e+01 3.329147338867187500e+00 1.848600059747695923e-02 3.400000000000000000e+01 5.438076800000000000e+07 7.580000000000000000e+02 3.100000000000000000e+01 1.010000000000000000e+02 1.513100000000000000e+04
-1.459567642211914062e+01 3.480798244476318359e+00 1.833206228911876678e-02 3.200000000000000000e+01 5.457614000000000000e+07 7.020000000000000000e+02 3.100000000000000000e+01 9.500000000000000000e+01 1.500500000000000000e+04
-1.464603328704833984e+01 3.875033378601074219e+00 1.850921288132667542e-02 2.700000000000000000e+01 5.496512000000000000e+07 6.040000000000000000e+02 3.100000000000000000e+01 8.100000000000000000e+01 1.515000000000000000e+04
-4.800136089324951172e+00 3.328809738159179688e+00 1.733695417642593384e-01 2.350000000000000000e+02 5.876759200000000000e+07 8.000000000000000000e+02 2.800000000000000000e+01 8.300000000000000000e+01 5.844000000000000000e+03
-4.779620647430419922e+00 3.358200073242187500e+00 1.733695417642593384e-01 3.490000000000000000e+02 5.886563200000000000e+07 1.189000000000000000e+03 2.800000000000000000e+01 8.400000000000000000e+01 5.844000000000000000e+03
-1.263425350189208984e+01 7.896865844726562500e+00 1.586299836635589600e-01 9.800000000000000000e+01 5.915842000000000000e+07 2.144000000000000000e+03 3.000000000000000000e+01 5.000000000000000000e+01 1.490000000000000000e+04
-4.840035438537597656e+00 3.361407041549682617e+00 1.193207055330276489e-01 1.100000000000000000e+01 5.935352000000000000e+07 3.400000000000000000e+01 2.900000000000000000e+01 4.000000000000000000e+01 5.894000000000000000e+03
-4.695851802825927734e+00 3.304166078567504883e+00 1.162638068199157715e-01 1.200000000000000000e+01 5.945116000000000000e+07 3.500000000000000000e+01 2.900000000000000000e+01 2.900000000000000000e+01 5.743000000000000000e+03
-8.533602714538574219e+00 6.083168029785156250e+00 2.122021913528442383e-01 2.960000000000000000e+02 5.954864000000000000e+07 3.234000000000000000e+03 2.900000000000000000e+01 7.600000000000000000e+01 1.048200000000000000e+04
-1.272459983825683594e+01 7.857243537902832031e+00 1.827097497880458832e-02 1.320000000000000000e+02 5.964678000000000000e+07 2.938000000000000000e+03 3.100000000000000000e+01 7.100000000000000000e+01 1.495500000000000000e+04
-1.269055938720703125e+01 7.944192409515380859e+00 1.829174533486366272e-02 3.170000000000000000e+02 5.974416000000000000e+07 7.067000000000000000e+03 3.100000000000000000e+01 8.400000000000000000e+01 1.497200000000000000e+04
-4.784188747406005859e+00 3.371240854263305664e+00 6.231283769011497498e-02 9.000000000000000000e+00 6.003535200000000000e+07 2.700000000000000000e+01 3.000000000000000000e+01 2.600000000000000000e+01 5.853000000000000000e+03
-8.434651374816894531e+00 6.021377086639404297e+00 1.103383302688598633e-01 3.500000000000000000e+01 6.013324000000000000e+07 3.620000000000000000e+02 3.000000000000000000e+01 3.300000000000000000e+01 1.036400000000000000e+04
-8.379720687866210938e+00 6.060126781463623047e+00 1.101041212677955627e-01 4.000000000000000000e+01 6.023096800000000000e+07 4.170000000000000000e+02 3.000000000000000000e+01 1.170000000000000000e+02 1.034200000000000000e+04
-4.804238319396972656e+00 3.302748918533325195e+00 7.122687529772520065e-03 1.670000000000000000e+02 6.042614000000000000e+07 5.620000000000000000e+02 3.100000000000000000e+01 6.400000000000000000e+01 5.830000000000000000e+03
-4.775676727294921875e+00 3.326449155807495117e+00 7.110469974577426910e-03 3.240000000000000000e+02 6.052366000000000000e+07 1.088000000000000000e+03 3.100000000000000000e+01 1.060000000000000000e+02 5.820000000000000000e+03
-4.751908302307128906e+00 3.353383541107177734e+00 7.105583325028419495e-03 3.150000000000000000e+02 6.062088800000000000e+07 1.059000000000000000e+03 3.100000000000000000e+01 9.700000000000000000e+01 5.816000000000000000e+03
-4.725548267364501953e+00 3.378406524658203125e+00 7.097030989825725555e-03 1.150000000000000000e+02 6.071995200000000000e+07 3.830000000000000000e+02 3.100000000000000000e+01 1.570000000000000000e+02 5.809000000000000000e+03
-8.427046775817871094e+00 6.103176593780517578e+00 1.271210331469774246e-02 1.310000000000000000e+02 6.081772000000000000e+07 1.408000000000000000e+03 3.100000000000000000e+01 1.040000000000000000e+02 1.040500000000000000e+04
-1.026126980781555176e+00 1.637929081916809082e+00 1.273605525493621826e-01 1.080000000000000000e+02 6.521479200000000000e+07 4.000000000000000000e+01 2.400000000000000000e+01 5.200000000000000000e+01 1.937000000000000000e+03
-9.501577615737915039e-01 1.517253637313842773e+00 5.313224717974662781e-02 1.000000000000000000e+01 6.521479200000000000e+07 3.000000000000000000e+00 2.800000000000000000e+01 1.800000000000000000e+01 1.791000000000000000e+03
-1.012385725975036621e+00 1.638252615928649902e+00 1.269002854824066162e-01 2.700000000000000000e+02 6.531216000000000000e+07 1.000000000000000000e+02 2.400000000000000000e+01 1.400000000000000000e+01 1.930000000000000000e+03
-1.036961913108825684e+00 1.678677201271057129e+00 5.856116861104965210e-02 1.900000000000000000e+01 6.531216000000000000e+07 7.000000000000000000e+00 2.800000000000000000e+01 1.700000000000000000e+01 1.974000000000000000e+03
-1.005430579185485840e+00 1.649545907974243164e+00 1.272948086261749268e-01 3.270000000000000000e+02 6.540904000000000000e+07 1.220000000000000000e+02 2.400000000000000000e+01 1.800000000000000000e+01 1.936000000000000000e+03
-9.439491033554077148e-01 1.549285650253295898e+00 5.384423583745956421e-02 1.200000000000000000e+01 6.540904000000000000e+07 4.000000000000000000e+00 2.800000000000000000e+01 1.900000000000000000e+01 1.815000000000000000e+03
-9.911774396896362305e-01 1.648842453956604004e+00 1.267687827348709106e-01 2.280000000000000000e+02 6.550758000000000000e+07 8.400000000000000000e+01 2.400000000000000000e+01 1.300000000000000000e+01 1.928000000000000000e+03
-9.591371417045593262e-01 1.596173644065856934e+00 5.526821315288543701e-02 2.000000000000000000e+01 6.550758000000000000e+07 7.000000000000000000e+00 2.800000000000000000e+01 1.700000000000000000e+01 1.863000000000000000e+03
-9.703559875488281250e-01 1.636867880821228027e+00 1.253880113363265991e-01 1.110000000000000000e+02 6.560604000000000000e+07 4.000000000000000000e+01 2.400000000000000000e+01 3.000000000000000000e+00 1.907000000000000000e+03
-1.027467250823974609e+00 1.641938805580139160e+00 1.093079075217247009e-01 1.330000000000000000e+02 6.579986000000000000e+07 5.000000000000000000e+01 2.500000000000000000e+01 4.200000000000000000e+01 1.940000000000000000e+03
-1.015799880027770996e+00 1.645663499832153320e+00 1.091388687491416931e-01 2.310000000000000000e+02 6.589622000000000000e+07 8.600000000000000000e+01 2.500000000000000000e+01 2.300000000000000000e+01 1.937000000000000000e+03
-9.767438173294067383e-01 1.583626627922058105e+00 3.767489641904830933e-02 1.400000000000000000e+01 6.589622000000000000e+07 4.000000000000000000e+00 2.900000000000000000e+01 1.600000000000000000e+01 1.861000000000000000e+03
-1.010355949401855469e+00 1.659540653228759766e+00 1.096459701657295227e-01 2.310000000000000000e+02 6.599440800000000000e+07 8.700000000000000000e+01 2.500000000000000000e+01 6.500000000000000000e+01 1.946000000000000000e+03
-9.763615727424621582e-01 1.604964852333068848e+00 3.803929686546325684e-02 1.200000000000000000e+01 6.599440800000000000e+07 4.000000000000000000e+00 2.900000000000000000e+01 1.600000000000000000e+01 1.879000000000000000e+03
-1.004265785217285156e+00 1.672556519508361816e+00 1.100967302918434143e-01 1.970000000000000000e+02 6.609152000000000000e+07 7.500000000000000000e+01 2.500000000000000000e+01 3.800000000000000000e+01 1.954000000000000000e+03
-1.012273907661437988e+00 1.687227964401245117e+00 3.984105214476585388e-02 1.200000000000000000e+01 6.609152000000000000e+07 4.000000000000000000e+00 2.900000000000000000e+01 2.800000000000000000e+01 1.968000000000000000e+03
-9.822843670845031738e-01 1.658927798271179199e+00 1.088008135557174683e-01 8.300000000000000000e+01 6.618992800000000000e+07 3.100000000000000000e+01 2.500000000000000000e+01 6.400000000000000000e+01 1.931000000000000000e+03
-1.046812653541564941e+00 1.652120828628540039e+00 9.189307689666748047e-02 8.600000000000000000e+01 6.628832000000000000e+07 3.300000000000000000e+01 2.600000000000000000e+01 8.400000000000000000e+01 1.958000000000000000e+03
-9.705725908279418945e-01 1.533571243286132812e+00 1.932304911315441132e-02 9.000000000000000000e+00 6.628832000000000000e+07 3.000000000000000000e+00 3.000000000000000000e+01 2.100000000000000000e+01 1.815000000000000000e+03
-1.030302405357360840e+00 1.648348331451416016e+00 9.132989495992660522e-02 1.410000000000000000e+02 6.638575200000000000e+07 5.300000000000000000e+01 2.600000000000000000e+01 5.300000000000000000e+01 1.946000000000000000e+03
-1.033164143562316895e+00 1.654853940010070801e+00 2.077094651758670807e-02 1.400000000000000000e+01 6.638575200000000000e+07 5.000000000000000000e+00 3.000000000000000000e+01 1.700000000000000000e+01 1.951000000000000000e+03
-1.029605269432067871e+00 1.669944047927856445e+00 9.217467159032821655e-02 1.880000000000000000e+02 6.648312000000000000e+07 7.200000000000000000e+01 2.600000000000000000e+01 4.300000000000000000e+01 1.964000000000000000e+03
-1.027709722518920898e+00 1.668825149536132812e+00 2.086676284670829773e-02 1.100000000000000000e+01 6.648312000000000000e+07 4.000000000000000000e+00 3.000000000000000000e+01 1.700000000000000000e+01 1.960000000000000000e+03
-1.009477972984313965e+00 1.660014033317565918e+00 9.128295630216598511e-02 2.340000000000000000e+02 6.658024800000000000e+07 8.800000000000000000e+01 2.600000000000000000e+01 5.300000000000000000e+01 1.945000000000000000e+03
-1.006549477577209473e+00 1.657152175903320312e+00 2.064319141209125519e-02 1.900000000000000000e+01 6.658024800000000000e+07 7.000000000000000000e+00 3.000000000000000000e+01 2.300000000000000000e+01 1.939000000000000000e+03
-9.982458353042602539e-01 1.664463639259338379e+00 9.118909388780593872e-02 1.920000000000000000e+02 6.667756800000000000e+07 7.200000000000000000e+01 2.600000000000000000e+01 6.700000000000000000e+01 1.943000000000000000e+03
-9.038687348365783691e-01 1.508890867233276367e+00 1.872685551643371582e-02 1.800000000000000000e+01 6.667756800000000000e+07 5.000000000000000000e+00 3.000000000000000000e+01 1.200000000000000000e+01 1.759000000000000000e+03
-9.875056147575378418e-01 1.669697642326354980e+00 9.114216268062591553e-02 1.060000000000000000e+02 6.677350000000000000e+07 4.000000000000000000e+01 2.600000000000000000e+01 6.300000000000000000e+01 1.942000000000000000e+03
-9.586229920387268066e-01 1.643798589706420898e+00 8.940567821264266968e-02 4.000000000000000000e+01 6.687128800000000000e+07 1.400000000000000000e+01 2.600000000000000000e+01 7.200000000000000000e+01 1.905000000000000000e+03
-1.020148277282714844e+00 1.633331656455993652e+00 1.424313038587570190e-01 4.700000000000000000e+01 6.696938000000000000e+07 1.700000000000000000e+01 2.300000000000000000e+01 9.000000000000000000e+01 1.931000000000000000e+03
-1.014814972877502441e+00 1.647202014923095703e+00 1.430951356887817383e-01 1.760000000000000000e+02 6.706691200000000000e+07 6.600000000000000000e+01 2.300000000000000000e+01 6.600000000000000000e+01 1.940000000000000000e+03
-1.024385690689086914e+00 1.664687871932983398e+00 7.338085770606994629e-02 1.200000000000000000e+01 6.706691200000000000e+07 4.000000000000000000e+00 2.700000000000000000e+01 2.700000000000000000e+01 1.956000000000000000e+03
-9.742415547370910645e-01 1.584439516067504883e+00 2.272418234497308731e-03 1.300000000000000000e+01 6.706691200000000000e+07 4.000000000000000000e+00 3.100000000000000000e+01 1.100000000000000000e+01 1.860000000000000000e+03
-1.001581549644470215e+00 1.648284316062927246e+00 1.426525861024856567e-01 2.170000000000000000e+02 6.716443200000000000e+07 8.000000000000000000e+01 2.300000000000000000e+01 6.900000000000000000e+01 1.934000000000000000e+03
-8.504204750061035156e-01 1.402277231216430664e+00 2.003637608140707016e-03 1.400000000000000000e+01 6.716443200000000000e+07 3.000000000000000000e+00 3.100000000000000000e+01 2.600000000000000000e+01 1.640000000000000000e+03
-9.899111390113830566e-01 1.651832580566406250e+00 1.424313038587570190e-01 1.700000000000000000e+02 6.726145600000000000e+07 6.300000000000000000e+01 2.300000000000000000e+01 7.100000000000000000e+01 1.931000000000000000e+03
-9.095548987388610840e-01 1.520752906799316406e+00 2.164905890822410583e-03 9.000000000000000000e+00 6.726145600000000000e+07 2.000000000000000000e+00 3.100000000000000000e+01 1.200000000000000000e+01 1.772000000000000000e+03
-9.736684560775756836e-01 1.647572755813598633e+00 1.415461748838424683e-01 6.400000000000000000e+01 6.735995200000000000e+07 2.300000000000000000e+01 2.300000000000000000e+01 2.700000000000000000e+01 1.919000000000000000e+03
-8.956344723701477051e-01 1.518553137779235840e+00 2.153910463675856590e-03 1.100000000000000000e+01 6.735995200000000000e+07 3.000000000000000000e+00 3.100000000000000000e+01 1.900000000000000000e+01 1.763000000000000000e+03
-8.193930238485336304e-02 6.970566511154174805e-01 1.421159505844116211e-02 5.400000000000000000e+01 7.283895200000000000e+07 3.000000000000000000e+00 2.900000000000000000e+01 2.000000000000000000e+01 7.020000000000000000e+02
-1.053109243512153625e-01 7.112046480178833008e-01 7.654695305973291397e-03 5.900000000000000000e+01 7.293571200000000000e+07 3.000000000000000000e+00 3.000000000000000000e+01 2.300000000000000000e+01 7.190000000000000000e+02
-1.016470566391944885e-01 7.167876362800598145e-01 7.707926910370588303e-03 1.000000000000000000e+02 7.303348000000000000e+07 5.000000000000000000e+00 3.000000000000000000e+01 1.500000000000000000e+01 7.240000000000000000e+02
-1.774324290454387665e-02 7.149909138679504395e-01 3.360339254140853882e-02 1.340000000000000000e+02 7.488964800000000000e+07 6.000000000000000000e+00 2.600000000000000000e+01 1.700000000000000000e+01 7.160000000000000000e+02
-8.990221656858921051e-03 6.975176930427551270e-01 5.820925161242485046e-02 9.800000000000000000e+01 7.508689600000000000e+07 5.000000000000000000e+00 2.200000000000000000e+01 2.100000000000000000e+01 7.000000000000000000e+02
