-1.772374659776687622e-02 -7.564592361450195312e-01 2.245734818279743195e-02 1.770000000000000000e+02 2.446410000000000000e+07 1.000000000000000000e+01 2.800000000000000000e+01 5.000000000000000000e+00 7.570000000000000000e+02
-1.503421925008296967e-02 -6.617040038108825684e-01 1.102848947048187256e-01 7.800000000000000000e+01 2.504957000000000000e+07 3.000000000000000000e+00 1.300000000000000000e+01 1.600000000000000000e+02 6.710000000000000000e+02
-3.500610217452049255e-02 -7.216404676437377930e-01 6.028815358877182007e-02 9.000000000000000000e+01 2.603116000000000000e+07 5.000000000000000000e+00 2.200000000000000000e+01 2.000000000000000000e+01 7.250000000000000000e+02
-1.102316379547119141e-01 -7.182707786560058594e-01 2.156736142933368683e-02 9.200000000000000000e+01 2.652269000000000000e+07 5.000000000000000000e+00 2.800000000000000000e+01 1.000000000000000000e+01 7.270000000000000000e+02
-6.462192535400390625e-02 -7.481718659400939941e-01 7.995377294719219208e-03 1.320000000000000000e+02 2.661997000000000000e+07 7.000000000000000000e+00 3.000000000000000000e+01 1.800000000000000000e+01 7.510000000000000000e+02
-5.235894024372100830e-02 -7.091274857521057129e-01 5.259115621447563171e-02 5.900000000000000000e+01 2.701217000000000000e+07 3.000000000000000000e+00 2.300000000000000000e+01 1.400000000000000000e+01 7.130000000000000000e+02
-7.369956374168395996e-02 -6.661964058876037598e-01 3.149144724011421204e-02 8.400000000000000000e+01 2.701217000000000000e+07 4.000000000000000000e+00 2.600000000000000000e+01 1.500000000000000000e+01 6.710000000000000000e+02
-1.035172715783119202e-01 -6.730019450187683105e-01 3.842680156230926514e-02 7.100000000000000000e+01 2.710939000000000000e+07 3.000000000000000000e+00 2.500000000000000000e+01 1.000000000000000000e+01 6.820000000000000000e+02
-1.126225814223289490e-01 -7.018760442733764648e-01 1.439379435032606125e-02 1.020000000000000000e+02 2.720759000000000000e+07 5.000000000000000000e+00 2.900000000000000000e+01 1.800000000000000000e+01 7.110000000000000000e+02
-1.141882687807083130e-01 -6.611440777778625488e-01 3.786335885524749756e-02 1.160000000000000000e+02 2.740199000000000000e+07 5.000000000000000000e+00 2.500000000000000000e+01 1.800000000000000000e+01 6.720000000000000000e+02
-1.234437376260757446e-01 -7.132481336593627930e-01 1.465697214007377625e-02 1.190000000000000000e+02 2.740199000000000000e+07 6.000000000000000000e+00 2.900000000000000000e+01 2.100000000000000000e+01 7.240000000000000000e+02
-1.182129457592964172e-01 -7.334931492805480957e-01 7.910206913948059082e-03 1.950000000000000000e+02 2.779004000000000000e+07 1.100000000000000000e+01 3.000000000000000000e+01 1.700000000000000000e+01 7.430000000000000000e+02
-1.238674521446228027e-01 -7.396574616432189941e-01 7.984731346368789673e-03 1.630000000000000000e+02 2.788813000000000000e+07 9.000000000000000000e+00 3.000000000000000000e+01 1.800000000000000000e+01 7.500000000000000000e+02
-1.187236309051513672e-01 -7.334527373313903809e-01 9.077455615624785423e-04 1.240000000000000000e+02 2.837536000000000000e+07 7.000000000000000000e+00 3.100000000000000000e+01 2.600000000000000000e+01 7.430000000000000000e+02
-3.711087226867675781e+00 -7.704831600189208984e+00 1.044823694974184036e-02 1.640000000000000000e+02 3.296740000000000000e+07 1.192000000000000000e+03 3.100000000000000000e+01 1.150000000000000000e+02 8.552000000000000000e+03
-3.710831403732299805e+00 -7.584903717041015625e+00 1.031628996133804321e-02 2.120000000000000000e+02 3.306703000000000000e+07 1.498000000000000000e+03 3.100000000000000000e+01 1.090000000000000000e+02 8.444000000000000000e+03
-3.909997940063476562e+00 -7.632796764373779297e+00 1.047755777835845947e-02 1.660000000000000000e+02 3.335970000000000000e+07 1.207000000000000000e+03 3.100000000000000000e+01 9.400000000000000000e+01 8.576000000000000000e+03
-4.111780643463134766e+00 -7.906762599945068359e+00 1.088806055486202240e-02 2.050000000000000000e+02 3.345651000000000000e+07 1.614000000000000000e+03 3.100000000000000000e+01 9.400000000000000000e+01 8.912000000000000000e+03
-4.211100578308105469e+00 -7.977779388427734375e+00 1.102122850716114044e-02 1.770000000000000000e+02 3.355476800000000000e+07 1.435000000000000000e+03 3.100000000000000000e+01 8.000000000000000000e+01 9.021000000000000000e+03
-3.879828214645385742e+00 -7.242202758789062500e+00 1.003773603588342667e-02 2.290000000000000000e+02 3.365244800000000000e+07 1.525000000000000000e+03 3.100000000000000000e+01 1.170000000000000000e+02 8.216000000000000000e+03
-4.336385250091552734e+00 -7.976458549499511719e+00 1.109208911657333374e-02 1.400000000000000000e+02 3.375044000000000000e+07 1.149000000000000000e+03 3.100000000000000000e+01 7.400000000000000000e+01 9.079000000000000000e+03
-4.095923423767089844e+00 -7.425207614898681641e+00 1.036027260124683380e-02 1.470000000000000000e+02 3.384820800000000000e+07 1.050000000000000000e+03 3.100000000000000000e+01 1.130000000000000000e+02 8.480000000000000000e+03
-4.293290615081787109e+00 -7.671324729919433594e+00 1.074023079127073288e-02 1.410000000000000000e+02 3.394528800000000000e+07 1.084000000000000000e+03 3.100000000000000000e+01 8.900000000000000000e+01 8.791000000000000000e+03
-4.360522747039794922e+00 -7.680492401123046875e+00 1.079032197594642639e-02 1.530000000000000000e+02 3.404383200000000000e+07 1.186000000000000000e+03 3.100000000000000000e+01 1.170000000000000000e+02 8.832000000000000000e+03
-4.507376194000244141e+00 -7.826906681060791016e+00 1.103466749191284180e-02 2.810000000000000000e+02 3.414136800000000000e+07 2.278000000000000000e+03 3.100000000000000000e+01 8.800000000000000000e+01 9.032000000000000000e+03
-4.464532852172851562e+00 -7.643672943115234375e+00 1.081475615501403809e-02 2.410000000000000000e+02 3.423915200000000000e+07 1.875000000000000000e+03 3.100000000000000000e+01 8.800000000000000000e+01 8.852000000000000000e+03
-4.594931125640869141e+00 -7.757238864898681641e+00 1.101511996239423752e-02 1.450000000000000000e+02 3.433708800000000000e+07 1.171000000000000000e+03 3.100000000000000000e+01 1.100000000000000000e+02 9.016000000000000000e+03
-4.755722045898437500e+00 -7.917491912841796875e+00 1.128389965742826462e-02 1.470000000000000000e+02 3.443508000000000000e+07 1.249000000000000000e+03 3.100000000000000000e+01 6.500000000000000000e+01 9.236000000000000000e+03
-5.275138854980468750e+00 -7.996181964874267578e+00 1.019916310906410217e-01 1.470000000000000000e+02 3.453266000000000000e+07 1.344000000000000000e+03 3.000000000000000000e+01 6.100000000000000000e+01 9.580000000000000000e+03
-4.647124767303466797e+00 -7.630233764648437500e+00 1.091493759304285049e-02 1.340000000000000000e+02 3.453266000000000000e+07 1.063000000000000000e+03 3.100000000000000000e+01 9.700000000000000000e+01 8.934000000000000000e+03
-5.320768356323242188e+00 -7.958675384521484375e+00 1.019277498126029968e-01 1.520000000000000000e+02 3.462962000000000000e+07 1.388000000000000000e+03 3.000000000000000000e+01 6.600000000000000000e+01 9.574000000000000000e+03
-4.765309333801269531e+00 -7.717293262481689453e+00 1.108109299093484879e-02 1.490000000000000000e+02 3.462962000000000000e+07 1.219000000000000000e+03 3.100000000000000000e+01 9.900000000000000000e+01 9.070000000000000000e+03
-5.365575790405273438e+00 -7.920083045959472656e+00 1.018532291054725647e-01 1.380000000000000000e+02 3.472803200000000000e+07 1.257000000000000000e+03 3.000000000000000000e+01 8.000000000000000000e+01 9.567000000000000000e+03
-4.672492504119873047e+00 -7.464137077331542969e+00 1.075855642557144165e-02 1.420000000000000000e+02 3.472803200000000000e+07 1.095000000000000000e+03 3.100000000000000000e+01 8.600000000000000000e+01 8.806000000000000000e+03
-4.931985855102539062e+00 -7.772221565246582031e+00 1.124602742493152618e-02 1.940000000000000000e+02 3.482724000000000000e+07 1.627000000000000000e+03 3.100000000000000000e+01 1.100000000000000000e+02 9.205000000000000000e+03
-5.520030498504638672e+00 -7.936554431915283203e+00 1.029285043478012085e-01 1.290000000000000000e+02 3.492498000000000000e+07 1.200000000000000000e+03 3.000000000000000000e+01 7.200000000000000000e+01 9.668000000000000000e+03
-4.880044937133789062e+00 -7.587061405181884766e+00 1.102122850716114044e-02 1.470000000000000000e+02 3.492498000000000000e+07 1.190000000000000000e+03 3.100000000000000000e+01 9.400000000000000000e+01 9.021000000000000000e+03
-5.581295967102050781e+00 -7.920517921447753906e+00 1.031627207994461060e-01 1.220000000000000000e+02 3.502362000000000000e+07 1.140000000000000000e+03 3.000000000000000000e+01 6.800000000000000000e+01 9.690000000000000000e+03
-5.007876873016357422e+00 -7.681793212890625000e+00 1.120326574891805649e-02 1.290000000000000000e+02 3.502362000000000000e+07 1.077000000000000000e+03 3.100000000000000000e+01 1.110000000000000000e+02 9.170000000000000000e+03
-5.678593158721923828e+00 -7.954484939575195312e+00 1.040570065379142761e-01 1.720000000000000000e+02 3.512136000000000000e+07 1.636000000000000000e+03 3.000000000000000000e+01 8.200000000000000000e+01 9.774000000000000000e+03
-4.987665653228759766e+00 -7.549130916595458984e+00 1.105421502143144608e-02 1.220000000000000000e+02 3.512136000000000000e+07 9.930000000000000000e+02 3.100000000000000000e+01 1.930000000000000000e+02 9.048000000000000000e+03
-5.722606658935546875e+00 -7.913010120391845703e+00 1.039718464016914368e-01 1.370000000000000000e+02 3.521856800000000000e+07 1.301000000000000000e+03 3.000000000000000000e+01 6.600000000000000000e+01 9.766000000000000000e+03
-4.928184986114501953e+00 -7.360506057739257812e+00 1.082208659499883652e-02 1.050000000000000000e+02 3.521856800000000000e+07 8.130000000000000000e+02 3.100000000000000000e+01 1.610000000000000000e+02 8.858000000000000000e+03
-5.821281433105468750e+00 -7.946313381195068359e+00 1.048767790198326111e-01 1.260000000000000000e+02 3.531764800000000000e+07 1.215000000000000000e+03 3.000000000000000000e+01 8.800000000000000000e+01 9.851000000000000000e+03
-5.178182125091552734e+00 -7.632171630859375000e+00 1.126801781356334686e-02 1.890000000000000000e+02 3.531764800000000000e+07 1.592000000000000000e+03 3.100000000000000000e+01 1.030000000000000000e+02 9.223000000000000000e+03
-5.015306472778320312e+00 -7.295355319976806641e+00 1.081597805023193359e-02 1.420000000000000000e+02 3.541507200000000000e+07 1.104000000000000000e+03 3.100000000000000000e+01 1.260000000000000000e+02 8.853000000000000000e+03
-5.870894432067871094e+00 -7.811131000518798828e+00 1.040357202291488647e-01 1.510000000000000000e+02 3.551244800000000000e+07 1.435000000000000000e+03 3.000000000000000000e+01 7.900000000000000000e+01 9.772000000000000000e+03
-5.110843658447265625e+00 -7.337474346160888672e+00 1.092471182346343994e-02 1.340000000000000000e+02 3.551244800000000000e+07 1.067000000000000000e+03 3.100000000000000000e+01 1.750000000000000000e+02 8.942000000000000000e+03
-5.931431293487548828e+00 -7.791668891906738281e+00 1.042592898011207581e-01 1.780000000000000000e+02 3.561032800000000000e+07 1.692000000000000000e+03 3.000000000000000000e+01 6.400000000000000000e+01 9.793000000000000000e+03
-5.254364490509033203e+00 -7.445691108703613281e+00 1.113362796604633331e-02 8.400000000000000000e+01 3.561032800000000000e+07 6.880000000000000000e+02 3.100000000000000000e+01 1.340000000000000000e+02 9.113000000000000000e+03
-5.977297306060791016e+00 -7.752752780914306641e+00 1.042273566126823425e-01 1.440000000000000000e+02 3.570847200000000000e+07 1.375000000000000000e+03 3.000000000000000000e+01 6.400000000000000000e+01 9.790000000000000000e+03
-5.297624588012695312e+00 -7.410056114196777344e+00 1.112874038517475128e-02 1.710000000000000000e+02 3.570847200000000000e+07 1.410000000000000000e+03 3.100000000000000000e+01 1.220000000000000000e+02 9.109000000000000000e+03
-6.032138824462890625e+00 -7.725387573242187500e+00 1.043551042675971985e-01 1.590000000000000000e+02 3.580739200000000000e+07 1.515000000000000000e+03 3.000000000000000000e+01 4.200000000000000000e+01 9.802000000000000000e+03
-5.396955966949462891e+00 -7.451922416687011719e+00 1.124113984405994415e-02 1.300000000000000000e+02 3.580739200000000000e+07 1.091000000000000000e+03 3.100000000000000000e+01 1.290000000000000000e+02 9.201000000000000000e+03
-6.133387565612792969e+00 -7.756469249725341797e+00 1.052813455462455750e-01 1.930000000000000000e+02 3.590594000000000000e+07 1.871000000000000000e+03 3.000000000000000000e+01 7.400000000000000000e+01 9.889000000000000000e+03
-5.421875476837158203e+00 -7.390446662902832031e+00 1.119837909936904907e-02 1.520000000000000000e+02 3.590594000000000000e+07 1.268000000000000000e+03 3.100000000000000000e+01 1.300000000000000000e+02 9.166000000000000000e+03
-6.188364505767822266e+00 -7.728055000305175781e+00 1.054090857505798340e-01 1.670000000000000000e+02 3.600398000000000000e+07 1.613000000000000000e+03 3.000000000000000000e+01 5.500000000000000000e+01 9.901000000000000000e+03
-5.603708744049072266e+00 -7.540845394134521484e+00 1.147815585136413574e-02 1.660000000000000000e+02 3.600398000000000000e+07 1.448000000000000000e+03 3.100000000000000000e+01 1.100000000000000000e+02 9.395000000000000000e+03
-6.252041339874267578e+00 -7.710132122039794922e+00 1.056858897209167480e-01 1.670000000000000000e+02 3.610236800000000000e+07 1.630000000000000000e+03 3.000000000000000000e+01 6.400000000000000000e+01 9.927000000000000000e+03
-5.535011291503906250e+00 -7.353716373443603516e+00 1.124480552971363068e-02 1.740000000000000000e+02 3.610236800000000000e+07 1.456000000000000000e+03 3.100000000000000000e+01 1.350000000000000000e+02 9.204000000000000000e+03
-6.303673744201660156e+00 -7.677034854888916016e+00 1.057604178786277771e-01 1.890000000000000000e+02 3.620000800000000000e+07 1.850000000000000000e+03 3.000000000000000000e+01 5.500000000000000000e+01 9.934000000000000000e+03
-5.010749340057373047e+00 -6.572862148284912109e+00 1.009760051965713501e-02 1.710000000000000000e+02 3.620000800000000000e+07 1.160000000000000000e+03 3.100000000000000000e+01 1.420000000000000000e+02 8.265000000000000000e+03
-6.364086151123046875e+00 -7.654359340667724609e+00 1.059839949011802673e-01 1.630000000000000000e+02 3.629748800000000000e+07 1.601000000000000000e+03 3.000000000000000000e+01 5.600000000000000000e+01 9.955000000000000000e+03
-5.034484863281250000e+00 -6.520621776580810547e+00 1.006461307406425476e-02 1.430000000000000000e+02 3.629748800000000000e+07 9.660000000000000000e+02 3.100000000000000000e+01 1.980000000000000000e+02 8.238000000000000000e+03
-6.474043369293212891e+00 -7.690131664276123047e+00 1.070273295044898987e-01 1.670000000000000000e+02 3.639558000000000000e+07 1.663000000000000000e+03 3.000000000000000000e+01 5.500000000000000000e+01 1.005300000000000000e+04
-5.306622505187988281e+00 -6.786595821380615234e+00 1.052520610392093658e-02 1.900000000000000000e+02 3.639558000000000000e+07 1.397000000000000000e+03 3.100000000000000000e+01 9.400000000000000000e+01 8.615000000000000000e+03
-6.534729480743408203e+00 -7.666243553161621094e+00 1.072509065270423889e-01 1.760000000000000000e+02 3.649346000000000000e+07 1.780000000000000000e+03 3.000000000000000000e+01 6.800000000000000000e+01 1.007400000000000000e+04
-5.340714931488037109e+00 -6.744499683380126953e+00 1.051054522395133972e-02 2.250000000000000000e+02 3.649346000000000000e+07 1.654000000000000000e+03 3.100000000000000000e+01 6.100000000000000000e+01 8.603000000000000000e+03
-6.580992698669433594e+00 -7.625246524810791016e+00 1.072402596473693848e-01 2.120000000000000000e+02 3.659191200000000000e+07 2.136000000000000000e+03 3.000000000000000000e+01 5.900000000000000000e+01 1.007300000000000000e+04
-5.391381263732910156e+00 -6.723304271697998047e+00 1.052887085825204849e-02 1.290000000000000000e+02 3.659191200000000000e+07 9.470000000000000000e+02 3.100000000000000000e+01 5.700000000000000000e+01 8.618000000000000000e+03
-6.632919788360595703e+00 -7.590745925903320312e+00 1.073254272341728210e-01 1.810000000000000000e+02 3.668964000000000000e+07 1.834000000000000000e+03 3.000000000000000000e+01 6.100000000000000000e+01 1.008100000000000000e+04
-5.343651294708251953e+00 -6.580639839172363281e+00 1.035660691559314728e-02 1.220000000000000000e+02 3.668964000000000000e+07 8.690000000000000000e+02 3.100000000000000000e+01 1.290000000000000000e+02 8.477000000000000000e+03
-6.735027313232421875e+00 -7.612814426422119141e+00 1.082197204232215881e-01 1.880000000000000000e+02 3.678948000000000000e+07 1.937000000000000000e+03 3.000000000000000000e+01 6.500000000000000000e+01 1.016500000000000000e+04
-5.721178531646728516e+00 -6.957878112792968750e+00 1.100534573197364807e-02 1.460000000000000000e+02 3.678948000000000000e+07 1.175000000000000000e+03 3.100000000000000000e+01 1.340000000000000000e+02 9.008000000000000000e+03
-6.783612728118896484e+00 -7.573579788208007812e+00 1.082516536116600037e-01 1.690000000000000000e+02 3.688696000000000000e+07 1.742000000000000000e+03 3.000000000000000000e+01 5.800000000000000000e+01 1.016800000000000000e+04
-5.521260738372802734e+00 -6.631381511688232422e+00 1.054231077432632446e-02 1.180000000000000000e+02 3.688696000000000000e+07 8.710000000000000000e+02 3.100000000000000000e+01 1.200000000000000000e+02 8.629000000000000000e+03
-6.831970691680908203e+00 -7.534036159515380859e+00 1.082835942506790161e-01 1.400000000000000000e+02 3.698500000000000000e+07 1.443000000000000000e+03 3.000000000000000000e+01 5.800000000000000000e+01 1.017100000000000000e+04
-5.554755687713623047e+00 -6.588968276977539062e+00 1.052887085825204849e-02 1.920000000000000000e+02 3.698500000000000000e+07 1.411000000000000000e+03 3.100000000000000000e+01 1.110000000000000000e+02 8.618000000000000000e+03
-6.893623828887939453e+00 -7.508915901184082031e+00 1.085284575819969177e-01 1.790000000000000000e+02 3.708308800000000000e+07 1.844000000000000000e+03 3.000000000000000000e+01 5.800000000000000000e+01 1.019400000000000000e+04
-5.279553413391113281e+00 -6.185114383697509766e+00 9.935109876096248627e-03 1.120000000000000000e+02 3.708308800000000000e+07 7.310000000000000000e+02 3.100000000000000000e+01 1.620000000000000000e+02 8.132000000000000000e+03
-6.967478752136230469e+00 -7.496506214141845703e+00 1.089649647474288940e-01 1.680000000000000000e+02 3.717984800000000000e+07 1.734000000000000000e+03 3.000000000000000000e+01 5.200000000000000000e+01 1.023500000000000000e+04
-6.164842605590820312e+00 -7.133146286010742188e+00 1.151847280561923981e-02 1.150000000000000000e+02 3.717984800000000000e+07 1.018000000000000000e+03 3.100000000000000000e+01 1.750000000000000000e+02 9.428000000000000000e+03
-7.031846046447753906e+00 -7.473275661468505859e+00 1.092524081468582153e-01 1.770000000000000000e+02 3.727723200000000000e+07 1.849000000000000000e+03 3.000000000000000000e+01 4.900000000000000000e+01 1.026200000000000000e+04
-5.347155094146728516e+00 -6.110830307006835938e+00 9.920449927449226379e-03 2.520000000000000000e+02 3.727723200000000000e+07 1.647000000000000000e+03 3.100000000000000000e+01 1.410000000000000000e+02 8.120000000000000000e+03
-7.096190929412841797e+00 -7.449537277221679688e+00 1.095398589968681335e-01 2.130000000000000000e+02 3.737504800000000000e+07 2.229000000000000000e+03 3.000000000000000000e+01 5.500000000000000000e+01 1.028900000000000000e+04
-5.830167770385742188e+00 -6.580904483795166016e+00 1.074145268648862839e-02 1.350000000000000000e+02 3.737504800000000000e+07 1.038000000000000000e+03 3.100000000000000000e+01 1.890000000000000000e+02 8.792000000000000000e+03
-7.839561939239501953e+00 -7.562648296356201172e+00 2.205631434917449951e-01 2.380000000000000000e+02 3.747300000000000000e+07 2.788000000000000000e+03 2.900000000000000000e+01 1.260000000000000000e+02 1.089500000000000000e+04
-7.170919418334960938e+00 -7.436086654663085938e+00 1.099870055913925171e-01 1.910000000000000000e+02 3.747300000000000000e+07 2.033000000000000000e+03 3.000000000000000000e+01 6.300000000000000000e+01 1.033100000000000000e+04
-5.189381122589111328e+00 -5.785691261291503906e+00 9.495287202298641205e-03 1.660000000000000000e+02 3.747300000000000000e+07 9.880000000000000000e+02 3.100000000000000000e+01 1.540000000000000000e+02 7.772000000000000000e+03
-7.235271930694580078e+00 -7.411265850067138672e+00 1.102744564414024353e-01 1.920000000000000000e+02 3.757000000000000000e+07 2.044000000000000000e+03 3.000000000000000000e+01 5.500000000000000000e+01 1.035800000000000000e+04
-5.538728237152099609e+00 -6.099468708038330078e+00 1.006583496928215027e-02 1.130000000000000000e+02 3.757000000000000000e+07 7.630000000000000000e+02 3.100000000000000000e+01 1.890000000000000000e+02 8.239000000000000000e+03
-7.298885822296142578e+00 -7.385222911834716797e+00 1.105512604117393494e-01 1.750000000000000000e+02 3.766728000000000000e+07 1.870000000000000000e+03 3.000000000000000000e+01 6.500000000000000000e+01 1.038400000000000000e+04
-5.942191600799560547e+00 -6.463641166687011719e+00 1.072679180651903152e-02 1.810000000000000000e+02 3.766728000000000000e+07 1.387000000000000000e+03 3.100000000000000000e+01 1.230000000000000000e+02 8.780000000000000000e+03
-7.369523525238037109e+00 -7.365746021270751953e+00 1.109345257282257080e-01 1.840000000000000000e+02 3.776460800000000000e+07 1.982000000000000000e+03 3.000000000000000000e+01 5.500000000000000000e+01 1.042000000000000000e+04
-5.573646068572998047e+00 -5.988584041595458984e+00 9.994975291192531586e-03 1.790000000000000000e+02 3.776460800000000000e+07 1.182000000000000000e+03 3.100000000000000000e+01 1.530000000000000000e+02 8.181000000000000000e+03
-7.448735713958740234e+00 -7.354110717773437500e+00 1.114455461502075195e-01 1.710000000000000000e+02 3.786230000000000000e+07 1.847000000000000000e+03 3.000000000000000000e+01 5.300000000000000000e+01 1.046800000000000000e+04
-5.231055259704589844e+00 -5.551788806915283203e+00 9.319358505308628082e-03 1.940000000000000000e+02 3.786230000000000000e+07 1.118000000000000000e+03 3.100000000000000000e+01 9.700000000000000000e+01 7.628000000000000000e+03
-7.560295581817626953e+00 -7.373196125030517578e+00 1.124356612563133240e-01 1.800000000000000000e+02 3.795888800000000000e+07 1.990000000000000000e+03 3.000000000000000000e+01 6.800000000000000000e+01 1.056100000000000000e+04
-5.670873165130615234e+00 -5.945061683654785156e+00 1.003773603588342667e-02 2.530000000000000000e+02 3.795888800000000000e+07 1.701000000000000000e+03 3.100000000000000000e+01 1.210000000000000000e+02 8.216000000000000000e+03
-8.566826820373535156e+00 -7.675953388214111328e+00 2.329122424125671387e-01 4.400000000000000000e+01 3.805643200000000000e+07 5.700000000000000000e+02 2.900000000000000000e+01 1.040000000000000000e+02 1.150500000000000000e+04
-7.642121315002441406e+00 -7.362049102783203125e+00 1.129786148667335510e-01 1.420000000000000000e+02 3.805643200000000000e+07 1.583000000000000000e+03 3.000000000000000000e+01 4.400000000000000000e+01 1.061200000000000000e+04
-5.748923301696777344e+00 -5.953314304351806641e+00 1.011103857308626175e-02 2.660000000000000000e+02 3.805643200000000000e+07 1.815000000000000000e+03 3.100000000000000000e+01 1.170000000000000000e+02 8.276000000000000000e+03
-7.720472335815429688e+00 -7.346728324890136719e+00 1.134683564305305481e-01 1.860000000000000000e+02 3.815411200000000000e+07 2.107000000000000000e+03 3.000000000000000000e+01 5.900000000000000000e+01 1.065800000000000000e+04
-5.833578586578369141e+00 -5.967267513275146484e+00 1.019533816725015640e-02 2.210000000000000000e+02 3.815411200000000000e+07 1.532000000000000000e+03 3.100000000000000000e+01 1.210000000000000000e+02 8.345000000000000000e+03
-7.773419857025146484e+00 -7.306751251220703125e+00 1.135854572057723999e-01 1.800000000000000000e+02 3.825240000000000000e+07 2.021000000000000000e+03 3.000000000000000000e+01 5.400000000000000000e+01 1.066900000000000000e+04
-6.239382266998291016e+00 -6.304514884948730469e+00 1.083674747496843338e-02 1.650000000000000000e+02 3.825240000000000000e+07 1.291000000000000000e+03 3.100000000000000000e+01 1.100000000000000000e+02 8.870000000000000000e+03
-8.616608619689941406e+00 -7.439215660095214844e+00 2.305031567811965942e-01 2.000000000000000000e+01 3.834972800000000000e+07 2.460000000000000000e+02 2.900000000000000000e+01 1.200000000000000000e+02 1.138600000000000000e+04
-7.846685409545898438e+00 -7.285451412200927734e+00 1.140006631612777710e-01 1.760000000000000000e+02 3.834972800000000000e+07 1.990000000000000000e+03 3.000000000000000000e+01 5.200000000000000000e+01 1.070800000000000000e+04
-6.142763614654541016e+00 -6.131182193756103516e+00 1.060339715331792831e-02 2.390000000000000000e+02 3.834972800000000000e+07 1.787000000000000000e+03 3.100000000000000000e+01 8.900000000000000000e+01 8.679000000000000000e+03
-2.436740398406982422e+00 -1.930254936218261719e+00 9.226202219724655151e-02 4.900000000000000000e+01 3.844680000000000000e+07 4.700000000000000000e+01 2.800000000000000000e+01 5.900000000000000000e+01 3.110000000000000000e+03
-7.950933456420898438e+00 -7.291913032531738281e+00 1.148630157113075256e-01 1.810000000000000000e+02 3.844680000000000000e+07 2.078000000000000000e+03 3.000000000000000000e+01 5.400000000000000000e+01 1.078900000000000000e+04
-6.181692600250244141e+00 -6.094779968261718750e+00 1.060584094375371933e-02 1.850000000000000000e+02 3.844680000000000000e+07 1.378000000000000000e+03 3.100000000000000000e+01 1.340000000000000000e+02 8.681000000000000000e+03
-2.449325799942016602e+00 -1.915882945060729980e+00 9.229169040918350220e-02 2.830000000000000000e+02 3.854396000000000000e+07 2.720000000000000000e+02 2.800000000000000000e+01 7.400000000000000000e+01 3.111000000000000000e+03
-8.005159378051757812e+00 -7.251717090606689453e+00 1.150014102458953857e-01 1.970000000000000000e+02 3.854396000000000000e+07 2.292000000000000000e+03 3.000000000000000000e+01 6.200000000000000000e+01 1.080200000000000000e+04
-5.996891975402832031e+00 -5.840447425842285156e+00 1.022710371762514114e-02 1.140000000000000000e+02 3.854396000000000000e+07 7.910000000000000000e+02 3.100000000000000000e+01 1.230000000000000000e+02 8.371000000000000000e+03
-2.488833665847778320e+00 -1.922982215881347656e+00 2.072485685348510742e-01 5.000000000000000000e+01 3.864076800000000000e+07 4.900000000000000000e+01 2.400000000000000000e+01 8.200000000000000000e+01 3.152000000000000000e+03
-2.438094139099121094e+00 -1.883099198341369629e+00 9.143137186765670776e-02 3.270000000000000000e+02 3.864076800000000000e+07 3.090000000000000000e+02 2.800000000000000000e+01 7.300000000000000000e+01 3.082000000000000000e+03
-8.085273742675781250e+00 -7.234467029571533203e+00 1.155124381184577942e-01 1.950000000000000000e+02 3.864076800000000000e+07 2.288000000000000000e+03 3.000000000000000000e+01 7.700000000000000000e+01 1.085000000000000000e+04
-6.309347152709960938e+00 -6.069765090942382812e+00 1.069624815136194229e-02 1.800000000000000000e+02 3.864076800000000000e+07 1.364000000000000000e+03 3.100000000000000000e+01 1.160000000000000000e+02 8.755000000000000000e+03
-2.501379251480102539e+00 -1.908279895782470703e+00 2.073143124580383301e-01 6.300000000000000000e+01 3.873871200000000000e+07 6.200000000000000000e+01 2.400000000000000000e+01 7.400000000000000000e+01 3.153000000000000000e+03
-2.443244218826293945e+00 -1.863254666328430176e+00 9.119404107332229614e-02 3.380000000000000000e+02 3.873871200000000000e+07 3.190000000000000000e+02 2.800000000000000000e+01 9.700000000000000000e+01 3.074000000000000000e+03
-8.165476799011230469e+00 -7.216505527496337891e+00 1.160234659910202026e-01 1.830000000000000000e+02 3.873871200000000000e+07 2.145000000000000000e+03 3.000000000000000000e+01 4.800000000000000000e+01 1.089800000000000000e+04
-6.034041404724121094e+00 -5.734040260314941406e+00 1.016968209296464920e-02 1.670000000000000000e+02 3.873871200000000000e+07 1.143000000000000000e+03 3.100000000000000000e+01 1.180000000000000000e+02 8.324000000000000000e+03
-2.451436996459960938e+00 -1.845823287963867188e+00 9.107537567615509033e-02 2.700000000000000000e+02 3.883604000000000000e+07 2.540000000000000000e+02 2.800000000000000000e+01 6.300000000000000000e+01 3.070000000000000000e+03
-8.219394683837890625e+00 -7.174815654754638672e+00 1.161618605256080627e-01 1.670000000000000000e+02 3.883604000000000000e+07 1.969000000000000000e+03 3.000000000000000000e+01 7.200000000000000000e+01 1.091100000000000000e+04
-6.042863368988037109e+00 -5.672269821166992188e+00 1.012569945305585861e-02 1.420000000000000000e+02 3.883604000000000000e+07 9.670000000000000000e+02 3.100000000000000000e+01 1.400000000000000000e+02 8.288000000000000000e+03
-2.485980033874511719e+00 -1.848040461540222168e+00 9.193569421768188477e-02 6.900000000000000000e+01 3.893376000000000000e+07 6.600000000000000000e+01 2.800000000000000000e+01 6.000000000000000000e+01 3.099000000000000000e+03
-8.327637672424316406e+00 -7.179747104644775391e+00 1.170668005943298340e-01 1.840000000000000000e+02 3.893376000000000000e+07 2.218000000000000000e+03 3.000000000000000000e+01 6.200000000000000000e+01 1.099600000000000000e+04
-5.723372459411621094e+00 -5.306688785552978516e+00 9.535604156553745270e-03 2.880000000000000000e+02 3.893376000000000000e+07 1.742000000000000000e+03 3.100000000000000000e+01 1.170000000000000000e+02 7.805000000000000000e+03
-2.480983018875122070e+00 -1.962528109550476074e+00 6.405339390039443970e-02 1.470000000000000000e+02 3.903160800000000000e+07 1.460000000000000000e+02 2.900000000000000000e+01 8.500000000000000000e+01 3.164000000000000000e+03
-8.385239601135253906e+00 -7.140183925628662109e+00 1.172584369778633118e-01 2.260000000000000000e+02 3.903160800000000000e+07 2.734000000000000000e+03 3.000000000000000000e+01 6.700000000000000000e+01 1.101400000000000000e+04
-5.769837379455566406e+00 -5.284303665161132812e+00 9.558817371726036072e-03 1.760000000000000000e+02 3.903160800000000000e+07 1.070000000000000000e+03 3.100000000000000000e+01 1.410000000000000000e+02 7.824000000000000000e+03
-2.481769561767578125e+00 -1.939908504486083984e+00 1.777662187814712524e-01 4.900000000000000000e+01 3.912932800000000000e+07 4.700000000000000000e+01 2.500000000000000000e+01 5.400000000000000000e+01 3.155000000000000000e+03
-2.470128536224365234e+00 -1.929420351982116699e+00 6.346631050109863281e-02 2.440000000000000000e+02 3.912932800000000000e+07 2.390000000000000000e+02 2.900000000000000000e+01 9.000000000000000000e+01 3.135000000000000000e+03
-8.461034774780273438e+00 -7.115629673004150391e+00 1.177055835723876953e-01 1.730000000000000000e+02 3.912932800000000000e+07 2.097000000000000000e+03 3.000000000000000000e+01 5.300000000000000000e+01 1.105600000000000000e+04
-5.773231029510498047e+00 -5.222637653350830078e+00 9.511169977486133575e-03 1.770000000000000000e+02 3.912932800000000000e+07 1.066000000000000000e+03 3.100000000000000000e+01 1.360000000000000000e+02 7.785000000000000000e+03
-2.491254806518554688e+00 -1.922814011573791504e+00 1.775971800088882446e-01 1.990000000000000000e+02 3.922716800000000000e+07 1.950000000000000000e+02 2.500000000000000000e+01 5.300000000000000000e+01 3.152000000000000000e+03
-2.466878890991210938e+00 -1.902626276016235352e+00 6.308166682720184326e-02 2.850000000000000000e+02 3.922716800000000000e+07 2.750000000000000000e+02 2.900000000000000000e+01 7.900000000000000000e+01 3.116000000000000000e+03
-8.564536094665527344e+00 -7.113413333892822266e+00 1.185359954833984375e-01 2.910000000000000000e+02 3.922716800000000000e+07 3.600000000000000000e+03 3.000000000000000000e+01 6.900000000000000000e+01 1.113400000000000000e+04
-6.153403759002685547e+00 -5.498276233673095703e+00 1.008171867579221725e-02 1.850000000000000000e+02 3.922716800000000000e+07 1.244000000000000000e+03 3.100000000000000000e+01 1.450000000000000000e+02 8.252000000000000000e+03
-2.503006219863891602e+00 -1.907491803169250488e+00 1.775971800088882446e-01 1.500000000000000000e+02 3.932435200000000000e+07 1.480000000000000000e+02 2.500000000000000000e+01 5.600000000000000000e+01 3.152000000000000000e+03
-2.488847017288208008e+00 -1.895328402519226074e+00 6.334484368562698364e-02 2.720000000000000000e+02 3.932435200000000000e+07 2.650000000000000000e+02 2.900000000000000000e+01 7.000000000000000000e+01 3.129000000000000000e+03
-8.612659454345703125e+00 -7.064533233642578125e+00 1.185998693108558655e-01 2.420000000000000000e+02 3.932435200000000000e+07 2.983000000000000000e+03 3.000000000000000000e+01 7.400000000000000000e+01 1.114000000000000000e+04
-6.112048149108886719e+00 -5.394245147705078125e+00 9.959544986486434937e-03 2.060000000000000000e+02 3.932435200000000000e+07 1.356000000000000000e+03 3.100000000000000000e+01 1.130000000000000000e+02 8.152000000000000000e+03
-2.469264268875122070e+00 -1.856588840484619141e+00 6.255531311035156250e-02 2.000000000000000000e+02 3.942111200000000000e+07 1.900000000000000000e+02 2.900000000000000000e+01 7.300000000000000000e+01 3.090000000000000000e+03
-8.683816909790039062e+00 -7.034212589263916016e+00 1.189831346273422241e-01 2.110000000000000000e+02 3.942111200000000000e+07 2.627000000000000000e+03 3.000000000000000000e+01 7.700000000000000000e+01 1.117600000000000000e+04
-6.233980655670166016e+00 -5.434177875518798828e+00 1.010370906442403793e-02 2.130000000000000000e+02 3.942111200000000000e+07 1.450000000000000000e+03 3.100000000000000000e+01 1.060000000000000000e+02 8.270000000000000000e+03
-2.468567609786987305e+00 -1.832463860511779785e+00 6.225164234638214111e-02 4.800000000000000000e+01 3.951970000000000000e+07 4.500000000000000000e+01 2.900000000000000000e+01 6.300000000000000000e+01 3.075000000000000000e+03
-8.758049011230468750e+00 -7.005782127380371094e+00 1.194089874625205994e-01 4.600000000000000000e+01 3.951970000000000000e+07 5.700000000000000000e+02 3.000000000000000000e+01 7.600000000000000000e+01 1.121600000000000000e+04
-6.171720981597900391e+00 -5.313614845275878906e+00 9.949770756065845490e-03 2.170000000000000000e+02 3.951970000000000000e+07 1.417000000000000000e+03 3.100000000000000000e+01 1.520000000000000000e+02 8.144000000000000000e+03
-2.458374500274658203e+00 -1.941899061203002930e+00 3.335488215088844299e-02 9.700000000000000000e+01 3.961596000000000000e+07 9.400000000000000000e+01 3.000000000000000000e+01 5.500000000000000000e+01 3.133000000000000000e+03
-6.384758472442626953e+00 -5.429173469543457031e+00 1.023932080715894699e-02 1.550000000000000000e+02 3.961596000000000000e+07 1.084000000000000000e+03 3.100000000000000000e+01 1.960000000000000000e+02 8.381000000000000000e+03
-2.494996547698974609e+00 -1.948187470436096191e+00 1.487278640270233154e-01 1.160000000000000000e+02 3.971415200000000000e+07 1.150000000000000000e+02 2.600000000000000000e+01 3.500000000000000000e+01 3.169000000000000000e+03
-2.469455003738403320e+00 -1.926163315773010254e+00 3.334423527121543884e-02 1.210000000000000000e+02 3.971415200000000000e+07 1.180000000000000000e+02 3.000000000000000000e+01 7.600000000000000000e+01 3.132000000000000000e+03
-6.346733570098876953e+00 -5.330085754394531250e+00 1.012569945305585861e-02 1.010000000000000000e+02 3.971415200000000000e+07 6.890000000000000000e+02 3.100000000000000000e+01 2.010000000000000000e+02 8.288000000000000000e+03
-2.512440919876098633e+00 -1.937111258506774902e+00 1.490563899278640747e-01 1.580000000000000000e+02 3.981326000000000000e+07 1.590000000000000000e+02 2.600000000000000000e+01 7.900000000000000000e+01 3.176000000000000000e+03
-2.482811689376831055e+00 -1.912194967269897461e+00 3.336552903056144714e-02 1.590000000000000000e+02 3.981326000000000000e+07 1.550000000000000000e+02 3.000000000000000000e+01 4.300000000000000000e+01 3.134000000000000000e+03
-6.119928359985351562e+00 -5.075902462005615234e+00 9.713976643979549408e-03 1.790000000000000000e+02 3.981326000000000000e+07 1.117000000000000000e+03 3.100000000000000000e+01 1.500000000000000000e+02 7.951000000000000000e+03
-2.513152360916137695e+00 -1.913187980651855469e+00 1.483993381261825562e-01 9.800000000000000000e+01 3.991115200000000000e+07 9.700000000000000000e+01 2.600000000000000000e+01 4.900000000000000000e+01 3.162000000000000000e+03
-2.500865697860717773e+00 -1.901767015457153320e+00 3.345070034265518188e-02 1.100000000000000000e+02 3.991115200000000000e+07 1.080000000000000000e+02 3.000000000000000000e+01 6.500000000000000000e+01 3.142000000000000000e+03
-6.402380943298339844e+00 -5.244195938110351562e+00 1.011103857308626175e-02 1.820000000000000000e+02 3.991115200000000000e+07 1.235000000000000000e+03 3.100000000000000000e+01 8.500000000000000000e+01 8.276000000000000000e+03
-2.506090164184570312e+00 -1.881583094596862793e+00 3.336552903056144714e-02 8.400000000000000000e+01 4.000980800000000000e+07 8.200000000000000000e+01 3.000000000000000000e+01 5.800000000000000000e+01 3.134000000000000000e+03
-6.098566532135009766e+00 -4.933126449584960938e+00 9.583251550793647766e-03 1.760000000000000000e+02 4.000980800000000000e+07 1.075000000000000000e+03 3.100000000000000000e+01 1.410000000000000000e+02 7.844000000000000000e+03
-9.350583076477050781e+00 -6.931150436401367188e+00 1.239230185747146606e-01 5.100000000000000000e+01 4.010764000000000000e+07 6.820000000000000000e+02 3.000000000000000000e+01 7.400000000000000000e+01 1.164000000000000000e+04
-2.447112798690795898e+00 -1.954750418663024902e+00 3.826459171250462532e-03 6.400000000000000000e+01 4.010764000000000000e+07 6.200000000000000000e+01 3.100000000000000000e+01 6.600000000000000000e+01 3.132000000000000000e+03
-2.466851711273193359e+00 -1.947241067886352539e+00 1.179871112108230591e-01 1.050000000000000000e+02 4.020435200000000000e+07 1.030000000000000000e+02 2.700000000000000000e+01 8.400000000000000000e+01 3.145000000000000000e+03
-9.401005744934082031e+00 -6.879550933837890625e+00 1.240294873714447021e-01 1.650000000000000000e+02 4.020435200000000000e+07 2.232000000000000000e+03 3.000000000000000000e+01 6.300000000000000000e+01 1.165000000000000000e+04
-2.458275556564331055e+00 -1.939079046249389648e+00 3.825237276032567024e-03 1.020000000000000000e+02 4.020435200000000000e+07 9.900000000000000000e+01 3.100000000000000000e+01 5.700000000000000000e+01 3.131000000000000000e+03
-2.477965116500854492e+00 -1.931453704833984375e+00 1.179495900869369507e-01 2.200000000000000000e+02 4.030276000000000000e+07 2.170000000000000000e+02 2.700000000000000000e+01 8.400000000000000000e+01 3.144000000000000000e+03
-9.511938095092773438e+00 -6.871510505676269531e+00 1.249344199895858765e-01 1.790000000000000000e+02 4.030276000000000000e+07 2.443000000000000000e+03 3.000000000000000000e+01 7.100000000000000000e+01 1.173500000000000000e+04
-2.466971635818481445e+00 -1.921500921249389648e+00 3.820350393652915955e-03 1.170000000000000000e+02 4.030276000000000000e+07 1.140000000000000000e+02 3.100000000000000000e+01 5.800000000000000000e+01 3.127000000000000000e+03
-2.480266809463500977e+00 -1.908899068832397461e+00 1.174994111061096191e-01 2.250000000000000000e+02 4.040008000000000000e+07 2.190000000000000000e+02 2.700000000000000000e+01 7.700000000000000000e+01 3.132000000000000000e+03
-9.585673332214355469e+00 -6.835659027099609375e+00 1.253496259450912476e-01 1.670000000000000000e+02 4.040008000000000000e+07 2.294000000000000000e+03 3.000000000000000000e+01 6.000000000000000000e+01 1.177400000000000000e+04
-2.483471393585205078e+00 -1.909985542297363281e+00 3.827680833637714386e-03 1.200000000000000000e+02 4.040008000000000000e+07 1.160000000000000000e+02 3.100000000000000000e+01 5.200000000000000000e+01 3.133000000000000000e+03
-2.492728471755981445e+00 -1.894249081611633301e+00 1.175369247794151306e-01 1.580000000000000000e+02 4.049816000000000000e+07 1.550000000000000000e+02 2.700000000000000000e+01 5.900000000000000000e+01 3.133000000000000000e+03
-9.657691001892089844e+00 -6.798010349273681641e+00 1.257435381412506104e-01 1.580000000000000000e+02 4.049816000000000000e+07 2.184000000000000000e+03 3.000000000000000000e+01 5.400000000000000000e+01 1.181100000000000000e+04
-2.494347810745239258e+00 -1.894106507301330566e+00 3.826459171250462532e-03 1.090000000000000000e+02 4.049816000000000000e+07 1.060000000000000000e+02 3.100000000000000000e+01 3.600000000000000000e+01 3.132000000000000000e+03
-9.808440208435058594e+00 -6.814505100250244141e+00 1.271594911813735962e-01 1.300000000000000000e+02 4.059600000000000000e+07 1.834000000000000000e+03 3.000000000000000000e+01 5.500000000000000000e+01 1.194400000000000000e+04
-2.530725955963134766e+00 -1.897361516952514648e+00 3.864332567900419235e-03 8.700000000000000000e+01 4.059600000000000000e+07 8.600000000000000000e+01 3.100000000000000000e+01 6.200000000000000000e+01 3.163000000000000000e+03
-9.906147956848144531e+00 -6.792646884918212891e+00 1.278834491968154907e-01 1.290000000000000000e+02 4.069308000000000000e+07 1.841000000000000000e+03 3.000000000000000000e+01 4.700000000000000000e+01 1.201200000000000000e+04
-6.307173252105712891e+00 -4.668499946594238281e+00 9.586917236447334290e-03 3.900000000000000000e+01 4.069308000000000000e+07 2.350000000000000000e+02 3.100000000000000000e+01 9.600000000000000000e+01 7.847000000000000000e+03
-9.981593132019042969e+00 -6.754712581634521484e+00 1.283199489116668701e-01 1.240000000000000000e+02 4.079203200000000000e+07 1.781000000000000000e+03 3.000000000000000000e+01 4.500000000000000000e+01 1.205300000000000000e+04
-6.473765850067138672e+00 -4.730601787567138672e+00 9.795833379030227661e-03 1.630000000000000000e+02 4.079203200000000000e+07 1.041000000000000000e+03 3.100000000000000000e+01 1.240000000000000000e+02 8.018000000000000000e+03
-1.010434532165527344e+01 -6.747761726379394531e+00 1.293632835149765015e-01 1.510000000000000000e+02 4.089003200000000000e+07 2.222000000000000000e+03 3.000000000000000000e+01 5.800000000000000000e+01 1.215100000000000000e+04
-6.828695774078369141e+00 -4.925972938537597656e+00 1.028696820139884949e-02 1.180000000000000000e+02 4.089003200000000000e+07 8.260000000000000000e+02 3.100000000000000000e+01 1.650000000000000000e+02 8.420000000000000000e+03
-1.016643238067626953e+01 -6.699390888214111328e+00 1.296294480562210083e-01 1.410000000000000000e+02 4.098728800000000000e+07 2.081000000000000000e+03 3.000000000000000000e+01 7.000000000000000000e+01 1.217600000000000000e+04
-6.594052791595458984e+00 -4.695465564727783203e+00 9.889906272292137146e-03 1.470000000000000000e+02 4.098728800000000000e+07 9.560000000000000000e+02 3.100000000000000000e+01 1.290000000000000000e+02 8.095000000000000000e+03
-1.030794525146484375e+01 -6.702294349670410156e+00 1.309069991111755371e-01 1.730000000000000000e+02 4.108532800000000000e+07 2.594000000000000000e+03 3.000000000000000000e+01 4.700000000000000000e+01 1.229600000000000000e+04
-6.071321964263916016e+00 -4.267343044281005859e+00 9.066460654139518738e-03 1.020000000000000000e+02 4.108532800000000000e+07 5.550000000000000000e+02 3.100000000000000000e+01 1.490000000000000000e+02 7.421000000000000000e+03
-1.037075901031494141e+01 -6.652957439422607422e+00 1.311838030815124512e-01 1.560000000000000000e+02 4.118336800000000000e+07 2.347000000000000000e+03 3.000000000000000000e+01 4.800000000000000000e+01 1.232200000000000000e+04
-6.220637798309326172e+00 -4.315510272979736328e+00 9.249719791114330292e-03 1.190000000000000000e+02 4.118336800000000000e+07 6.740000000000000000e+02 3.100000000000000000e+01 1.550000000000000000e+02 7.571000000000000000e+03
-1.048489570617675781e+01 -6.635721683502197266e+00 1.321100294589996338e-01 1.530000000000000000e+02 4.128064800000000000e+07 2.348000000000000000e+03 3.000000000000000000e+01 5.900000000000000000e+01 1.240900000000000000e+04
-6.779203891754150391e+00 -4.641654968261718750e+00 1.003773603588342667e-02 1.600000000000000000e+02 4.128064800000000000e+07 1.072000000000000000e+03 3.100000000000000000e+01 1.330000000000000000e+02 8.216000000000000000e+03
-1.057715511322021484e+01 -6.603565692901611328e+00 1.327594518661499023e-01 1.650000000000000000e+02 4.137908800000000000e+07 2.545000000000000000e+03 3.000000000000000000e+01 4.200000000000000000e+01 1.247000000000000000e+04
-6.901185512542724609e+00 -4.663237571716308594e+00 1.017579156905412674e-02 9.600000000000000000e+01 4.137908800000000000e+07 6.570000000000000000e+02 3.100000000000000000e+01 1.520000000000000000e+02 8.329000000000000000e+03
-1.070687580108642578e+01 -6.593597412109375000e+00 1.338773220777511597e-01 1.490000000000000000e+02 4.147723200000000000e+07 2.333000000000000000e+03 3.000000000000000000e+01 5.100000000000000000e+01 1.257500000000000000e+04
-6.907204627990722656e+00 -4.605825424194335938e+00 1.014280412346124649e-02 1.820000000000000000e+02 4.147723200000000000e+07 1.239000000000000000e+03 3.100000000000000000e+01 1.490000000000000000e+02 8.302000000000000000e+03
-1.078131771087646484e+01 -6.548541545867919922e+00 1.343031674623489380e-01 1.820000000000000000e+02 4.157599200000000000e+07 2.873000000000000000e+03 3.000000000000000000e+01 5.600000000000000000e+01 1.261500000000000000e+04
-6.794156074523925781e+00 -4.470462799072265625e+00 9.936331771314144135e-03 2.510000000000000000e+02 4.157599200000000000e+07 1.642000000000000000e+03 3.100000000000000000e+01 8.500000000000000000e+01 8.133000000000000000e+03
-1.093538475036621094e+01 -6.550607204437255859e+00 1.357191205024719238e-01 1.330000000000000000e+02 4.167244800000000000e+07 2.138000000000000000e+03 3.000000000000000000e+01 5.300000000000000000e+01 1.274800000000000000e+04
-6.811393737792968750e+00 -4.422155857086181641e+00 9.921670891344547272e-03 1.190000000000000000e+02 4.167244800000000000e+07 7.770000000000000000e+02 3.100000000000000000e+01 1.370000000000000000e+02 8.121000000000000000e+03
-1.105544090270996094e+01 -6.530683994293212891e+00 1.367092430591583252e-01 1.480000000000000000e+02 4.176987200000000000e+07 2.416000000000000000e+03 3.000000000000000000e+01 5.700000000000000000e+01 1.284100000000000000e+04
-6.943657398223876953e+00 -4.447700977325439453e+00 1.007438730448484421e-02 2.060000000000000000e+02 4.176987200000000000e+07 1.388000000000000000e+03 3.100000000000000000e+01 9.600000000000000000e+01 8.246000000000000000e+03
-1.119899082183837891e+01 -6.523120880126953125e+00 1.379867941141128540e-01 1.750000000000000000e+02 4.186632800000000000e+07 2.898000000000000000e+03 3.000000000000000000e+01 5.700000000000000000e+01 1.296100000000000000e+04
-6.838096141815185547e+00 -4.321142673492431641e+00 9.882575832307338715e-03 1.810000000000000000e+02 4.186632800000000000e+07 1.179000000000000000e+03 3.100000000000000000e+01 9.400000000000000000e+01 8.089000000000000000e+03
-1.127262306213378906e+01 -6.473703384399414062e+00 1.384020000696182251e-01 1.680000000000000000e+02 4.196443200000000000e+07 2.810000000000000000e+03 3.000000000000000000e+01 8.300000000000000000e+01 1.300000000000000000e+04
-6.889939785003662109e+00 -4.294973373413085938e+00 9.919228032231330872e-03 1.180000000000000000e+02 4.196443200000000000e+07 7.740000000000000000e+02 3.100000000000000000e+01 1.780000000000000000e+02 8.119000000000000000e+03
-1.136260223388671875e+01 -6.432987689971923828e+00 1.390194892883300781e-01 1.620000000000000000e+02 4.206348000000000000e+07 2.721000000000000000e+03 3.000000000000000000e+01 4.600000000000000000e+01 1.305800000000000000e+04
-6.692127227783203125e+00 -4.114861011505126953e+00 9.597912430763244629e-03 1.920000000000000000e+02 4.206348000000000000e+07 1.173000000000000000e+03 3.100000000000000000e+01 1.060000000000000000e+02 7.856000000000000000e+03
-1.148481178283691406e+01 -6.409440517425537109e+00 1.400308907032012939e-01 1.630000000000000000e+02 4.216019200000000000e+07 2.810000000000000000e+03 3.000000000000000000e+01 6.800000000000000000e+01 1.315300000000000000e+04
-6.660816669464111328e+00 -4.039497375488281250e+00 9.517278522253036499e-03 2.050000000000000000e+02 4.216019200000000000e+07 1.232000000000000000e+03 3.100000000000000000e+01 1.190000000000000000e+02 7.790000000000000000e+03
-1.162029838562011719e+01 -6.391862392425537109e+00 1.412019729614257812e-01 2.030000000000000000e+02 4.225854000000000000e+07 3.560000000000000000e+03 3.000000000000000000e+01 7.000000000000000000e+01 1.326300000000000000e+04
-6.844246387481689453e+00 -4.093510150909423828e+00 9.743298403918743134e-03 1.920000000000000000e+02 4.225854000000000000e+07 1.209000000000000000e+03 3.100000000000000000e+01 1.100000000000000000e+02 7.975000000000000000e+03
-1.174281311035156250e+01 -6.365713596343994141e+00 1.422133743762969971e-01 1.570000000000000000e+02 4.235648000000000000e+07 2.792000000000000000e+03 3.000000000000000000e+01 6.200000000000000000e+01 1.335800000000000000e+04
-7.034613609313964844e+00 -4.148977279663085938e+00 9.977871552109718323e-03 1.190000000000000000e+02 4.235648000000000000e+07 7.850000000000000000e+02 3.100000000000000000e+01 1.490000000000000000e+02 8.167000000000000000e+03
-1.183456993103027344e+01 -6.321809291839599609e+00 1.428521573543548584e-01 1.990000000000000000e+02 4.245339200000000000e+07 3.569000000000000000e+03 3.000000000000000000e+01 8.700000000000000000e+01 1.341800000000000000e+04
-6.920762538909912109e+00 -4.024796962738037109e+00 9.781172499060630798e-03 1.730000000000000000e+02 4.245339200000000000e+07 1.102000000000000000e+03 3.100000000000000000e+01 1.280000000000000000e+02 8.006000000000000000e+03
-1.192534446716308594e+01 -6.276552677154541016e+00 1.434802860021591187e-01 1.800000000000000000e+02 4.255118000000000000e+07 3.240000000000000000e+03 3.000000000000000000e+01 7.000000000000000000e+01 1.347700000000000000e+04
-7.333106994628906250e+00 -4.204597949981689453e+00 1.032728515565395355e-02 8.800000000000000000e+01 4.255118000000000000e+07 6.190000000000000000e+02 3.100000000000000000e+01 1.510000000000000000e+02 8.453000000000000000e+03
-1.208258533477783203e+01 -6.264940738677978516e+00 1.449068933725357056e-01 1.910000000000000000e+02 4.264860000000000000e+07 3.527000000000000000e+03 3.000000000000000000e+01 7.400000000000000000e+01 1.361100000000000000e+04
-6.891282558441162109e+00 -3.895278692245483398e+00 9.671216830611228943e-03 1.570000000000000000e+02 4.264860000000000000e+07 9.770000000000000000e+02 3.100000000000000000e+01 1.290000000000000000e+02 7.916000000000000000e+03
-1.222676944732666016e+01 -6.244809627532958984e+00 1.461738049983978271e-01 1.790000000000000000e+02 4.274588000000000000e+07 3.341000000000000000e+03 3.000000000000000000e+01 8.900000000000000000e+01 1.373000000000000000e+04
-7.291554927825927734e+00 -4.062699794769287109e+00 1.019778195768594742e-02 1.950000000000000000e+02 4.274588000000000000e+07 1.352000000000000000e+03 3.100000000000000000e+01 1.120000000000000000e+02 8.347000000000000000e+03
-1.230862808227539062e+01 -6.191688537597656250e+00 1.466954648494720459e-01 2.030000000000000000e+02 4.284284000000000000e+07 3.841000000000000000e+03 3.000000000000000000e+01 7.700000000000000000e+01 1.377900000000000000e+04
-7.338259696960449219e+00 -4.029917716979980469e+00 1.022832561284303665e-02 1.570000000000000000e+02 4.284284000000000000e+07 1.093000000000000000e+03 3.100000000000000000e+01 1.210000000000000000e+02 8.372000000000000000e+03
-1.239118957519531250e+01 -6.138240814208984375e+00 1.472277939319610596e-01 1.820000000000000000e+02 4.294056000000000000e+07 3.451000000000000000e+03 3.000000000000000000e+01 6.500000000000000000e+01 1.382900000000000000e+04
-7.136827468872070312e+00 -3.862490892410278320e+00 9.914341382682323456e-03 1.780000000000000000e+02 4.294056000000000000e+07 1.159000000000000000e+03 3.100000000000000000e+01 1.100000000000000000e+02 8.115000000000000000e+03
-1.263892364501953125e+01 -6.164670944213867188e+00 1.497190296649932861e-01 1.800000000000000000e+02 4.303712000000000000e+07 3.529000000000000000e+03 3.000000000000000000e+01 6.700000000000000000e+01 1.406300000000000000e+04
-7.170098304748535156e+00 -3.823803424835205078e+00 9.927779436111450195e-03 1.460000000000000000e+02 4.303712000000000000e+07 9.600000000000000000e+02 3.100000000000000000e+01 1.780000000000000000e+02 8.126000000000000000e+03
-1.273059654235839844e+01 -6.112974643707275391e+00 1.503578126430511475e-01 1.490000000000000000e+02 4.313492000000000000e+07 2.960000000000000000e+03 3.000000000000000000e+01 6.800000000000000000e+01 1.412300000000000000e+04
-7.505913734436035156e+00 -3.943931102752685547e+00 1.035905070602893829e-02 1.540000000000000000e+02 4.313492000000000000e+07 1.098000000000000000e+03 3.100000000000000000e+01 1.500000000000000000e+02 8.479000000000000000e+03
-1.290437698364257812e+01 -6.099268436431884766e+00 1.519654095172882080e-01 1.810000000000000000e+02 4.323264000000000000e+07 3.673000000000000000e+03 3.000000000000000000e+01 8.400000000000000000e+01 1.427400000000000000e+04
-7.999763011932373047e+00 -4.140983104705810547e+00 1.100534573197364807e-02 1.110000000000000000e+02 4.323264000000000000e+07 8.910000000000000000e+02 3.100000000000000000e+01 1.340000000000000000e+02 9.008000000000000000e+03
-1.300230312347412109e+01 -6.048230171203613281e+00 1.526786983013153076e-01 2.100000000000000000e+02 4.333110000000000000e+07 4.306000000000000000e+03 3.000000000000000000e+01 7.300000000000000000e+01 1.434100000000000000e+04
-7.394279956817626953e+00 -3.770215749740600586e+00 1.014036033302545547e-02 1.280000000000000000e+02 4.333110000000000000e+07 8.740000000000000000e+02 3.100000000000000000e+01 1.300000000000000000e+02 8.300000000000000000e+03
-1.314554977416992188e+01 -6.017028331756591797e+00 1.539243161678314209e-01 1.720000000000000000e+02 4.342800800000000000e+07 3.581000000000000000e+03 3.000000000000000000e+01 7.700000000000000000e+01 1.445800000000000000e+04
-8.843536376953125000e+00 -4.441008090972900391e+00 1.209024246782064438e-02 9.100000000000000000e+01 4.342800800000000000e+07 8.770000000000000000e+02 3.100000000000000000e+01 1.650000000000000000e+02 9.896000000000000000e+03
-1.333266258239746094e+01 -6.004002094268798828e+00 1.556809693574905396e-01 1.570000000000000000e+02 4.352620000000000000e+07 3.341000000000000000e+03 3.000000000000000000e+01 8.600000000000000000e+01 1.462300000000000000e+04
-7.036616802215576172e+00 -3.479718446731567383e+00 9.590581990778446198e-03 1.730000000000000000e+02 4.352620000000000000e+07 1.060000000000000000e+03 3.100000000000000000e+01 1.100000000000000000e+02 7.850000000000000000e+03
-1.363804340362548828e+01 -6.041146755218505859e+00 1.588109731674194336e-01 1.250000000000000000e+02 4.362408800000000000e+07 2.767000000000000000e+03 3.000000000000000000e+01 7.500000000000000000e+01 1.491700000000000000e+04
-7.211578845977783203e+00 -3.511335134506225586e+00 9.799497202038764954e-03 9.300000000000000000e+01 4.362408800000000000e+07 5.930000000000000000e+02 3.100000000000000000e+01 2.040000000000000000e+02 8.021000000000000000e+03
-1.378486251831054688e+01 -6.005275249481201172e+00 1.600885242223739624e-01 1.250000000000000000e+02 4.372224000000000000e+07 2.810000000000000000e+03 3.000000000000000000e+01 8.600000000000000000e+01 1.503700000000000000e+04
-7.102233886718750000e+00 -3.404344558715820312e+00 9.622347541153430939e-03 9.900000000000000000e+01 4.372224000000000000e+07 6.050000000000000000e+02 3.100000000000000000e+01 1.720000000000000000e+02 7.876000000000000000e+03
-1.385729789733886719e+01 -5.935935974121093750e+00 1.605037450790405273e-01 1.580000000000000000e+02 4.381884800000000000e+07 3.578000000000000000e+03 3.000000000000000000e+01 6.500000000000000000e+01 1.507600000000000000e+04
-7.451282978057861328e+00 -3.515594720840454102e+00 1.006583496928215027e-02 1.190000000000000000e+02 4.381884800000000000e+07 8.000000000000000000e+02 3.100000000000000000e+01 1.240000000000000000e+02 8.239000000000000000e+03
-1.399022293090820312e+01 -5.891546249389648438e+00 1.616216003894805908e-01 1.630000000000000000e+02 4.391676800000000000e+07 3.742000000000000000e+03 3.000000000000000000e+01 7.300000000000000000e+01 1.518100000000000000e+04
-8.104888916015625000e+00 -3.763346195220947266e+00 1.091738138347864151e-02 1.050000000000000000e+02 4.391676800000000000e+07 8.320000000000000000e+02 3.100000000000000000e+01 2.040000000000000000e+02 8.936000000000000000e+03
-1.413698101043701172e+01 -5.851483821868896484e+00 1.628991514444351196e-01 1.680000000000000000e+02 4.401424800000000000e+07 3.895000000000000000e+03 3.000000000000000000e+01 7.500000000000000000e+01 1.530100000000000000e+04
-7.393812656402587891e+00 -3.378178596496582031e+00 9.931445121765136719e-03 1.990000000000000000e+02 4.401424800000000000e+07 1.307000000000000000e+03 3.100000000000000000e+01 1.340000000000000000e+02 8.129000000000000000e+03
-1.428654766082763672e+01 -5.810970783233642578e+00 1.642086505889892578e-01 1.590000000000000000e+02 4.411322000000000000e+07 3.763000000000000000e+03 3.000000000000000000e+01 9.600000000000000000e+01 1.542400000000000000e+04
-7.408928394317626953e+00 -3.330287218093872070e+00 9.924114681780338287e-03 1.530000000000000000e+02 4.411322000000000000e+07 1.006000000000000000e+03 3.100000000000000000e+01 1.780000000000000000e+02 8.123000000000000000e+03
-1.457542800903320312e+01 -5.824499607086181641e+00 1.671150922775268555e-01 1.990000000000000000e+02 4.420971200000000000e+07 4.887000000000000000e+03 3.000000000000000000e+01 7.600000000000000000e+01 1.569700000000000000e+04
-8.403263092041015625e+00 -3.715427398681640625e+00 1.122525800019502640e-02 1.310000000000000000e+02 4.420971200000000000e+07 1.094000000000000000e+03 3.100000000000000000e+01 1.630000000000000000e+02 9.188000000000000000e+03
-1.466767120361328125e+01 -5.757243633270263672e+00 1.677645146846771240e-01 1.500000000000000000e+02 4.430679200000000000e+07 3.705000000000000000e+03 3.000000000000000000e+01 9.000000000000000000e+01 1.575800000000000000e+04
-7.976544857025146484e+00 -3.468403816223144531e+00 1.062660943716764450e-02 8.500000000000000000e+01 4.430679200000000000e+07 6.380000000000000000e+02 3.100000000000000000e+01 1.850000000000000000e+02 8.698000000000000000e+03
-1.479135894775390625e+01 -5.701301574707031250e+00 1.687759160995483398e-01 1.260000000000000000e+02 4.440462000000000000e+07 3.149000000000000000e+03 3.000000000000000000e+01 8.100000000000000000e+01 1.585300000000000000e+04
-8.247776031494140625e+00 -3.526325225830078125e+00 1.095892023295164108e-02 1.110000000000000000e+02 4.440462000000000000e+07 8.890000000000000000e+02 3.100000000000000000e+01 1.780000000000000000e+02 8.970000000000000000e+03
-1.493735504150390625e+01 -5.652550697326660156e+00 1.700428277254104614e-01 1.440000000000000000e+02 4.450199200000000000e+07 3.660000000000000000e+03 3.000000000000000000e+01 6.200000000000000000e+01 1.597200000000000000e+04
-7.303128719329833984e+00 -3.069577693939208984e+00 9.678547270596027374e-03 1.290000000000000000e+02 4.450199200000000000e+07 8.010000000000000000e+02 3.100000000000000000e+01 1.520000000000000000e+02 7.922000000000000000e+03
-7.332916736602783203e+00 -3.029290437698364258e+00 9.693208150565624237e-03 1.190000000000000000e+02 4.459968000000000000e+07 7.410000000000000000e+02 3.100000000000000000e+01 1.460000000000000000e+02 7.934000000000000000e+03
-8.213070869445800781e+00 -3.334043264389038086e+00 1.082941703498363495e-02 8.500000000000000000e+01 4.469634000000000000e+07 6.590000000000000000e+02 3.100000000000000000e+01 1.270000000000000000e+02 8.864000000000000000e+03
-8.801834106445312500e+00 -3.510295867919921875e+00 1.157711632549762726e-02 9.700000000000000000e+01 4.479392000000000000e+07 8.580000000000000000e+02 3.100000000000000000e+01 1.690000000000000000e+02 9.476000000000000000e+03
-7.415366649627685547e+00 -2.904744148254394531e+00 9.729859419167041779e-03 7.200000000000000000e+01 4.489246000000000000e+07 4.470000000000000000e+02 3.100000000000000000e+01 1.700000000000000000e+02 7.964000000000000000e+03
-7.970649242401123047e+00 -3.065981864929199219e+00 1.043357606977224350e-02 1.290000000000000000e+02 4.498876800000000000e+07 9.320000000000000000e+02 3.100000000000000000e+01 1.370000000000000000e+02 8.540000000000000000e+03
-9.250388145446777344e+00 -3.493239641189575195e+00 1.208046823740005493e-02 8.400000000000000000e+01 4.508588000000000000e+07 8.160000000000000000e+02 3.100000000000000000e+01 1.740000000000000000e+02 9.888000000000000000e+03
-9.094429016113281250e+00 -3.370730638504028320e+00 1.184956170618534088e-02 7.900000000000000000e+01 4.518454000000000000e+07 7.380000000000000000e+02 3.100000000000000000e+01 1.770000000000000000e+02 9.699000000000000000e+03
-8.183616638183593750e+00 -2.976166963577270508e+00 1.063882652670145035e-02 1.070000000000000000e+02 4.528115200000000000e+07 8.020000000000000000e+02 3.100000000000000000e+01 1.370000000000000000e+02 8.708000000000000000e+03
-8.242224693298339844e+00 -2.940345287322998047e+00 1.069136150181293488e-02 1.570000000000000000e+02 4.537867200000000000e+07 1.193000000000000000e+03 3.100000000000000000e+01 1.350000000000000000e+02 8.751000000000000000e+03
-8.278044700622558594e+00 -2.895990610122680664e+00 1.071457378566265106e-02 1.640000000000000000e+02 4.547604800000000000e+07 1.253000000000000000e+03 3.100000000000000000e+01 1.190000000000000000e+02 8.770000000000000000e+03
-8.079044342041015625e+00 -2.770851373672485352e+00 1.043479796499013901e-02 1.920000000000000000e+02 4.557491200000000000e+07 1.388000000000000000e+03 3.100000000000000000e+01 8.800000000000000000e+01 8.541000000000000000e+03
-8.015323638916015625e+00 -2.694145441055297852e+00 1.033095084130764008e-02 1.470000000000000000e+02 4.567136800000000000e+07 1.045000000000000000e+03 3.100000000000000000e+01 1.050000000000000000e+02 8.456000000000000000e+03
-8.989126205444335938e+00 -2.960201501846313477e+00 1.156245544552803040e-02 1.260000000000000000e+02 4.576832800000000000e+07 1.119000000000000000e+03 3.100000000000000000e+01 1.240000000000000000e+02 9.464000000000000000e+03
-7.953560829162597656e+00 -2.565194129943847656e+00 1.020999904721975327e-02 1.640000000000000000e+02 4.586678000000000000e+07 1.136000000000000000e+03 3.100000000000000000e+01 1.520000000000000000e+02 8.357000000000000000e+03
-7.754592895507812500e+00 -2.448594570159912109e+00 9.935109876096248627e-03 8.000000000000000000e+01 4.596436000000000000e+07 5.210000000000000000e+02 3.100000000000000000e+01 1.390000000000000000e+02 8.132000000000000000e+03
-7.554502487182617188e+00 -2.334536314010620117e+00 9.660220704972743988e-03 2.010000000000000000e+02 4.606230000000000000e+07 1.244000000000000000e+03 3.100000000000000000e+01 1.250000000000000000e+02 7.907000000000000000e+03
-8.748928070068359375e+00 -2.644946098327636719e+00 1.116661448031663895e-02 1.130000000000000000e+02 4.616079200000000000e+07 9.350000000000000000e+02 3.100000000000000000e+01 1.280000000000000000e+02 9.140000000000000000e+03
-9.361472129821777344e+00 -2.767552375793457031e+00 1.192652992904186249e-02 1.300000000000000000e+02 4.625776800000000000e+07 1.229000000000000000e+03 3.100000000000000000e+01 1.230000000000000000e+02 9.762000000000000000e+03
-9.335045814514160156e+00 -2.697566747665405273e+00 1.187155209481716156e-02 2.430000000000000000e+02 4.635611200000000000e+07 2.283000000000000000e+03 3.100000000000000000e+01 1.360000000000000000e+02 9.717000000000000000e+03
-8.749936103820800781e+00 -2.470416545867919922e+00 1.110797096043825150e-02 1.180000000000000000e+02 4.645334000000000000e+07 9.710000000000000000e+02 3.100000000000000000e+01 1.820000000000000000e+02 9.092000000000000000e+03
-9.759805679321289062e+00 -2.690990209579467773e+00 1.236879732459783554e-02 6.700000000000000000e+01 4.655064800000000000e+07 6.720000000000000000e+02 3.100000000000000000e+01 1.640000000000000000e+02 1.012400000000000000e+04
-1.025991916656494141e+01 -2.761255979537963867e+00 1.298088394105434418e-02 1.290000000000000000e+02 4.664792000000000000e+07 1.443000000000000000e+03 3.100000000000000000e+01 1.410000000000000000e+02 1.062500000000000000e+04
-1.003776550292968750e+01 -2.635523796081542969e+00 1.267911586910486221e-02 9.900000000000000000e+01 4.674540000000000000e+07 1.051000000000000000e+03 3.100000000000000000e+01 1.590000000000000000e+02 1.037800000000000000e+04
-9.155711174011230469e+00 -2.343975067138671875e+00 1.154657173901796341e-02 1.040000000000000000e+02 4.684262000000000000e+07 9.170000000000000000e+02 3.100000000000000000e+01 1.570000000000000000e+02 9.451000000000000000e+03
-9.601687431335449219e+00 -2.395471572875976562e+00 1.209024246782064438e-02 6.100000000000000000e+01 4.694172800000000000e+07 5.840000000000000000e+02 3.100000000000000000e+01 1.560000000000000000e+02 9.896000000000000000e+03
-9.079812049865722656e+00 -2.206180572509765625e+00 1.141584757715463638e-02 1.250000000000000000e+02 4.703804000000000000e+07 1.080000000000000000e+03 3.100000000000000000e+01 1.570000000000000000e+02 9.344000000000000000e+03
-1.113680648803710938e+01 -2.633719921112060547e+00 1.398148015141487122e-02 8.900000000000000000e+01 4.713695200000000000e+07 1.150000000000000000e+03 3.100000000000000000e+01 1.390000000000000000e+02 1.144400000000000000e+04
-1.150262165069580078e+01 -2.645811080932617188e+00 1.442008186131715775e-02 5.600000000000000000e+01 4.723423200000000000e+07 7.620000000000000000e+02 3.100000000000000000e+01 1.520000000000000000e+02 1.180300000000000000e+04
-1.215200328826904297e+01 -2.716781616210937500e+00 1.521298475563526154e-02 5.300000000000000000e+01 4.733128800000000000e+07 8.020000000000000000e+02 3.100000000000000000e+01 1.490000000000000000e+02 1.245200000000000000e+04
-1.108958435058593750e+01 -2.407911539077758789e+00 1.386419497430324554e-02 9.300000000000000000e+01 4.742876000000000000e+07 1.179000000000000000e+03 3.100000000000000000e+01 1.690000000000000000e+02 1.134800000000000000e+04
-1.149555492401123047e+01 -2.422297000885009766e+00 1.435288600623607635e-02 1.020000000000000000e+02 4.752664800000000000e+07 1.393000000000000000e+03 3.100000000000000000e+01 1.200000000000000000e+02 1.174800000000000000e+04
-1.135050106048583984e+01 -2.319086790084838867e+00 1.415374502539634705e-02 8.900000000000000000e+01 4.762408000000000000e+07 1.180000000000000000e+03 3.100000000000000000e+01 1.230000000000000000e+02 1.158500000000000000e+04
-1.075533580780029297e+01 -2.128821372985839844e+00 1.339505054056644440e-02 1.010000000000000000e+02 4.772222000000000000e+07 1.200000000000000000e+03 3.100000000000000000e+01 1.320000000000000000e+02 1.096400000000000000e+04
-1.108739089965820312e+01 -2.123933792114257812e+00 1.379211246967315674e-02 1.160000000000000000e+02 4.781991200000000000e+07 1.463000000000000000e+03 3.100000000000000000e+01 1.410000000000000000e+02 1.128900000000000000e+04
-1.136766624450683594e+01 -2.105397462844848633e+00 1.412442326545715332e-02 6.400000000000000000e+01 4.791774000000000000e+07 8.360000000000000000e+02 3.100000000000000000e+01 1.690000000000000000e+02 1.156100000000000000e+04
-1.043340110778808594e+01 -1.866222739219665527e+00 1.294911932200193405e-02 8.400000000000000000e+01 4.801552800000000000e+07 9.370000000000000000e+02 3.100000000000000000e+01 1.860000000000000000e+02 1.059900000000000000e+04
-1.040622329711914062e+01 -1.795538067817687988e+00 1.290147099643945694e-02 9.000000000000000000e+01 4.811254000000000000e+07 9.900000000000000000e+02 3.100000000000000000e+01 1.420000000000000000e+02 1.056000000000000000e+04
-1.164716339111328125e+01 -1.936138749122619629e+00 1.442496851086616516e-02 6.600000000000000000e+01 4.820972000000000000e+07 9.030000000000000000e+02 3.100000000000000000e+01 1.430000000000000000e+02 1.180700000000000000e+04
-1.215353679656982422e+01 -1.943757772445678711e+00 1.503705605864524841e-02 6.800000000000000000e+01 4.830806000000000000e+07 1.009000000000000000e+03 3.100000000000000000e+01 1.600000000000000000e+02 1.230800000000000000e+04
-1.172539710998535156e+01 -1.801568865776062012e+00 1.449338626116514206e-02 9.800000000000000000e+01 4.840420000000000000e+07 1.367000000000000000e+03 3.100000000000000000e+01 1.000000000000000000e+02 1.186300000000000000e+04
-1.220417499542236328e+01 -1.798551201820373535e+00 1.507126353681087494e-02 7.000000000000000000e+01 4.850214000000000000e+07 1.044000000000000000e+03 3.100000000000000000e+01 1.610000000000000000e+02 1.233600000000000000e+04
-1.232093143463134766e+01 -1.738584399223327637e+00 1.520198956131935120e-02 1.060000000000000000e+02 4.860039200000000000e+07 1.622000000000000000e+03 3.100000000000000000e+01 1.400000000000000000e+02 1.244300000000000000e+04
-1.233533191680908203e+01 -1.663486361503601074e+00 1.520687621086835861e-02 5.200000000000000000e+01 4.869908800000000000e+07 7.850000000000000000e+02 3.100000000000000000e+01 1.570000000000000000e+02 1.244700000000000000e+04
-1.175417613983154297e+01 -1.511739850044250488e+00 1.447872538119554520e-02 1.180000000000000000e+02 4.879652000000000000e+07 1.640000000000000000e+03 3.100000000000000000e+01 1.440000000000000000e+02 1.185100000000000000e+04
-1.364618110656738281e+01 -1.670025467872619629e+00 1.679634861648082733e-02 6.800000000000000000e+01 4.889256000000000000e+07 1.259000000000000000e+03 3.100000000000000000e+01 1.600000000000000000e+02 1.374800000000000000e+04
-1.166456413269042969e+01 -1.354923009872436523e+00 1.434677839279174805e-02 4.800000000000000000e+01 4.898947200000000000e+07 6.430000000000000000e+02 3.100000000000000000e+01 1.570000000000000000e+02 1.174300000000000000e+04
-1.292610359191894531e+01 -1.421132564544677734e+00 1.588737964630126953e-02 7.100000000000000000e+01 4.908726000000000000e+07 1.176000000000000000e+03 3.100000000000000000e+01 1.700000000000000000e+02 1.300400000000000000e+04
-1.251781749725341797e+01 -1.298559069633483887e+00 1.537547539919614792e-02 9.100000000000000000e+01 4.918407200000000000e+07 1.426000000000000000e+03 3.100000000000000000e+01 1.140000000000000000e+02 1.258500000000000000e+04
-1.236431407928466797e+01 -1.205999970436096191e+00 1.517755445092916489e-02 1.070000000000000000e+02 4.928202000000000000e+07 1.632000000000000000e+03 3.100000000000000000e+01 1.450000000000000000e+02 1.242300000000000000e+04
-1.372683715820312500e+01 -1.253920435905456543e+00 1.684032939374446869e-02 1.110000000000000000e+02 4.937876800000000000e+07 2.081000000000000000e+03 3.100000000000000000e+01 1.680000000000000000e+02 1.378400000000000000e+04
-1.319123935699462891e+01 -1.123423457145690918e+00 1.617448590695858002e-02 4.700000000000000000e+01 4.947716800000000000e+07 7.980000000000000000e+02 3.100000000000000000e+01 1.700000000000000000e+02 1.323900000000000000e+04
-1.226977539062500000e+01 -9.691538214683532715e-01 1.503705605864524841e-02 7.900000000000000000e+01 4.957516000000000000e+07 1.179000000000000000e+03 3.100000000000000000e+01 1.320000000000000000e+02 1.230800000000000000e+04
-1.299757862091064453e+01 -9.464290142059326172e-01 1.592158898711204529e-02 4.700000000000000000e+01 4.967272800000000000e+07 7.750000000000000000e+02 3.100000000000000000e+01 1.600000000000000000e+02 1.303200000000000000e+04
-1.426833438873291016e+01 -9.509846568107604980e-01 1.747074350714683533e-02 5.000000000000000000e+01 4.976959200000000000e+07 1.010000000000000000e+03 3.100000000000000000e+01 1.870000000000000000e+02 1.430000000000000000e+04
-1.359593677520751953e+01 -7.387095093727111816e-01 1.663507893681526184e-02 1.010000000000000000e+02 4.996440000000000000e+07 1.851000000000000000e+03 3.100000000000000000e+01 1.350000000000000000e+02 1.361600000000000000e+04
-1.448518657684326172e+01 -6.979114413261413574e-01 1.771753281354904175e-02 4.600000000000000000e+01 5.006214000000000000e+07 9.390000000000000000e+02 3.100000000000000000e+01 1.560000000000000000e+02 1.450200000000000000e+04
-1.397564983367919922e+01 -5.874332189559936523e-01 1.708956249058246613e-02 8.800000000000000000e+01 5.015971200000000000e+07 1.698000000000000000e+03 3.100000000000000000e+01 1.380000000000000000e+02 1.398800000000000000e+04
-5.627883911132812500e+00 7.931387424468994141e-01 1.686822772026062012e-01 2.070000000000000000e+02 5.133020000000000000e+07 6.610000000000000000e+02 2.800000000000000000e+01 5.700000000000000000e+01 5.686000000000000000e+03
-1.454471492767333984e+01 4.601035714149475098e-01 1.777861826121807098e-02 5.500000000000000000e+01 5.133020000000000000e+07 1.153000000000000000e+03 3.100000000000000000e+01 1.800000000000000000e+02 1.455200000000000000e+04
-5.619944572448730469e+00 8.272191286087036133e-01 1.685932725667953491e-01 1.410000000000000000e+02 5.142732800000000000e+07 4.510000000000000000e+02 2.800000000000000000e+01 5.700000000000000000e+01 5.683000000000000000e+03
-5.621558189392089844e+00 7.610323429107666016e-01 1.148669347167015076e-01 1.050000000000000000e+02 5.181862000000000000e+07 3.330000000000000000e+02 2.900000000000000000e+01 5.600000000000000000e+01 5.674000000000000000e+03
-5.631631374359130859e+00 7.976142764091491699e-01 1.151705980300903320e-01 3.560000000000000000e+02 5.191588800000000000e+07 1.147000000000000000e+03 2.900000000000000000e+01 8.100000000000000000e+01 5.689000000000000000e+03
-5.565310955047607422e+00 8.230853080749511719e-01 1.139154508709907532e-01 1.630000000000000000e+02 5.201192800000000000e+07 5.110000000000000000e+02 2.900000000000000000e+01 5.700000000000000000e+01 5.627000000000000000e+03
-5.628802776336669922e+00 7.659526467323303223e-01 6.048167496919631958e-02 2.170000000000000000e+02 5.240359200000000000e+07 6.930000000000000000e+02 3.000000000000000000e+01 4.700000000000000000e+01 5.681000000000000000e+03
-5.631916999816894531e+00 8.016031384468078613e-01 6.056684255599975586e-02 3.300000000000000000e+02 5.250010000000000000e+07 1.060000000000000000e+03 3.000000000000000000e+01 4.600000000000000000e+01 5.689000000000000000e+03
-5.608099460601806641e+00 8.333522677421569824e-01 6.036456301808357239e-02 1.680000000000000000e+02 5.259756800000000000e+07 5.320000000000000000e+02 3.000000000000000000e+01 5.600000000000000000e+01 5.670000000000000000e+03
-5.695678234100341797e+00 7.434672713279724121e-01 7.017618510872125626e-03 2.300000000000000000e+01 5.289086000000000000e+07 7.300000000000000000e+01 3.100000000000000000e+01 9.500000000000000000e+01 5.744000000000000000e+03
-5.586977481842041016e+00 7.641721367835998535e-01 6.889336742460727692e-03 1.390000000000000000e+02 5.298848800000000000e+07 4.380000000000000000e+02 3.100000000000000000e+01 3.400000000000000000e+01 5.639000000000000000e+03
-5.639599323272705078e+00 8.066511750221252441e-01 6.960197351872920990e-03 1.660000000000000000e+02 5.308648000000000000e+07 5.340000000000000000e+02 3.100000000000000000e+01 7.100000000000000000e+01 5.697000000000000000e+03
-5.609817504882812500e+00 8.375483155250549316e-01 6.929654162377119064e-03 1.290000000000000000e+02 5.318252800000000000e+07 4.100000000000000000e+02 3.100000000000000000e+01 5.200000000000000000e+01 5.672000000000000000e+03
-7.108664035797119141e+00 5.542729377746582031e+00 1.825238466262817383e-01 2.900000000000000000e+01 6.020739200000000000e+07 2.250000000000000000e+02 2.900000000000000000e+01 3.900000000000000000e+01 9.016000000000000000e+03
-7.136644363403320312e+00 5.572436332702636719e+00 9.640231728553771973e-02 3.520000000000000000e+02 6.079434000000000000e+07 2.873000000000000000e+03 3.000000000000000000e+01 6.500000000000000000e+01 9.055000000000000000e+03
-7.055257320404052734e+00 5.578907966613769531e+00 9.576354175806045532e-02 6.600000000000000000e+01 6.088936800000000000e+07 5.230000000000000000e+02 3.000000000000000000e+01 4.600000000000000000e+01 8.995000000000000000e+03
-7.168884754180908203e+00 5.534999847412109375e+00 1.106521021574735641e-02 7.000000000000000000e+01 6.128064800000000000e+07 5.620000000000000000e+02 3.100000000000000000e+01 5.000000000000000000e+01 9.057000000000000000e+03
-7.134000301361083984e+00 5.578267574310302734e+00 1.106398925185203552e-02 3.480000000000000000e+02 6.137803200000000000e+07 2.842000000000000000e+03 3.100000000000000000e+01 5.000000000000000000e+01 9.056000000000000000e+03
-7.097286224365234375e+00 5.620073318481445312e+00 1.106032356619834900e-02 1.380000000000000000e+02 6.147531200000000000e+07 1.125000000000000000e+03 3.100000000000000000e+01 7.900000000000000000e+01 9.053000000000000000e+03
-1.659331679344177246e+00 3.142215967178344727e+00 1.054634973406791687e-01 6.200000000000000000e+01 6.636119200000000000e+07 7.800000000000000000e+01 2.800000000000000000e+01 6.800000000000000000e+01 3.555000000000000000e+03
-1.646478891372680664e+00 3.164752721786499023e+00 1.058788299560546875e-01 3.420000000000000000e+02 6.645866000000000000e+07 4.320000000000000000e+02 2.800000000000000000e+01 7.500000000000000000e+01 3.569000000000000000e+03
-1.614720582962036133e+00 3.150777816772460938e+00 1.050778403878211975e-01 2.660000000000000000e+02 6.655574000000000000e+07 3.310000000000000000e+02 2.800000000000000000e+01 4.200000000000000000e+01 3.542000000000000000e+03
-3.341946363449096680e+00 6.154779434204101562e+00 1.418122798204421997e-01 1.200000000000000000e+02 6.674906000000000000e+07 5.830000000000000000e+02 2.900000000000000000e+01 1.280000000000000000e+02 7.005000000000000000e+03
-3.300816774368286133e+00 6.168998718261718750e+00 1.416705697774887085e-01 1.510000000000000000e+02 6.684678000000000000e+07 7.360000000000000000e+02 2.900000000000000000e+01 8.600000000000000000e+01 6.998000000000000000e+03
-1.676678657531738281e+00 3.180356264114379883e+00 7.279899716377258301e-02 1.360000000000000000e+02 6.694472800000000000e+07 1.750000000000000000e+02 2.900000000000000000e+01 9.000000000000000000e+01 3.596000000000000000e+03
-1.651142001152038574e+00 3.179049968719482422e+00 7.253582030534744263e-02 3.050000000000000000e+02 6.704220000000000000e+07 3.890000000000000000e+02 2.900000000000000000e+01 8.300000000000000000e+01 3.583000000000000000e+03
-1.621586441993713379e+00 3.169539690017700195e+00 7.209043949842453003e-02 2.560000000000000000e+02 6.713963200000000000e+07 3.240000000000000000e+02 2.900000000000000000e+01 8.000000000000000000e+01 3.561000000000000000e+03
-3.343452930450439453e+00 6.167657852172851562e+00 7.469449192285537720e-02 2.030000000000000000e+02 6.733519200000000000e+07 9.970000000000000000e+02 3.000000000000000000e+01 6.000000000000000000e+01 7.016000000000000000e+03
-3.290469408035278320e+00 6.159832954406738281e+00 7.435381412506103516e-02 1.930000000000000000e+02 6.743334400000000000e+07 9.340000000000000000e+02 3.000000000000000000e+01 6.700000000000000000e+01 6.984000000000000000e+03
-1.656112074851989746e+00 3.146584987640380859e+00 3.785827010869979858e-02 1.300000000000000000e+01 6.753056000000000000e+07 1.500000000000000000e+01 3.000000000000000000e+01 3.800000000000000000e+01 3.556000000000000000e+03
-1.657026290893554688e+00 3.195746421813964844e+00 3.832670673727989197e-02 4.500000000000000000e+01 6.762814400000000000e+07 5.700000000000000000e+01 3.000000000000000000e+01 4.600000000000000000e+01 3.600000000000000000e+03
-1.629654288291931152e+00 3.190715074539184570e+00 3.814572095870971680e-02 3.000000000000000000e+01 6.772576000000000000e+07 3.700000000000000000e+01 3.000000000000000000e+01 4.200000000000000000e+01 3.583000000000000000e+03
-3.310366392135620117e+00 6.116652011871337891e+00 8.497133851051330566e-03 1.120000000000000000e+02 6.792332800000000000e+07 5.350000000000000000e+02 3.100000000000000000e+01 3.400000000000000000e+01 6.955000000000000000e+03
-3.277008056640625000e+00 6.144790172576904297e+00 8.508129045367240906e-03 7.000000000000000000e+01 6.802121600000000000e+07 3.330000000000000000e+02 3.100000000000000000e+01 3.600000000000000000e+01 6.964000000000000000e+03
-1.643429875373840332e+00 3.174861669540405273e+00 4.367685876786708832e-03 2.300000000000000000e+01 6.821608000000000000e+07 2.800000000000000000e+01 3.100000000000000000e+01 2.300000000000000000e+01 3.575000000000000000e+03
-1.626643657684326172e+00 3.190230846405029297e+00 4.375015851110219955e-03 2.500000000000000000e+01 6.831396800000000000e+07 3.000000000000000000e+01 3.100000000000000000e+01 2.800000000000000000e+01 3.581000000000000000e+03
-1.558571219444274902e+00 3.103637695312500000e+00 4.243068862706422806e-03 3.900000000000000000e+01 6.841046400000000000e+07 4.500000000000000000e+01 3.100000000000000000e+01 3.900000000000000000e+01 3.473000000000000000e+03
-1.031162291765213013e-01 7.307600975036621094e-01 9.016369003802537918e-04 1.330000000000000000e+02 7.358212000000000000e+07 7.000000000000000000e+00 3.100000000000000000e+01 1.500000000000000000e+01 7.380000000000000000e+02
-2.245355211198329926e-02 7.215027809143066406e-01 1.461648382246494293e-02 1.230000000000000000e+02 7.416894400000000000e+07 6.000000000000000000e+00 2.900000000000000000e+01 1.700000000000000000e+01 7.220000000000000000e+02
-9.131141938269138336e-03 7.187947034835815430e-01 1.455575041472911835e-02 1.770000000000000000e+02 7.446289600000000000e+07 9.000000000000000000e+00 2.900000000000000000e+01 1.400000000000000000e+01 7.190000000000000000e+02
-2.960615232586860657e-02 6.846042871475219727e-01 3.219543024897575378e-02 8.500000000000000000e+01 7.456104000000000000e+07 4.000000000000000000e+00 2.600000000000000000e+01 1.400000000000000000e+01 6.860000000000000000e+02
