-1.371729373931884766e-02 -6.329283118247985840e-01 1.793814152479171753e-01
-1.575916260480880737e-02 -6.831105947494506836e-01 8.850166201591491699e-02
-1.680800318717956543e-02 -7.177091240882873535e-01 6.672449409961700439e-02
-4.435133934020996094e-02 -7.353394031524658203e-01 2.186402305960655212e-02
-4.783000051975250244e-02 -7.310889363288879395e-01 1.294499933719635010e-01
-3.685952723026275635e-02 -7.569477558135986328e-01 1.534528285264968872e-02
-7.008495926856994629e-02 -6.779088377952575684e-01 4.490823671221733093e-02
-5.749877169728279114e-02 -6.766346096992492676e-01 6.311526894569396973e-02
-8.259804546833038330e-02 -7.100747227668762207e-01 4.034250602126121521e-02
-5.971027910709381104e-02 -7.445673346519470215e-01 7.952791638672351837e-03
-5.022874474525451660e-02 -7.422704100608825684e-01 5.502524599432945251e-02
-5.719581246376037598e-02 -7.101987004280090332e-01 2.674874849617481232e-02
-8.955595642328262329e-02 -7.277012467384338379e-01 3.444816917181015015e-02
-1.157014369964599609e-01 -6.953178048133850098e-01 3.977906331419944763e-02
-7.134249061346054077e-02 -7.199642658233642578e-01 2.716142125427722931e-02
-1.251487582921981812e-01 -7.230995893478393555e-01 1.485941652208566666e-02
-1.264054626226425171e-01 -7.046045660972595215e-01 1.449501700699329376e-02
-1.049764156341552734e+00 -1.382934927940368652e+00 5.153026804327964783e-02
-1.092647433280944824e+00 -1.421748876571655273e+00 1.181553453207015991e-01
-1.079553008079528809e+00 -1.404203057289123535e+00 5.256858840584754944e-02
-4.194064140319824219e+00 -6.886342048645019531e+00 9.850811213254928589e-03
-1.112382531166076660e+00 -1.429191589355468750e+00 1.193388774991035461e-01
-1.099816203117370605e+00 -1.412537693977355957e+00 5.313224717974662781e-02
-1.118660092353820801e+00 -1.419204592704772949e+00 1.190758720040321350e-01
-1.091752171516418457e+00 -1.384570360183715820e+00 5.233125761151313782e-02
-1.127347111701965332e+00 -1.412313938140869141e+00 1.190758720040321350e-01
-1.083387017250061035e+00 -1.356755971908569336e+00 5.153026804327964783e-02
-1.125328063964843750e+00 -1.392177700996398926e+00 1.179580911993980408e-01
-1.095462322235107422e+00 -1.354746341705322266e+00 5.170826613903045654e-02
-1.133849143981933594e+00 -1.385246634483337402e+00 1.179580911993980408e-01
-1.104586601257324219e+00 -1.454135417938232422e+00 1.030536964535713196e-01
-1.132250666618347168e+00 -1.382801294326782227e+00 5.304324626922607422e-02
-1.090289354324340820e+00 -1.434274196624755859e+00 3.648047521710395813e-02
-4.463946342468261719e+00 -6.847435474395751953e+00 9.986422955989837646e-03
-1.144237756729125977e+00 -1.380568146705627441e+00 1.181553453207015991e-01
-1.108008980751037598e+00 -1.440208435058593750e+00 1.025465950369834900e-01
-1.116470694541931152e+00 -1.346587657928466797e+00 5.191593244671821594e-02
-1.093580245971679688e+00 -1.420427441596984863e+00 3.629827499389648438e-02
-4.557694435119628906e+00 -6.898344039916992188e+00 1.010126620531082153e-02
-1.085775971412658691e+00 -1.394536614418029785e+00 1.642662733793258667e-01
-1.116825103759765625e+00 -1.433382749557495117e+00 1.025465950369834900e-01
-1.129853725433349609e+00 -1.345836281776428223e+00 5.215325951576232910e-02
-1.094897985458374023e+00 -1.404229283332824707e+00 3.605534508824348450e-02
-4.591590881347656250e+00 -6.857784271240234375e+00 1.008293963968753815e-02
-1.099244356155395508e+00 -1.394103288650512695e+00 1.650066226720809937e-01
-1.123743772506713867e+00 -1.424151659011840820e+00 1.023775562644004822e-01
-1.100395679473876953e+00 -1.393561363220214844e+00 3.595412150025367737e-02
-4.638074398040771484e+00 -6.836102008819580078e+00 1.009271387010812759e-02
-1.115233302116394043e+00 -1.396669268608093262e+00 1.661171615123748779e-01
-1.128098249435424805e+00 -1.411769866943359375e+00 1.019831523299217224e-01
-1.112047672271728516e+00 -1.390687465667724609e+00 3.605534508824348450e-02
-4.660105228424072266e+00 -6.778673171997070312e+00 1.004995312541723251e-02
-1.101243853569030762e+00 -1.361926555633544922e+00 1.627855598926544189e-01
-1.133599281311035156e+00 -1.400940656661987305e+00 1.017014309763908386e-01
-1.107976317405700684e+00 -1.368297815322875977e+00 3.565045446157455444e-02
-1.070002436637878418e+00 -1.423621058464050293e+00 1.896107569336891174e-02
-4.656457424163818359e+00 -6.685126781463623047e+00 9.953436441719532013e-03
-1.135846138000488281e+00 -1.386235833168029785e+00 1.011379882693290710e-01
-1.098615169525146484e+00 -1.444735884666442871e+00 8.527565002441406250e-02
-1.111279726028442383e+00 -1.355288624763488770e+00 3.548850119113922119e-02
-1.088408231735229492e+00 -1.429758906364440918e+00 1.913141459226608276e-02
-4.640307426452636719e+00 -6.575542449951171875e+00 9.832484647631645203e-03
-1.062403202056884766e+00 -1.380461812019348145e+00 1.453568041324615479e-01
-1.138592958450317383e+00 -1.372324943542480469e+00 1.006308943033218384e-01
-1.102583289146423340e+00 -1.431636691093444824e+00 8.490019291639328003e-02
-1.096582889556884766e+00 -1.320752501487731934e+00 3.475970029830932617e-02
-1.100213408470153809e+00 -1.427013158798217773e+00 1.918464712798595428e-02
-4.707320213317871094e+00 -6.584367275238037109e+00 9.888685308396816254e-03
-1.122313380241394043e+00 -1.439940571784973145e+00 1.523419320583343506e-01
-1.114418625831604004e+00 -1.428782582283020020e+00 8.513485640287399292e-02
-1.127184152603149414e+00 -1.340784192085266113e+00 3.546825423836708069e-02
-1.102179288864135742e+00 -1.411566019058227539e+00 1.906753703951835632e-02
-4.711851596832275391e+00 -6.505954742431640625e+00 9.814158082008361816e-03
-1.131127595901489258e+00 -1.433027148246765137e+00 1.523419320583343506e-01
-1.126260280609130859e+00 -1.425837039947509766e+00 8.536951243877410889e-02
-1.112060189247131348e+00 -1.406345367431640625e+00 1.908883079886436462e-02
-4.845734596252441406e+00 -6.605121135711669922e+00 1.000841427594423294e-02
-1.141765832901000977e+00 -1.428394913673400879e+00 1.525913923978805542e-01
-1.135611772537231445e+00 -1.419679522514343262e+00 8.541644364595413208e-02
-1.129418730735778809e+00 -1.410422801971435547e+00 1.923787780106067657e-02
-1.069446563720703125e+00 -1.439141631126403809e+00 2.190562430769205093e-03
-1.139223098754882812e+00 -1.407419681549072266e+00 1.510945856571197510e-01
-1.136756539344787598e+00 -1.403370499610900879e+00 8.485326170921325684e-02
-1.076398134231567383e+00 -1.431122541427612305e+00 6.722826510667800903e-02
-1.115378737449645996e+00 -1.375505685806274414e+00 1.885461062192916870e-02
-1.087878704071044922e+00 -1.445336103439331055e+00 2.210109960287809372e-03
-1.106377720832824707e+00 -1.453923344612121582e+00 1.351290196180343628e-01
-1.113038182258605957e+00 -1.356980323791503906e+00 8.245972543954849243e-02
-1.099692463874816895e+00 -1.443568944931030273e+00 6.812864542007446289e-02
-1.128239631652832031e+00 -1.374045610427856445e+00 1.892913505434989929e-02
-1.093695402145385742e+00 -1.434657454490661621e+00 2.204001415520906448e-03
-1.118321776390075684e+00 -1.451056838035583496e+00 1.354978233575820923e-01
-1.071903824806213379e+00 -1.389322996139526367e+00 6.587769836187362671e-02
-1.143042325973510742e+00 -1.374785900115966797e+00 1.903559826314449310e-02
-1.102477669715881348e+00 -1.427919626235961914e+00 2.204001415520906448e-03
-1.118613719940185547e+00 -1.433161497116088867e+00 1.344651728868484497e-01
-1.100712180137634277e+00 -1.408704876899719238e+00 6.711571663618087769e-02
-1.126984596252441406e+00 -1.338678121566772461e+00 1.863103918731212616e-02
-1.107522606849670410e+00 -1.416401505470275879e+00 2.196670975536108017e-03
-1.129241585731506348e+00 -1.428617954254150391e+00 1.346864551305770874e-01
-1.073370099067687988e+00 -1.356473565101623535e+00 6.493980437517166138e-02
-1.111847043037414551e+00 -1.404091477394104004e+00 2.188118873164057732e-03
-1.145464777946472168e+00 -1.431004881858825684e+00 1.355715841054916382e-01
-1.095420598983764648e+00 -1.367017984390258789e+00 6.576515734195709229e-02
-1.124820590019226074e+00 -1.402703881263732910e+00 2.196670975536108017e-03
-1.138524174690246582e+00 -1.404581427574157715e+00 1.337275803089141846e-01
-1.100639462471008301e+00 -1.356390953063964844e+00 6.557757407426834106e-02
-1.131515145301818848e+00 -1.393446803092956543e+00 2.193005755543708801e-03
-1.103231787681579590e+00 -1.342663288116455078e+00 6.523993611335754395e-02
-1.127341508865356445e+00 -1.371029496192932129e+00 2.168571110814809799e-03
-1.151089191436767578e+00 -1.382530450820922852e+00 2.197892870754003525e-03
-4.980459213256835938e+00 -5.907746315002441406e+00 9.440309368073940277e-03
-5.022458076477050781e+00 -5.883921146392822266e+00 9.451305493712425232e-03
-5.010078907012939453e+00 -5.797005176544189453e+00 9.360896423459053040e-03
-5.100211143493652344e+00 -5.828618049621582031e+00 9.462300688028335571e-03
-5.072219371795654297e+00 -5.725356578826904297e+00 9.345014579594135284e-03
-5.099909305572509766e+00 -5.685937881469726562e+00 9.331575594842433929e-03
-5.126634597778320312e+00 -5.645654678344726562e+00 9.316914714872837067e-03
-5.207200527191162109e+00 -5.664151668548583984e+00 9.399992413818836212e-03
-5.031337738037109375e+00 -5.405902862548828125e+00 9.022478014230728149e-03
-5.081557273864746094e+00 -5.393125057220458984e+00 9.053020738065242767e-03
-5.204282283782958984e+00 -5.455911159515380859e+00 9.211845695972442627e-03
-5.084838390350341797e+00 -5.265618801116943359e+00 8.943065069615840912e-03
-5.312087059020996094e+00 -5.433825016021728516e+00 9.283928200602531433e-03
-7.393091201782226562e+00 -6.949255466461181641e+00 1.080280840396881104e-01
-5.285537242889404297e+00 -5.340713024139404297e+00 9.180081076920032501e-03
-7.459773540496826172e+00 -6.926213741302490234e+00 1.083794087171554565e-01
-5.381199359893798828e+00 -5.371053695678710938e+00 9.288814850151538849e-03
-7.541190147399902344e+00 -6.916131973266601562e+00 1.089436709880828857e-01
-5.360647201538085938e+00 -5.285278320312500000e+00 9.197184816002845764e-03
-7.493813991546630859e+00 -6.788498878479003906e+00 1.076554656028747559e-01
-5.436676025390625000e+00 -5.294846057891845703e+00 9.271710179746150970e-03
-7.478692054748535156e+00 -6.691715240478515625e+00 1.068463400006294250e-01
-5.126029491424560547e+00 -4.931381225585937500e+00 8.690167218446731567e-03
-7.619263172149658203e+00 -6.733771800994873047e+00 1.082623079419136047e-01
-5.354088306427001953e+00 -5.087893009185791016e+00 9.023698978126049042e-03
-7.370411872863769531e+00 -6.433727264404296875e+00 1.041634753346443176e-01
-5.380102634429931641e+00 -5.050154685974121094e+00 9.015147574245929718e-03
-7.455190181732177734e+00 -6.427558898925781250e+00 1.048022583127021790e-01
-5.382389545440673828e+00 -4.990531444549560547e+00 8.967499248683452606e-03
-7.534838199615478516e+00 -6.416052341461181641e+00 1.053665056824684143e-01
-4.943889617919921875e+00 -4.527859687805175781e+00 8.190480060875415802e-03
-7.544983386993408203e+00 -6.345241546630859375e+00 1.049619466066360474e-01
-5.383157730102539062e+00 -4.869765758514404297e+00 8.868539705872535706e-03
-7.519160747528076172e+00 -6.245160579681396484e+00 1.040676608681678772e-01
-5.547905921936035156e+00 -4.957243442535400391e+00 9.089672937989234924e-03
-7.575893878936767578e+00 -6.214126110076904297e+00 1.043231710791587830e-01
-5.291810512542724609e+00 -4.670336246490478516e+00 8.622972294688224792e-03
-7.619319438934326172e+00 -6.171930313110351562e+00 1.043976992368698120e-01
-5.189204692840576172e+00 -4.523443698883056641e+00 8.410390466451644897e-03
-7.515711307525634766e+00 -6.012005329132080078e+00 1.024707108736038208e-01
-5.344934940338134766e+00 -4.601783752441406250e+00 8.616863749921321869e-03
-7.560305595397949219e+00 -5.971974849700927734e+00 1.025771722197532654e-01
-5.363166809082031250e+00 -4.560479640960693359e+00 8.600980974733829498e-03
-7.590499401092529297e+00 -5.920553684234619141e+00 1.024920120835304260e-01
-5.402534961700439453e+00 -4.537132740020751953e+00 8.619306609034538269e-03
-7.566475868225097656e+00 -5.827496528625488281e+00 1.016828864812850952e-01
-4.864538669586181641e+00 -4.034675121307373047e+00 7.721334695816040039e-03
-7.625172615051269531e+00 -5.798512935638427734e+00 1.019916310906410217e-01
-5.427634716033935547e+00 -4.445780754089355469e+00 8.571659214794635773e-03
-7.679799079895019531e+00 -5.766025543212890625e+00 1.022471338510513306e-01
-5.450146675109863281e+00 -4.408620357513427734e+00 8.564328774809837341e-03
-7.584094047546386719e+00 -5.621734619140625000e+00 1.005117893218994141e-01
-5.227851867675781250e+00 -4.176001071929931641e+00 8.174597285687923431e-03
-1.029162597656250000e+01 -6.974833011627197266e+00 2.517395615577697754e-01
-7.590202331542968750e+00 -5.554425239562988281e+00 1.001391708850860596e-01
-5.563507556915283203e+00 -4.388474941253662109e+00 8.657180704176425934e-03
-1.035916042327880859e+01 -6.928227901458740234e+00 2.523469030857086182e-01
-7.643594264984130859e+00 -5.521801471710205078e+00 1.003946810960769653e-01
-5.251091480255126953e+00 -4.090025424957275391e+00 8.131836540997028351e-03
-1.039313220977783203e+01 -6.859028339385986328e+00 2.521444857120513916e-01
-7.529158115386962891e+00 -5.369133472442626953e+00 9.845705330371856689e-02
-5.593954086303710938e+00 -4.302192211151123047e+00 8.621750399470329285e-03
-1.042245578765869141e+01 -6.786944389343261719e+00 2.518408000469207764e-01
-7.523529529571533203e+00 -5.295782566070556641e+00 9.795667231082916260e-02
-5.604318141937255859e+00 -4.255692005157470703e+00 8.597315289080142975e-03
-1.044287490844726562e+01 -6.709355354309082031e+00 2.513346970081329346e-01
-7.401496410369873047e+00 -5.142258644104003906e+00 9.595517069101333618e-02
-5.686332702636718750e+00 -4.263214588165283203e+00 8.682836778461933136e-03
-1.184076213836669922e+01 -6.918749332427978516e+00 4.070208668708801270e-01
-1.039602279663085938e+01 -6.589486598968505859e+00 2.492292672395706177e-01
-7.586301326751708984e+00 -5.201927661895751953e+00 9.793538600206375122e-02
-5.641652584075927734e+00 -4.175889015197753906e+00 8.575324900448322296e-03
-1.185614299774169922e+01 -6.830497741699218750e+00 4.061012566089630127e-01
-1.035911655426025391e+01 -6.477337837219238281e+00 2.473870217800140381e-01
-7.594060420989990234e+00 -5.139029026031494141e+00 9.762664139270782471e-02
-5.489540100097656250e+00 -4.011394500732421875e+00 8.306543342769145966e-03
-1.187175559997558594e+01 -6.742811203002929688e+00 4.052112400531768799e-01
-1.037058448791503906e+01 -6.396333217620849609e+00 2.467189431190490723e-01
-7.523999214172363281e+00 -5.024586200714111328e+00 9.632778912782669067e-02
-5.882248401641845703e+00 -4.243240356445312500e+00 8.861209265887737274e-03
-1.185883235931396484e+01 -6.639565944671630859e+00 4.033719599246978760e-01
-1.033105373382568359e+01 -6.284775733947753906e+00 2.448564618825912476e-01
-7.589756011962890625e+00 -5.001433849334716797e+00 9.677493572235107422e-02
-5.913875579833984375e+00 -4.211128234863281250e+00 8.869761601090431213e-03
-1.190897464752197266e+01 -6.571988582611083984e+00 4.036982655525207520e-01
-1.030340766906738281e+01 -6.181661128997802734e+00 2.432976514101028442e-01
-7.513834953308105469e+00 -4.885545253753662109e+00 9.542285650968551636e-02
-5.774342060089111328e+00 -4.058604717254638672e+00 8.622972294688224792e-03
-1.166457366943359375e+01 -6.344059467315673828e+00 3.940863907337188721e-01
-1.031877136230468750e+01 -6.105087757110595703e+00 2.427712976932525635e-01
-7.627835750579833984e+00 -4.893341541290283203e+00 9.648749232292175293e-02
-5.813104152679443359e+00 -4.032787799835205078e+00 8.643741719424724579e-03
-1.169270801544189453e+01 -6.266701698303222656e+00 3.937304019927978516e-01
-1.030767726898193359e+01 -6.013444900512695312e+00 2.416376024484634399e-01
-7.697429180145263672e+00 -4.871579170227050781e+00 9.698786586523056030e-02
-5.863317966461181641e+00 -4.014556884765625000e+00 8.681614883244037628e-03
-1.173093986511230469e+01 -6.194838523864746094e+00 3.937304019927978516e-01
-1.036084747314453125e+01 -5.959556102752685547e+00 2.420222461223602295e-01
-7.744139671325683594e+00 -4.834847927093505859e+00 9.720078855752944946e-02
-5.899440765380859375e+00 -3.986342906951904297e+00 8.698719553649425507e-03
-1.171375274658203125e+01 -6.094140052795410156e+00 3.918911218643188477e-01
-1.039548015594482422e+01 -5.894885063171386719e+00 2.419817745685577393e-01
-7.771957397460937500e+00 -4.786191463470458984e+00 9.717949479818344116e-02
-5.767374515533447266e+00 -3.845769882202148438e+00 8.469033986330032349e-03
-1.175804138183593750e+01 -6.025797843933105469e+00 3.921284377574920654e-01
-1.037734699249267578e+01 -5.800743103027343750e+00 2.407266050577163696e-01
-7.771265983581542969e+00 -4.720244407653808594e+00 9.680687636137008667e-02
-5.956268787384033203e+00 -3.919144153594970703e+00 8.710936643183231354e-03
-1.163506698608398438e+01 -5.872914791107177734e+00 3.868181705474853516e-01
-1.034356498718261719e+01 -5.698844909667968750e+00 2.391272932291030884e-01
-7.804371833801269531e+00 -4.675041675567626953e+00 9.686011075973510742e-02
-5.947493553161621094e+00 -3.861286878585815430e+00 8.663289248943328857e-03
-1.164940166473388672e+01 -5.790734767913818359e+00 3.861061632633209229e-01
-1.035812950134277344e+01 -5.624298095703125000e+00 2.386616766452789307e-01
-7.878540039062500000e+00 -4.654021263122558594e+00 9.742435812950134277e-02
-5.975284099578857422e+00 -3.827417612075805664e+00 8.669397793710231781e-03
-1.169638442993164062e+01 -5.724858760833740234e+00 3.864918649196624756e-01
-1.041977214813232422e+01 -5.575257778167724609e+00 2.392892539501190186e-01
-7.862882137298583984e+00 -4.579924106597900391e+00 9.688139706850051880e-02
-6.038387775421142578e+00 -3.815789222717285156e+00 8.726818487048149109e-03
-1.154039287567138672e+01 -5.560994625091552734e+00 3.802026212215423584e-01
-1.037153434753417969e+01 -5.467855930328369141e+00 2.374065071344375610e-01
-7.672320365905761719e+00 -4.406102180480957031e+00 9.419853240251541138e-02
-6.042169094085693359e+00 -3.766499757766723633e+00 8.698719553649425507e-03
-1.157700538635253906e+01 -5.491364002227783203e+00 3.802915811538696289e-01
-1.037649726867675781e+01 -5.389368057250976562e+00 2.367586940526962280e-01
-7.660054206848144531e+00 -4.336773395538330078e+00 9.371944516897201538e-02
-6.020018577575683594e+00 -3.701594114303588867e+00 8.633967489004135132e-03
-1.157515907287597656e+01 -5.403735637664794922e+00 3.791346251964569092e-01
-1.031680297851562500e+01 -5.278238773345947266e+00 2.346532791852951050e-01
-7.999988079071044922e+00 -4.464631080627441406e+00 9.754147380590438843e-02
-5.925476074218750000e+00 -3.593544960021972656e+00 8.466590195894241333e-03
-1.159174919128417969e+01 -5.325099468231201172e+00 3.786006271839141846e-01
-1.025971031188964844e+01 -5.169846057891845703e+00 2.326288223266601562e-01
-8.018470764160156250e+00 -4.410640716552734375e+00 9.743501245975494385e-02
-6.018645763397216797e+00 -3.599722623825073242e+00 8.567994460463523865e-03
-1.158048439025878906e+01 -5.234112739562988281e+00 3.771766424179077148e-01
-1.028407478332519531e+01 -5.103241443634033203e+00 2.324668765068054199e-01
-7.856379508972167969e+00 -4.258899688720703125e+00 9.514605253934860229e-02
-6.050955772399902344e+00 -3.568821191787719727e+00 8.582654409110546112e-03
-1.158132743835449219e+01 -5.149150848388671875e+00 3.761679828166961670e-01
-1.032956695556640625e+01 -5.047066211700439453e+00 2.327907830476760864e-01
-7.903531551361083984e+00 -4.221920967102050781e+00 9.540156275033950806e-02
-6.109046936035156250e+00 -3.552740573883056641e+00 8.633967489004135132e-03
-1.147166728973388672e+01 -5.016319751739501953e+00 3.715994060039520264e-01
-1.032700443267822266e+01 -4.967554569244384766e+00 2.320417463779449463e-01
-7.912475585937500000e+00 -4.164497852325439453e+00 9.519928693771362305e-02
-6.105573177337646484e+00 -3.500764369964599609e+00 8.598537184298038483e-03
-1.149029350280761719e+01 -4.940702915191650391e+00 3.712137341499328613e-01
-1.035186862945556641e+01 -4.901528358459472656e+00 2.319202721118927002e-01
-7.922788143157958984e+00 -4.108044147491455078e+00 9.501829743385314941e-02
-6.131290912628173828e+00 -3.465695619583129883e+00 8.604645729064941406e-03
-1.049936485290527344e+01 -4.438479900360107422e+00 3.383138477802276611e-01
-1.031378173828125000e+01 -4.806245326995849609e+00 2.304019331932067871e-01
-7.937159061431884766e+00 -4.053895473480224609e+00 9.489053487777709961e-02
-6.128854751586914062e+00 -3.414868116378784180e+00 8.571659214794635773e-03
-1.151959705352783203e+01 -4.786670207977294922e+00 3.702347278594970703e-01
-1.031217861175537109e+01 -4.728701591491699219e+00 2.297136187553405762e-01
-7.812705039978027344e+00 -3.930075407028198242e+00 9.311261028051376343e-02
-5.697406768798828125e+00 -3.128817796707153320e+00 7.941246964037418365e-03
-1.154319953918457031e+01 -4.713630199432373047e+00 3.700567483901977539e-01
-1.024986553192138672e+01 -4.624223232269287109e+00 2.276891916990280151e-01
-7.902978897094726562e+00 -3.914909839630126953e+00 9.390043467283248901e-02
-6.130723476409912109e+00 -3.317981719970703125e+00 8.516681380569934845e-03
-1.150511074066162109e+01 -4.615915775299072266e+00 3.679207861423492432e-01
-1.025611400604248047e+01 -4.551510810852050781e+00 2.272033244371414185e-01
-7.952914237976074219e+00 -3.879056453704833984e+00 9.420917183160781860e-02
-6.128907203674316406e+00 -3.268537759780883789e+00 8.486137725412845612e-03
-1.180383205413818359e+01 -4.651884078979492188e+00 3.765536546707153320e-01
-1.029576015472412109e+01 -4.493693828582763672e+00 2.274664938449859619e-01
-7.983777523040771484e+00 -3.833648204803466797e+00 9.429434686899185181e-02
-6.062979698181152344e+00 -3.185751438140869141e+00 8.367630653083324432e-03
-1.036601734161376953e+01 -4.453123569488525391e+00 6.366903781890869141e-01
-1.178088283538818359e+01 -4.559526920318603516e+00 3.749220073223114014e-01
-1.028822708129882812e+01 -4.415452480316162109e+00 2.266972213983535767e-01
-8.022519111633300781e+00 -3.791852712631225586e+00 9.447533637285232544e-02
-6.001598358154296875e+00 -3.106657028198242188e+00 8.256453089416027069e-03
-1.159466552734375000e+01 -4.405847549438476562e+00 3.681284487247467041e-01
-1.028564834594726562e+01 -4.339804649353027344e+00 2.260493785142898560e-01
-7.946809291839599609e+00 -3.696585893630981445e+00 9.331488609313964844e-02
-5.861080646514892578e+00 -2.988463878631591797e+00 8.037763647735118866e-03
-1.176102542877197266e+01 -4.386669158935546875e+00 3.725486993789672852e-01
-1.030007743835449219e+01 -4.271632194519042969e+00 2.257862091064453125e-01
-7.706576347351074219e+00 -3.527481794357299805e+00 9.023810923099517822e-02
-6.200126171112060547e+00 -3.113552331924438477e+00 8.476364426314830780e-03
-9.781997680664062500e+00 -3.589990854263305664e+00 3.070713043212890625e+00
-9.874403953552246094e+00 -3.625859498977661133e+00 2.671501874923706055e+00
-1.176143741607666016e+01 -4.304802417755126953e+00 3.717180490493774414e-01
-1.029831790924072266e+01 -4.197031974792480469e+00 2.251788675785064697e-01
-7.998867988586425781e+00 -3.602072715759277344e+00 9.340006113052368164e-02
-6.168020248413085938e+00 -3.050183773040771484e+00 8.406725712120532990e-03
-9.962119102478027344e+00 -3.588854789733886719e+00 2.689224720001220703e+00
-1.013141918182373047e+01 -3.651843070983886719e+00 2.312707901000976562e+00
-1.028187847137451172e+01 -3.704048156738281250e+00 1.930962562561035156e+00
-1.169543552398681641e+01 -4.199450492858886719e+00 3.688107430934906006e-01
-1.030252933502197266e+01 -4.125216007232666016e+00 2.247132509946823120e-01
-8.044589996337890625e+00 -3.563454389572143555e+00 9.367686510086059570e-02
-6.194711685180664062e+00 -3.016220092773437500e+00 8.417720906436443329e-03
-1.009556293487548828e+01 -3.569078445434570312e+00 2.299480438232421875e+00
-1.030255603790283203e+01 -3.640233755111694336e+00 1.930614590644836426e+00
-1.050468158721923828e+01 -3.709589481353759766e+00 1.551809549331665039e+00
-1.073791980743408203e+01 -3.787739276885986328e+00 1.166627287864685059e+00
-1.133820438385009766e+01 -3.992811918258666992e+00 3.567662835121154785e-01
-1.033695125579833984e+01 -4.065582752227783203e+00 2.249156981706619263e-01
-8.025966644287109375e+00 -3.496454238891601562e+00 9.320842474699020386e-02
-6.255484580993652344e+00 -2.998468637466430664e+00 8.475142531096935272e-03
-1.071865367889404297e+01 -3.707149505615234375e+00 1.162040829658508301e+00
-1.093194389343261719e+01 -3.776646375656127930e+00 7.621250152587890625e-01
-1.035774803161621094e+01 -4.443282604217529297e+00 5.295350551605224609e-01
-1.112344837188720703e+01 -3.840632200241088867e+00 3.492607176303863525e-01
-1.037196159362792969e+01 -4.006042003631591797e+00 2.251383811235427856e-01
-7.815640926361083984e+00 -3.347921133041381836e+00 9.052555263042449951e-02
-5.884876728057861328e+00 -2.776547670364379883e+00 7.949798367917537689e-03
-1.037285137176513672e+01 -4.374598503112792969e+00 5.289248824119567871e-01
-1.113165569305419922e+01 -3.767180919647216797e+00 3.487860560417175293e-01
-1.040382575988769531e+01 -3.945161581039428711e+00 2.253003418445587158e-01
-8.051681518554687500e+00 -3.390714645385742188e+00 9.301678836345672607e-02
-5.914500236511230469e+00 -2.746282339096069336e+00 7.966903038322925568e-03
-1.194867229461669922e+01 -3.962131738662719727e+00 3.736166954040527344e-01
-1.044189167022705078e+01 -3.886481523513793945e+00 2.256039977073669434e-01
-7.956844329833984375e+00 -3.293443441390991211e+00 9.168600291013717651e-02
-6.138619899749755859e+00 -2.804690361022949219e+00 8.245457895100116730e-03
-9.803045272827148438e+00 -3.607546806335449219e+00 2.959793090820312500e+00
-9.967286109924316406e+00 -3.664038181304931641e+00 2.582844257354736328e+00
-1.199272346496582031e+01 -3.895225763320922852e+00 3.742396831512451172e-01
-1.032373619079589844e+01 -3.770546197891235352e+00 2.225471138954162598e-01
-8.112135887145996094e+00 -3.299564599990844727e+00 9.324036538600921631e-02
-6.103724002838134766e+00 -2.743602514266967773e+00 8.175819180905818939e-03
-9.757124900817871094e+00 -3.522823572158813477e+00 2.939347028732299805e+00
-9.993236541748046875e+00 -3.604129552841186523e+00 2.583789587020874023e+00
-1.016478157043457031e+01 -3.661988973617553711e+00 2.209945201873779297e+00
-1.034866046905517578e+01 -3.724153041839599609e+00 1.832603096961975098e+00
-1.207069301605224609e+01 -3.838833808898925781e+00 3.759306669235229492e-01
-1.035044193267822266e+01 -3.708478927612304688e+00 2.226280868053436279e-01
-8.171227455139160156e+00 -3.265311717987060547e+00 9.368750452995300293e-02
-6.251230239868164062e+00 -2.763925313949584961e+00 8.350525982677936554e-03
-1.018982982635498047e+01 -3.600529193878173828e+00 2.210546255111694336e+00
-1.035457324981689453e+01 -3.654675245285034180e+00 1.829644680023193359e+00
-1.057065296173095703e+01 -3.726792335510253906e+00 1.451735615730285645e+00
-1.076947784423828125e+01 -3.792663812637329102e+00 1.061206459999084473e+00
-1.210833644866943359e+01 -3.769153356552124023e+00 3.763756453990936279e-01
-1.030508708953857422e+01 -3.621035575866699219e+00 2.211704701185226440e-01
-8.185524940490722656e+00 -3.212920427322387695e+00 9.362363070249557495e-02
-6.277242183685302734e+00 -2.729503870010375977e+00 8.362743072211742401e-03
-1.079536914825439453e+01 -3.727486848831176758e+00 1.061483979225158691e+00
-1.100153350830078125e+01 -3.794374942779541016e+00 6.567489504814147949e-01
-1.229092025756835938e+01 -3.743422031402587891e+00 3.813299238681793213e-01
-1.029591655731201172e+01 -3.546990156173706055e+00 2.205024063587188721e-01
-8.220013618469238281e+00 -3.168388605117797852e+00 9.379397332668304443e-02
-6.295710563659667969e+00 -2.691722393035888672e+00 8.365186862647533417e-03
-1.216421604156494141e+01 -3.623420715332031250e+00 3.767019808292388916e-01
-1.020760631561279297e+01 -3.446647167205810547e+00 2.181540578603744507e-01
-8.162611961364746094e+00 -3.088871955871582031e+00 9.292097389698028564e-02
-6.299201965332031250e+00 -2.647617340087890625e+00 8.348082192242145538e-03
-1.228986644744873047e+01 -3.578896999359130859e+00 3.799059391021728516e-01
-1.018964481353759766e+01 -3.371074438095092773e+00 2.173240333795547485e-01
-8.081111907958984375e+00 -3.001475811004638672e+00 9.178181737661361694e-02
-6.270041465759277344e+00 -2.590207576751708984e+00 8.288217708468437195e-03
-9.839284896850585938e+00 -3.624905347824096680e+00 2.860716581344604492e+00
-9.983018875122070312e+00 -3.671922922134399414e+00 2.479198932647705078e+00
-1.255482769012451172e+01 -3.572635412216186523e+00 3.874115049839019775e-01
-1.019587039947509766e+01 -3.303865432739257812e+00 2.170203626155853271e-01
-8.030793190002441406e+00 -2.926839351654052734e+00 9.100463986396789551e-02
-6.256166458129882812e+00 -2.539650201797485352e+00 8.249122649431228638e-03
-9.845917701721191406e+00 -3.558889150619506836e+00 2.856242179870605469e+00
-1.005208015441894531e+01 -3.627458572387695312e+00 2.490775346755981445e+00
-1.021777153015136719e+01 -3.679190635681152344e+00 2.114901781082153320e+00
-1.039136791229248047e+01 -3.739650249481201172e+00 1.733362674713134766e+00
-1.259769916534423828e+01 -3.501421689987182617e+00 3.880641460418701172e-01
-1.019117355346679688e+01 -3.233381271362304688e+00 2.164940088987350464e-01
-8.183245658874511719e+00 -2.925646066665649414e+00 9.252705425024032593e-02
-6.201967716217041016e+00 -2.473432302474975586e+00 8.157492615282535553e-03
-1.023274993896484375e+01 -3.613811492919921875e+00 2.113372564315795898e+00
-1.044486045837402344e+01 -3.686670541763305664e+00 1.738479495048522949e+00
-1.066906547546386719e+01 -3.755339622497558594e+00 1.358729004859924316e+00
-1.082362270355224609e+01 -3.805495738983154297e+00 9.573758840560913086e-01
-1.100045585632324219e+01 -3.863354682922363281e+00 5.477916598320007324e-01
-1.249353790283203125e+01 -3.390029191970825195e+00 3.842075467109680176e-01
-1.021941471099853516e+01 -3.173456907272338867e+00 2.166762053966522217e-01
-8.218972206115722656e+00 -2.881665706634521484e+00 9.272933751344680786e-02
-6.329691886901855469e+00 -2.479464054107666016e+00 8.305322378873825073e-03
-1.084111690521240234e+01 -3.737063169479370117e+00 9.568769931793212891e-01
-1.110895538330078125e+01 -3.825052499771118164e+00 5.520154833793640137e-01
-1.274987316131591797e+01 -3.375730037689208984e+00 3.914461135864257812e-01
-1.024730396270751953e+01 -3.113307952880859375e+00 2.168584167957305908e-01
-8.116403579711914062e+00 -2.789899587631225586e+00 9.137725830078125000e-02
-6.338253021240234375e+00 -2.438066005706787109e+00 8.296770043671131134e-03
-1.281680107116699219e+01 -3.309430122375488281e+00 3.928700983524322510e-01
-1.023171234130859375e+01 -3.040121793746948242e+00 2.161296159029006958e-01
-8.017760276794433594e+00 -2.701098442077636719e+00 9.007841348648071289e-02
-6.336254119873046875e+00 -2.392770290374755859e+00 8.274778723716735840e-03
-1.329245185852050781e+01 -3.345385074615478516e+00 4.068132042884826660e-01
-1.027321624755859375e+01 -2.983976840972900391e+00 2.166154831647872925e-01
-8.176615715026855469e+00 -2.698864459991455078e+00 9.167535603046417236e-02
-6.213917255401611328e+00 -2.303106784820556641e+00 8.096406236290931702e-03
-9.856668472290039062e+00 -3.633385658264160156e+00 2.761819601058959961e+00
-1.002997398376464844e+01 -3.687330722808837891e+00 2.388668775558471680e+00
-1.289916324615478516e+01 -3.162371158599853516e+00 3.941754102706909180e-01
-1.030575847625732422e+01 -2.924979925155639648e+00 2.169191390275955200e-01
-8.093118667602539062e+00 -2.616346359252929688e+00 9.055749326944351196e-02
-6.322849750518798828e+00 -2.299454689025878906e+00 8.219800889492034912e-03
-9.902423858642578125e+00 -3.581390142440795898e+00 2.768430471420288086e+00
-1.008454036712646484e+01 -3.637307643890380859e+00 2.396303653717041016e+00
-1.026322555541992188e+01 -3.691637516021728516e+00 2.017549514770507812e+00
-1.043716716766357422e+01 -3.745976448059082031e+00 1.635509371757507324e+00
-1.270734596252441406e+01 -3.032810449600219727e+00 3.877378404140472412e-01
-1.031580543518066406e+01 -2.859553575515747070e+00 2.167571932077407837e-01
-8.283479690551757812e+00 -2.621857643127441406e+00 9.250576794147491455e-02
-6.300107002258300781e+00 -2.247510910034179688e+00 8.172153495252132416e-03
-1.025786399841308594e+01 -3.618779659271240234e+00 2.012092590332031250e+00
-1.047395420074462891e+01 -3.686791896820068359e+00 1.637698054313659668e+00
-1.070604038238525391e+01 -3.762186288833618164e+00 1.254817247390747070e+00
-1.086626529693603516e+01 -3.812099695205688477e+00 8.517111539840698242e-01
-1.109021663665771484e+01 -3.884145975112915039e+00 4.411480128765106201e-01
-1.336443519592285156e+01 -3.103086948394775391e+00 4.071988761425018311e-01
-1.036403942108154297e+01 -2.804559946060180664e+00 2.174050062894821167e-01
-8.281262397766113281e+00 -2.565359830856323242e+00 9.230348467826843262e-02
-6.387403488159179688e+00 -2.234568834304809570e+00 8.267448283731937408e-03
-1.067253875732421875e+01 -3.676998615264892578e+00 1.248222827911376953e+00
-1.086870384216308594e+01 -3.738217830657958984e+00 8.500884175300598145e-01
-1.112707233428955078e+01 -3.820567846298217773e+00 4.416732192039489746e-01
-1.198991012573242188e+01 -2.706509828567504883e+00 3.648058176040649414e-01
-1.041681957244873047e+01 -2.750358343124389648e+00 2.181540578603744507e-01
-8.260482788085937500e+00 -2.503477811813354492e+00 9.189892560243606567e-02
-6.290322780609130859e+00 -2.157377481460571289e+00 8.124506101012229919e-03
-1.362021350860595703e+01 -2.986811399459838867e+00 4.138441383838653564e-01
-1.038121509552001953e+01 -2.672928094863891602e+00 2.170608490705490112e-01
-8.137633323669433594e+00 -2.411828756332397461e+00 9.036586433649063110e-02
-6.350835800170898438e+00 -2.134670495986938477e+00 8.185592480003833771e-03
-1.257361793518066406e+01 -2.676547527313232422e+00 3.815375864505767822e-01
-1.040517902374267578e+01 -2.611126661300659180e+00 2.172228097915649414e-01
-8.139792442321777344e+00 -2.358234167098999023e+00 9.022745490074157715e-02
-6.226090431213378906e+00 -2.050308465957641602e+00 8.008441887795925140e-03
-1.322609710693359375e+01 -2.730718851089477539e+00 4.008206427097320557e-01
-1.018791580200195312e+01 -2.490258216857910156e+00 2.123641520738601685e-01
-7.841414928436279297e+00 -2.219728231430053711e+00 8.676741272211074829e-02
-6.296608448028564453e+00 -2.030791282653808594e+00 8.082967251539230347e-03
-1.359741306304931641e+01 -2.720501899719238281e+00 4.115598499774932861e-01
-1.029637718200683594e+01 -2.449916601181030273e+00 2.143076062202453613e-01
-8.183539390563964844e+00 -2.262432098388671875e+00 9.039779752492904663e-02
-6.447221279144287109e+00 -2.035778284072875977e+00 8.260117843747138977e-03
-1.328020095825195312e+01 -2.572390556335449219e+00 4.014733135700225830e-01
-1.031511211395263672e+01 -2.387594938278198242e+00 2.143885791301727295e-01
-8.379729270935058594e+00 -2.261416673660278320e+00 9.240995347499847412e-02
-6.505451679229736328e+00 -2.010352611541748047e+00 8.318761363625526428e-03
-1.371524906158447266e+01 -2.569448947906494141e+00 4.141407907009124756e-01
-1.031591224670410156e+01 -2.321184873580932617e+00 2.141051590442657471e-01
-8.207786560058593750e+00 -2.161073446273803711e+00 9.036586433649063110e-02
-6.376953601837158203e+00 -1.927858948707580566e+00 8.139166980981826782e-03
-1.373567390441894531e+01 -2.486135482788085938e+00 4.142891168594360352e-01
-1.031726360321044922e+01 -2.255068778991699219e+00 2.138419896364212036e-01
-8.238325119018554688e+00 -2.115146636962890625e+00 9.055749326944351196e-02
-6.351263046264648438e+00 -1.877637743949890137e+00 8.091518655419349670e-03
-1.332825374603271484e+01 -2.328025341033935547e+00 4.015622735023498535e-01
-1.030058670043945312e+01 -2.185288667678833008e+00 2.132144123315811157e-01
-8.329721450805664062e+00 -2.084217548370361328e+00 9.141985327005386353e-02
-6.304062366485595703e+00 -1.821697354316711426e+00 8.016993291676044464e-03
-1.357293891906738281e+01 -2.285031557083129883e+00 4.085041880607604980e-01
-1.033142852783203125e+01 -2.125670909881591797e+00 2.135788053274154663e-01
-8.359840393066406250e+00 -2.037329673767089844e+00 9.161148220300674438e-02
-6.226582527160644531e+00 -1.757984519004821777e+00 7.904594764113426208e-03
-1.310421371459960938e+01 -2.123519659042358398e+00 3.939974308013916016e-01
-1.031290149688720703e+01 -2.055983304977416992e+00 2.129309922456741333e-01
-8.393589019775390625e+00 -1.991073966026306152e+00 9.184569865465164185e-02
-6.536100387573242188e+00 -1.802144765853881836e+00 8.283331058919429779e-03
-1.358218002319335938e+01 -2.115529775619506836e+00 4.079702198505401611e-01
-1.033612060546875000e+01 -1.994749784469604492e+00 2.131536751985549927e-01
-8.422210693359375000e+00 -1.943356156349182129e+00 9.202668070793151855e-02
-6.534482002258300781e+00 -1.758627533912658691e+00 8.267448283731937408e-03
-1.384106063842773438e+01 -2.068946123123168945e+00 4.153570830821990967e-01
-1.022138118743896484e+01 -1.907629132270812988e+00 2.105421423912048340e-01
-8.173464775085449219e+00 -1.833212137222290039e+00 8.918412774801254272e-02
-6.535477638244628906e+00 -1.715960144996643066e+00 8.255231194198131561e-03
-1.369320201873779297e+01 -1.961024284362792969e+00 4.105511605739593506e-01
-1.016205024719238281e+01 -1.832103729248046875e+00 2.090845406055450439e-01
-8.130822181701660156e+00 -1.771319389343261719e+00 8.859857171773910522e-02
-6.524570465087890625e+00 -1.670370578765869141e+00 8.228353224694728851e-03
-1.336628818511962891e+01 -1.830582380294799805e+00 4.004053175449371338e-01
-1.019083118438720703e+01 -1.772800445556640625e+00 2.094489485025405884e-01
-8.119036674499511719e+00 -1.716638803482055664e+00 8.835371583700180054e-02
-6.534697055816650391e+00 -1.630305171012878418e+00 8.228353224694728851e-03
-1.368848419189453125e+01 -1.789212584495544434e+00 4.097205102443695068e-01
-1.012756443023681641e+01 -1.697839617729187012e+00 2.079306244850158691e-01
-8.244026184082031250e+00 -1.690287470817565918e+00 8.959932625293731689e-02
-6.456150531768798828e+00 -1.568692684173583984e+00 8.117175661027431488e-03
-1.407216072082519531e+01 -1.751611113548278809e+00 4.208750128746032715e-01
-1.018023300170898438e+01 -1.642513751983642578e+00 2.088011205196380615e-01
-8.242472648620605469e+00 -1.637333393096923828e+00 8.947157114744186401e-02
-6.444244384765625000e+00 -1.523985743522644043e+00 8.090297691524028778e-03
-1.398734951019287109e+01 -1.653964757919311523e+00 4.180270731449127197e-01
-1.020197582244873047e+01 -1.581856369972229004e+00 2.090440541505813599e-01
-8.427152633666992188e+00 -1.620335221290588379e+00 9.136661887168884277e-02
-6.601605892181396484e+00 -1.518488883972167969e+00 8.276000618934631348e-03
-1.401412200927734375e+01 -1.570000767707824707e+00 4.185313880443572998e-01
-1.015314388275146484e+01 -1.510547995567321777e+00 2.078496366739273071e-01
-8.432020187377929688e+00 -1.567682743072509766e+00 9.131338447332382202e-02
-6.593233108520507812e+00 -1.474026441574096680e+00 8.254009298980236053e-03
-1.418650913238525391e+01 -1.501232862472534180e+00 4.233966469764709473e-01
-1.018300724029541016e+01 -1.451183199882507324e+00 2.082747668027877808e-01
-8.418844223022460938e+00 -1.511850357055664062e+00 9.106852114200592041e-02
-6.304098606109619141e+00 -1.368825912475585938e+00 7.881381548941135406e-03
-1.406714534759521484e+01 -1.401375651359558105e+00 4.195697009563446045e-01
-1.026304626464843750e+01 -1.398392677307128906e+00 2.097323685884475708e-01
-8.456534385681152344e+00 -1.465115070343017578e+00 9.137725830078125000e-02
-6.446434974670410156e+00 -1.358366727828979492e+00 8.048758842051029205e-03
-1.345943355560302734e+01 -1.257479429244995117e+00 4.012062847614288330e-01
-1.026052761077880859e+01 -1.333975672721862793e+00 2.095096856355667114e-01
-8.368708610534667969e+00 -1.397063374519348145e+00 9.033392369747161865e-02
-6.636883258819580078e+00 -1.356020092964172363e+00 8.276000618934631348e-03
-1.346888828277587891e+01 -1.175044059753417969e+00 4.012656509876251221e-01
-1.026852035522460938e+01 -1.270993113517761230e+00 2.095096856355667114e-01
-8.317886352539062500e+00 -1.336171865463256836e+00 8.969514071941375732e-02
-6.602897167205810547e+00 -1.306922316551208496e+00 8.223466575145721436e-03
-1.347086334228515625e+01 -1.091974616050720215e+00 4.011173248291015625e-01
-1.029697704315185547e+01 -1.210413932800292969e+00 2.099348157644271851e-01
-8.324940681457519531e+00 -1.284956693649291992e+00 8.968450129032135010e-02
-6.669720649719238281e+00 -1.277671694755554199e+00 8.296770043671131134e-03
-1.349226093292236328e+01 -1.010418057441711426e+00 4.015622735023498535e-01
-1.043139743804931641e+01 -1.161370396614074707e+00 2.125260978937149048e-01
-8.369266510009765625e+00 -1.239270925521850586e+00 9.007841348648071289e-02
-6.662685394287109375e+00 -1.233991265296936035e+00 8.278444409370422363e-03
-1.297168159484863281e+01 -8.914285898208618164e-01 3.858985006809234619e-01
-1.047809982299804688e+01 -1.101523756980895996e+00 2.133358716964721680e-01
-8.749957084655761719e+00 -1.240824103355407715e+00 9.409206360578536987e-02
-6.663241386413574219e+00 -1.191854119300842285e+00 8.269892074167728424e-03
-1.322331714630126953e+01 -8.272342085838317871e-01 3.932260870933532715e-01
-1.055331230163574219e+01 -1.044002056121826172e+00 2.147327363491058350e-01
-8.587965965270996094e+00 -1.164143562316894531e+00 9.227155148983001709e-02
-6.666486740112304688e+00 -1.150266647338867188e+00 8.265005424618721008e-03
-1.261937904357910156e+01 -7.117468714714050293e-01 3.751296699047088623e-01
-1.047589588165283203e+01 -9.714737534523010254e-01 2.130322158336639404e-01
-8.582055091857910156e+00 -1.109759688377380371e+00 9.213314950466156006e-02
-6.668487071990966797e+00 -1.108520269393920898e+00 8.258895948529243469e-03
-4.483366966247558594e+00 -2.252789437770843506e-01 1.332311034202575684e-01
-1.052648353576660156e+01 -9.110559821128845215e-01 2.139432132244110107e-01
-8.587710380554199219e+00 -1.056958317756652832e+00 9.212250262498855591e-02
-6.674175739288330078e+00 -1.067424416542053223e+00 8.257674984633922577e-03
-4.459700107574462891e+00 -1.966643780469894409e-01 1.324894428253173828e-01
-1.055280303955078125e+01 -8.481315374374389648e-01 2.143683433532714844e-01
-8.634754180908203125e+00 -1.009003400802612305e+00 9.255899488925933838e-02
-6.676645755767822266e+00 -1.025844812393188477e+00 8.252787403762340546e-03
-4.509766578674316406e+00 -1.711539626121520996e-01 1.339430958032608032e-01
-1.052689933776855469e+01 -7.810714244842529297e-01 2.137407660484313965e-01
-8.207451820373535156e+00 -9.080595374107360840e-01 8.791720867156982422e-02
-6.685782909393310547e+00 -9.852958321571350098e-01 8.256453089416027069e-03
-1.258509063720703125e+01 -4.003120958805084229e-01 3.737056851387023926e-01
-1.056540870666503906e+01 -7.187721133232116699e-01 2.144290953874588013e-01
-8.605710983276367188e+00 -8.987075090408325195e-01 9.212250262498855591e-02
-6.583771705627441406e+00 -9.290241599082946777e-01 8.123284205794334412e-03
-1.213066196441650391e+01 -3.113628923892974854e-01 3.601482212543487549e-01
-1.056662654876708984e+01 -6.537452340126037598e-01 2.143683433532714844e-01
-8.636937141418457031e+00 -8.484286069869995117e-01 9.239930659532546997e-02
-6.364385128021240234e+00 -8.582718968391418457e-01 7.845951244235038757e-03
-1.206838417053222656e+01 -2.356756627559661865e-01 3.582495748996734619e-01
-4.492111682891845703e+00 -2.502632737159729004e-01 9.109996259212493896e-02
-8.282520294189453125e+00 -7.623322606086730957e-01 8.855599164962768555e-02
-6.881315708160400391e+00 -8.850266337394714355e-01 8.476364426314830780e-03
-1.187670516967773438e+01 -1.590379774570465088e-01 3.525239825248718262e-01
-4.478584289550781250e+00 -2.219531685113906860e-01 9.079629927873611450e-02
-8.679575920104980469e+00 -7.451989650726318359e-01 9.275063872337341309e-02
-6.815149784088134766e+00 -8.340408802032470703e-01 8.388399146497249603e-03
-1.177650451660156250e+01 -8.542855829000473022e-02 3.495277166366577148e-01
-4.487852573394775391e+00 -1.948157846927642822e-01 9.095825254917144775e-02
-8.625174522399902344e+00 -6.872421503067016602e-01 9.212250262498855591e-02
-6.829079151153564453e+00 -7.932466864585876465e-01 8.399395272135734558e-03
-1.132000923156738281e+01 -1.265692524611949921e-02 3.359702229499816895e-01
-4.495957374572753906e+00 -1.675357818603515625e-01 9.109996259212493896e-02
-8.563410758972167969e+00 -6.294680237770080566e-01 9.141985327005386353e-02
-6.801015377044677734e+00 -7.477229237556457520e-01 8.359078317880630493e-03
-1.083609294891357422e+01 5.437403544783592224e-02 3.216117620468139648e-01
-1.057271385192871094e+01 -3.290285170078277588e-01 2.141861468553543091e-01
-8.570103645324707031e+00 -5.771135687828063965e-01 9.145177900791168213e-02
-6.773646354675292969e+00 -7.026767730712890625e-01 8.319983258843421936e-03
-1.076459026336669922e+01 1.200704723596572876e-01 3.195054531097412109e-01
-1.056853675842285156e+01 -2.639995515346527100e-01 2.140646725893020630e-01
-8.836976051330566406e+00 -5.406377315521240234e-01 9.426240622997283936e-02
-6.788777828216552734e+00 -6.621690392494201660e-01 8.333421312272548676e-03
-1.072167587280273438e+01 1.853926926851272583e-01 3.182594776153564453e-01
-1.057195663452148438e+01 -1.991849243640899658e-01 2.141051590442657471e-01
-4.477972507476806641e+00 -2.463887482881546021e-01 4.774868860840797424e-02
-6.903252601623535156e+00 -6.305990219116210938e-01 8.469033986330032349e-03
-4.541447162628173828e+00 -2.243236601352691650e-01 2.136349678039550781e-01
-1.052547645568847656e+01 2.466106116771697998e-01 3.124745786190032959e-01
-1.058297729492187500e+01 -1.344398707151412964e-01 2.143076062202453613e-01
-4.470411777496337891e+00 -2.184685170650482178e-01 4.765287414193153381e-02
-6.900017261505126953e+00 -5.876355767250061035e-01 8.460481651127338409e-03
-4.510803222656250000e+00 -1.950725913047790527e-01 2.121331393718719482e-01
-1.054674434661865234e+01 3.118685781955718994e-01 3.131569027900695801e-01
-1.058060359954833984e+01 -6.948171555995941162e-02 2.142468690872192383e-01
-4.486653327941894531e+00 -1.916746646165847778e-01 4.781256616115570068e-02
-6.773897171020507812e+00 -5.350503921508789062e-01 8.301657624542713165e-03
-1.054962730407714844e+01 3.767547011375427246e-01 3.133052289485931396e-01
-1.058982944488525391e+01 -4.562926478683948517e-03 2.144290953874588013e-01
-4.502733707427978516e+00 -1.646897047758102417e-01 4.797226190567016602e-02
-6.823928356170654297e+00 -4.968897700309753418e-01 8.359078317880630493e-03
-1.056409358978271484e+01 4.421895146369934082e-01 3.138095438480377197e-01
-1.057466125488281250e+01 6.032957136631011963e-02 2.141254097223281860e-01
-8.585538864135742188e+00 -2.612807750701904297e-01 9.145177900791168213e-02
-6.847802162170410156e+00 -4.564061462879180908e-01 8.384734392166137695e-03
-1.056118202209472656e+01 5.070012807846069336e-01 3.138095438480377197e-01
-1.059908485412597656e+01 1.255092918872833252e-01 2.146315127611160278e-01
-8.571986198425292969e+00 -2.082317471504211426e-01 9.129209071397781372e-02
-4.555669784545898438e+00 -2.755691707134246826e-01 5.575976800173521042e-03
-1.416425991058349609e+01 2.497109621763229370e-01 7.994690537452697754e-01
-4.535025119781494141e+00 -2.479897439479827881e-01 1.705091893672943115e-01
-1.055487823486328125e+01 5.716317892074584961e-01 3.137205541133880615e-01
-1.053913593292236328e+01 1.894813179969787598e-01 2.134370952844619751e-01
-8.489120483398437500e+00 -1.541065424680709839e-01 9.039779752492904663e-02
-4.484382629394531250e+00 -2.436504513025283813e-01 5.486790556460618973e-03
-4.507515907287597656e+00 -2.187539488077163696e-01 1.694212406873703003e-01
-1.052523040771484375e+01 6.348199248313903809e-01 3.129492402076721191e-01
-1.054477214813232422e+01 2.543134093284606934e-01 2.135788053274154663e-01
-8.715876579284667969e+00 -1.047306656837463379e-01 9.280385822057723999e-02
-4.466814994812011719e+00 -2.152158319950103760e-01 5.463577341288328171e-03
-4.530738353729248047e+00 -1.920231431722640991e-01 1.702465862035751343e-01
-1.051814556121826172e+01 6.991906166076660156e-01 3.128602206707000732e-01
-1.054301261901855469e+01 3.190101385116577148e-01 2.135788053274154663e-01
-8.695357322692871094e+00 -5.112561956048011780e-02 9.258028864860534668e-02
-4.504020214080810547e+00 -1.893157660961151123e-01 5.507559981197118759e-03
-1.419833755493164062e+01 -3.794556017965078354e-03 6.670930385589599609e-01
-1.050767612457275391e+01 7.632811069488525391e-01 3.126822412014007568e-01
-1.054085731506347656e+01 3.836948275566101074e-01 2.135788053274154663e-01
-8.637510299682617188e+00 2.214184729382395744e-03 9.196280688047409058e-02
-4.513091564178466797e+00 -1.619629710912704468e-01 5.517333745956420898e-03
-1.312129974365234375e+01 7.700546085834503174e-02 6.165002584457397461e-01
-1.053567790985107422e+01 8.303322196006774902e-01 3.136612176895141602e-01
-1.054230022430419922e+01 4.485351145267486572e-01 2.136597931385040283e-01
-8.655332565307617188e+00 5.532796308398246765e-02 9.215443581342697144e-02
-6.871955871582031250e+00 -2.044050544500350952e-01 8.399395272135734558e-03
-1.303368282318115234e+01 1.564715653657913208e-01 6.124171614646911621e-01
-1.052540493011474609e+01 8.945390582084655762e-01 3.135128915309906006e-01
-1.052836418151855469e+01 5.126780867576599121e-01 2.134370952844619751e-01
-8.766815185546875000e+00 1.098380908370018005e-01 9.334682673215866089e-02
-6.849087238311767578e+00 -1.616693288087844849e-01 8.370073512196540833e-03
-1.238729572296142578e+01 2.247365862131118774e-01 5.820990204811096191e-01
-1.048985481262207031e+01 9.563821554183959961e-01 3.126228749752044678e-01
-1.051703453063964844e+01 5.768312811851501465e-01 2.132751494646072388e-01
-8.608013153076171875e+00 1.606796085834503174e-01 9.166470915079116821e-02
-6.861948490142822266e+00 -1.198506355285644531e-01 8.384734392166137695e-03
-1.126425075531005859e+01 2.735096216201782227e-01 5.293942689895629883e-01
-1.051363468170166016e+01 1.023634672164916992e+00 3.135128915309906006e-01
-1.050331783294677734e+01 6.407428979873657227e-01 2.130727022886276245e-01
-8.755810737609863281e+00 2.171889692544937134e-01 9.325101226568222046e-02
-7.019544601440429688e+00 -7.952275127172470093e-02 8.576546795666217804e-03
-1.060843086242675781e+01 7.087956070899963379e-01 6.000102162361145020e-01
-1.145605754852294922e+01 3.485132157802581787e-01 5.384990572929382324e-01
-1.055587387084960938e+01 1.093171000480651855e+00 3.149665296077728271e-01
-1.050417613983154297e+01 7.055130004882812500e-01 2.131739258766174316e-01
-8.766306877136230469e+00 2.712806761264801025e-01 9.337876737117767334e-02
-7.000900745391845703e+00 -3.635148704051971436e-02 8.553333580493927002e-03
-1.272844409942626953e+01 4.654100537300109863e-01 5.984313488006591797e-01
-1.268106460571289062e+01 7.538929115980863571e-03 4.760751724243164062e-01
-1.054101848602294922e+01 1.157047510147094727e+00 3.147291839122772217e-01
-1.044181632995605469e+01 7.657111883163452148e-01 2.119997441768646240e-01
-9.054262161254882812e+00 3.358123898506164551e-01 9.646619856357574463e-02
-6.999992370605468750e+00 6.604975089430809021e-03 8.552111685276031494e-03
-1.170740127563476562e+01 5.000248551368713379e-01 5.505606532096862793e-01
-1.182939910888671875e+01 7.961809635162353516e-02 4.441117346286773682e-01
-1.053669929504394531e+01 1.222049713134765625e+00 3.148182034492492676e-01
-1.040403175354003906e+01 8.271517157554626465e-01 2.113316655158996582e-01
-9.052031517028808594e+00 3.913619816303253174e-01 9.646619856357574463e-02
-6.995819568634033203e+00 4.952767491340637207e-02 8.547225035727024078e-03
-1.210918235778808594e+01 5.916419625282287598e-01 5.696150660514831543e-01
-1.074154376983642578e+01 1.382120847702026367e-01 4.032945930957794189e-01
-1.052999591827392578e+01 1.286800026893615723e+00 3.148478865623474121e-01
-1.045155715942382812e+01 8.954976797103881836e-01 2.124046385288238525e-01
-8.776805877685546875e+00 4.334321916103363037e-01 9.355974942445755005e-02
-6.991384506225585938e+00 9.239942580461502075e-02 8.542337454855442047e-03
-1.196768379211425781e+01 6.583595871925354004e-01 5.631384253501892090e-01
-1.045874309539794922e+01 1.987638026475906372e-01 3.927151262760162354e-01
-1.051694393157958984e+01 1.350749969482421875e+00 3.146995306015014648e-01
-1.051157569885253906e+01 9.656468033790588379e-01 2.137407660484313965e-01
-9.250221252441406250e+00 5.137262344360351562e-01 9.863804280757904053e-02
-7.112663269042968750e+00 1.376567333936691284e-01 8.691389113664627075e-03
-1.177198791503906250e+01 7.200700640678405762e-01 5.541274547576904297e-01
-1.047231101989746094e+01 2.633104622364044189e-01 3.932778835296630859e-01
-1.053619575500488281e+01 1.418990850448608398e+00 3.155301809310913086e-01
-1.045072555541992188e+01 1.024760127067565918e+00 2.126273214817047119e-01
-8.868635177612304688e+00 5.471386909484863281e-01 9.460309147834777832e-02
-6.993722915649414062e+00 1.782894432544708252e-01 8.547225035727024078e-03
-1.170057296752929688e+01 7.877922058105468750e-01 5.509830117225646973e-01
-1.045152091979980469e+01 3.269687294960021973e-01 3.925650715827941895e-01
-1.054411697387695312e+01 1.485984325408935547e+00 3.160345256328582764e-01
-1.053771495819091797e+01 1.098610520362854004e+00 2.145302891731262207e-01
-9.059652328491210938e+00 6.147459745407104492e-01 9.667912125587463379e-02
-6.977504730224609375e+00 2.207245081663131714e-01 8.528898470103740692e-03
-1.172341346740722656e+01 8.616207838058471680e-01 5.522971153259277344e-01
-1.046030235290527344e+01 3.915030062198638916e-01 3.929777443408966064e-01
-1.053084468841552734e+01 1.550071477890014648e+00 3.159158527851104736e-01
-1.053475189208984375e+01 1.163687109947204590e+00 2.146112918853759766e-01
-8.738595962524414062e+00 6.468498706817626953e-01 9.329359978437423706e-02
-6.990009307861328125e+00 2.640620172023773193e-01 8.546003140509128571e-03
-1.175375270843505859e+01 9.363939166069030762e-01 5.539866685867309570e-01
-1.047467517852783203e+01 4.564183652400970459e-01 3.936155140399932861e-01
-1.053694343566894531e+01 1.617084503173828125e+00 3.163905143737792969e-01
-1.053734302520751953e+01 1.229463815689086914e+00 2.148137092590332031e-01
-9.261739730834960938e+00 7.427415251731872559e-01 9.892549365758895874e-02
-6.915327548980712891e+00 3.037436306476593018e-01 8.456816896796226501e-03
-1.206924724578857422e+01 1.036092042922973633e+00 5.691457390785217285e-01
-1.047467231750488281e+01 5.208300948143005371e-01 3.937280774116516113e-01
-1.054853725433349609e+01 1.685176491737365723e+00 3.170431554317474365e-01
-1.055440998077392578e+01 1.297145605087280273e+00 2.153198421001434326e-01
-9.021897315979003906e+00 7.792492508888244629e-01 9.641296416521072388e-02
-6.917328357696533203e+00 3.463695943355560303e-01 8.461703546345233917e-03
-1.203182697296142578e+01 1.107290267944335938e+00 5.676908493041992188e-01
-1.048923778533935547e+01 5.860951542854309082e-01 3.944033384323120117e-01
-1.054391574859619141e+01 1.750851869583129883e+00 3.172211647033691406e-01
-1.055616760253906250e+01 1.363162398338317871e+00 2.155222892761230469e-01
-9.028894424438476562e+00 8.356977701187133789e-01 9.654072672128677368e-02
-7.047863483428955078e+00 3.962732851505279541e-01 8.624194189906120300e-03
-1.204170703887939453e+01 1.182755231857299805e+00 5.684887170791625977e-01
-1.048245239257812500e+01 6.502591967582702637e-01 3.942907750606536865e-01
-1.056646442413330078e+01 1.821287751197814941e+00 3.182297945022583008e-01
-1.054760456085205078e+01 1.427908062934875488e+00 2.155222892761230469e-01
-9.054443359375000000e+00 8.941285014152526855e-01 9.687075018882751465e-02
-7.020348072052001953e+00 4.379541277885437012e-01 8.593650534749031067e-03
-1.218324661254882812e+01 1.272180676460266113e+00 5.755285024642944336e-01
-1.047527503967285156e+01 7.143622040748596191e-01 3.941782712936401367e-01
-1.058657836914062500e+01 1.891714692115783691e+00 3.191791474819183350e-01
-1.054755401611328125e+01 1.493861913681030273e+00 2.157044857740402222e-01
-8.972211837768554688e+00 9.416322112083435059e-01 9.605098515748977661e-02
-6.916765213012695312e+00 4.741150438785552979e-01 8.470255881547927856e-03
-1.201735019683837891e+01 1.329447984695434570e+00 5.680662989616394043e-01
-1.048165607452392578e+01 7.794389128684997559e-01 3.945909142494201660e-01
-1.054823303222656250e+01 1.951726794242858887e+00 3.183781504631042480e-01
-1.055005741119384766e+01 1.560307621955871582e+00 2.159474194049835205e-01
-8.951357841491699219e+00 9.950098395347595215e-01 9.589128941297531128e-02
-6.842923164367675781e+00 5.112566947937011719e-01 8.383513428270816803e-03
-1.216671752929687500e+01 1.421592116355895996e+00 5.755285024642944336e-01
-1.045476245880126953e+01 8.419736623764038086e-01 3.937655687332153320e-01
-1.051936912536621094e+01 2.013218641281127930e+00 3.178738057613372803e-01
-1.055214214324951172e+01 1.626840353012084961e+00 2.161903530359268188e-01
-9.198330879211425781e+00 1.079640150070190430e+00 9.860610216856002808e-02
-7.127716541290283203e+00 5.765344500541687012e-01 8.736592717468738556e-03
-1.364191913604736328e+01 1.678869128227233887e+00 6.457858681678771973e-01
-1.049021720886230469e+01 9.096465706825256348e-01 3.953037261962890625e-01
-1.050779914855957031e+01 2.077920436859130859e+00 3.179034888744354248e-01
-1.053603839874267578e+01 1.690605998039245605e+00 2.160688787698745728e-01
-8.905724525451660156e+00 1.100734114646911621e+00 9.553996473550796509e-02
-7.118067264556884766e+00 6.197380423545837402e-01 8.729262277483940125e-03
-1.364424037933349609e+01 1.764207959175109863e+00 6.463959813117980957e-01
-1.045558261871337891e+01 9.713155031204223633e-01 3.942157626152038574e-01
-1.050562477111816406e+01 2.144554853439331055e+00 3.182297945022583008e-01
-1.052250766754150391e+01 1.754728674888610840e+00 2.160081416368484497e-01
-9.080269813537597656e+00 1.178918361663818359e+00 9.748823940753936768e-02
-7.234607696533203125e+00 6.746366620063781738e-01 8.877092041075229645e-03
-1.364998626708984375e+01 1.850175142288208008e+00 6.471938490867614746e-01
-1.050213146209716797e+01 1.040674090385437012e+00 3.962041139602661133e-01
-1.052356815338134766e+01 2.215565681457519531e+00 3.191791474819183350e-01
-1.050858783721923828e+01 1.818749070167541504e+00 2.159474194049835205e-01
-9.301743507385253906e+00 1.265756607055664062e+00 9.994754195213317871e-02
-7.229336738586425781e+00 7.189157009124755859e-01 8.875870145857334137e-03
-1.265332794189453125e+01 1.794216990470886230e+00 6.004494428634643555e-01
-1.048958492279052734e+01 1.104466557502746582e+00 3.959789872169494629e-01
-1.053028964996337891e+01 2.284545660018920898e+00 3.198021352291107178e-01
-1.049329376220703125e+01 1.882488012313842773e+00 2.158664315938949585e-01
-9.131446838378906250e+00 1.299698948860168457e+00 9.820153564214706421e-02
-7.229762077331542969e+00 7.637858986854553223e-01 8.881978690624237061e-03
-1.248299217224121094e+01 1.848267555236816406e+00 5.928933620452880859e-01
-1.047963047027587891e+01 1.168476343154907227e+00 3.958664536476135254e-01
-1.053851032257080078e+01 2.354127407073974609e+00 3.204844594001770020e-01
-1.050808620452880859e+01 1.951767921447753906e+00 2.164130359888076782e-01
-9.165830612182617188e+00 1.362023949623107910e+00 9.865932911634445190e-02
-7.216989040374755859e+00 8.072432279586791992e-01 8.872205391526222229e-03
-1.268662834167480469e+01 1.958042502403259277e+00 6.031246185302734375e-01
-1.047027873992919922e+01 1.232522487640380859e+00 3.957914113998413086e-01
-1.052971267700195312e+01 2.420089721679687500e+00 3.206624686717987061e-01
-1.048511314392089844e+01 2.014132976531982422e+00 2.161903530359268188e-01
-9.078248023986816406e+00 1.405995488166809082e+00 9.780763089656829834e-02
-7.206934452056884766e+00 8.509243130683898926e-01 8.866096846759319305e-03
-1.188931465148925781e+01 1.909747362136840820e+00 5.657666325569152832e-01
-1.050218772888183594e+01 1.301660299301147461e+00 3.972920477390289307e-01
-1.052439212799072266e+01 2.486951589584350586e+00 3.209590911865234375e-01
-1.052355194091796875e+01 2.088551282882690430e+00 2.172430604696273804e-01
-9.062539100646972656e+00 1.460558295249938965e+00 9.773310273885726929e-02
-7.182722568511962891e+00 8.927856683731079102e-01 8.842883631587028503e-03
-1.452576637268066406e+01 2.424753189086914062e+00 6.919201612472534180e-01
-1.049400329589843750e+01 1.366075992584228516e+00 3.972920477390289307e-01
-1.053418922424316406e+01 2.557612895965576172e+00 3.217304348945617676e-01
-1.053110694885253906e+01 2.157296657562255859e+00 2.176681905984878540e-01
-8.735848426818847656e+00 1.462957143783569336e+00 9.430500119924545288e-02
-7.206856727600097656e+00 9.407241940498352051e-01 8.879534900188446045e-03
-1.444565582275390625e+01 2.502582311630249023e+00 6.888226270675659180e-01
-1.049631500244140625e+01 1.431926250457763672e+00 3.977047502994537354e-01
-1.054933357238769531e+01 2.629938840866088867e+00 3.226797580718994141e-01
-1.052158451080322266e+01 2.222700119018554688e+00 2.177491635084152222e-01
-9.093193054199218750e+00 1.580219984054565430e+00 9.826542437076568604e-02
-7.239589214324951172e+00 9.902120232582092285e-01 8.927182294428348541e-03
-1.382242679595947266e+01 2.482066392898559570e+00 6.598185896873474121e-01
-1.048832035064697266e+01 1.496444463729858398e+00 3.977422416210174561e-01
-1.053687191009521484e+01 2.695609569549560547e+00 3.227984309196472168e-01
-1.052044773101806641e+01 2.289981842041015625e+00 2.180123329162597656e-01
-9.614744186401367188e+00 1.731698036193847656e+00 1.040144264698028564e-01
-7.215559005737304688e+00 1.032065987586975098e+00 8.905191905796527863e-03
-1.473794078826904297e+01 2.739914178848266602e+00 7.043102383613586426e-01
-1.046510314941406250e+01 1.558710455894470215e+00 3.972170054912567139e-01
-1.053560256958007812e+01 2.764270544052124023e+00 3.232730627059936523e-01
-1.054131984710693359e+01 2.362361907958984375e+00 2.187411338090896606e-01
-9.184195518493652344e+00 1.712399244308471680e+00 9.946845471858978271e-02
-7.258542060852050781e+00 1.083703637123107910e+00 8.966278284788131714e-03
-1.227244377136230469e+01 2.359551906585693359e+00 5.871676802635192871e-01
-1.045731735229492188e+01 1.623200297355651855e+00 3.972920477390289307e-01
-1.054836559295654297e+01 2.836911439895629883e+00 3.241927325725555420e-01
-1.054026603698730469e+01 2.430142402648925781e+00 2.190245538949966431e-01
-9.364977836608886719e+00 1.805635452270507812e+00 1.015444770455360413e-01
-6.956310272216796875e+00 1.082255721092224121e+00 8.600980974733829498e-03
-1.275153255462646484e+01 2.532894849777221680e+00 6.108214259147644043e-01
-1.047478294372558594e+01 1.691795945167541504e+00 3.983424901962280273e-01
-1.056930637359619141e+01 2.912202358245849609e+00 3.253793716430664062e-01
-1.050472640991210938e+01 2.489928245544433594e+00 2.185994237661361694e-01
-9.615564346313476562e+00 1.915217280387878418e+00 1.043870449066162109e-01
-7.321694374084472656e+00 1.185159087181091309e+00 9.061573073267936707e-03
-1.048588657379150391e+01 1.759674668312072754e+00 3.991678357124328613e-01
-1.056951618194580078e+01 2.982156753540039062e+00 3.259430229663848877e-01
-1.052227878570556641e+01 2.562380075454711914e+00 2.192877531051635742e-01
-9.176586151123046875e+00 1.886395096778869629e+00 9.974525868892669678e-02
-7.321187496185302734e+00 1.231222748756408691e+00 9.070125408470630646e-03
-1.048867511749267578e+01 1.826381683349609375e+00 3.996930718421936035e-01
-1.055390071868896484e+01 3.047785997390747070e+00 3.260320425033569336e-01
-1.053545665740966797e+01 2.634170770645141602e+00 2.198950797319412231e-01
-9.175599098205566406e+00 1.944946765899658203e+00 9.986236691474914551e-02
-7.242567062377929688e+00 1.263745307922363281e+00 8.982160128653049469e-03
-1.048317146301269531e+01 1.891769409179687500e+00 3.999181687831878662e-01
-1.055992507934570312e+01 3.119849443435668945e+00 3.268033564090728760e-01
-1.054330539703369141e+01 2.704976797103881836e+00 2.204011827707290649e-01
-9.557189941406250000e+00 2.087190151214599609e+00 1.041528210043907166e-01
-7.157920837402343750e+00 1.294282317161560059e+00 8.886865340173244476e-03
-1.047038364410400391e+01 1.955873847007751465e+00 3.998806476593017578e-01
-1.054728126525878906e+01 3.186608791351318359e+00 3.270110189914703369e-01
-1.053714656829833984e+01 2.772416830062866211e+00 2.206238806247711182e-01
-9.635909080505371094e+00 2.166410684585571289e+00 1.051535829901695251e-01
-7.161639690399169922e+00 1.340385794639587402e+00 8.901526220142841339e-03
-1.050724411010742188e+01 2.029557943344116211e+00 4.017564356327056885e-01
-1.046927165985107422e+01 3.233273744583129883e+00 3.252013921737670898e-01
-1.054310417175292969e+01 2.843267202377319336e+00 2.211097478866577148e-01
-9.015492439270019531e+00 2.085119724273681641e+00 9.852093458175659180e-02
-7.401672363281250000e+00 1.432372331619262695e+00 9.210624732077121735e-03
-1.049949359893798828e+01 2.094968795776367188e+00 4.019440114498138428e-01
-7.074824333190917969e+00 2.232592821121215820e+00 2.201828807592391968e-01
-1.055726146697998047e+01 2.916691064834594727e+00 2.217778116464614868e-01
-9.805109024047851562e+00 2.331216335296630859e+00 1.073041334748268127e-01
-7.414317131042480469e+00 1.482073426246643066e+00 9.237502701580524445e-03
-1.054712486267089844e+01 2.171848773956298828e+00 4.042700231075286865e-01
-1.053440666198730469e+01 3.395542621612548828e+00 3.284943401813507080e-01
-1.054301452636718750e+01 2.982502937316894531e+00 2.218587845563888550e-01
-9.540973663330078125e+00 2.330359935760498047e+00 1.045680344104766846e-01
-7.313022136688232422e+00 1.508548259735107422e+00 9.122659452259540558e-03
-1.112596797943115234e+01 2.362297296524047852e+00 4.270045757293701172e-01
-1.055325126647949219e+01 3.473240852355957031e+00 3.297403156757354736e-01
-1.054852390289306641e+01 3.054088592529296875e+00 2.223648875951766968e-01
-9.410105705261230469e+00 2.359672546386718750e+00 1.032904833555221558e-01
-7.435674190521240234e+00 1.581476330757141113e+00 9.287592954933643341e-03
-1.057922744750976562e+01 2.314140796661376953e+00 4.065584540367126465e-01
-1.054311180114746094e+01 3.541748523712158203e+00 3.300963342189788818e-01
-1.054492473602294922e+01 3.123298645019531250e+00 2.226888239383697510e-01
-9.570731163024902344e+00 2.462465763092041016e+00 1.052174568176269531e-01
-7.247071266174316406e+00 1.587903141975402832e+00 9.064015932381153107e-03
-1.053558158874511719e+01 2.372424125671386719e+00 4.054329693317413330e-01
-1.054387474060058594e+01 3.614151954650878906e+00 3.308083117008209229e-01
-1.056000900268554688e+01 3.198375463485717773e+00 2.234176099300384521e-01
-9.864834785461425781e+00 2.602775812149047852e+00 1.086242720484733582e-01
-7.483992099761962891e+00 1.688005924224853516e+00 9.373114444315433502e-03
-1.049356842041015625e+01 2.430710554122924805e+00 4.043825268745422363e-01
-1.055263710021972656e+01 3.689666748046875000e+00 3.317872881889343262e-01
-7.079000473022460938e+00 2.191570520401000977e+00 1.500517576932907104e-01
-9.817790985107421875e+00 2.654903650283813477e+00 1.082835942506790161e-01
-7.208531856536865234e+00 1.672422289848327637e+00 9.040803648531436920e-03
-1.047456741333007812e+01 2.494126319885253906e+00 4.042324721813201904e-01
-1.056934261322021484e+01 3.768445968627929688e+00 3.330332934856414795e-01
-7.035870075225830078e+00 2.225617885589599609e+00 1.494241952896118164e-01
-9.778187751770019531e+00 2.708687782287597656e+00 1.080280840396881104e-01
-7.309024333953857422e+00 1.743066787719726562e+00 9.180081076920032501e-03
-1.050371742248535156e+01 2.569271802902221680e+00 4.059581756591796875e-01
-1.057326316833496094e+01 3.843129396438598633e+00 3.338935673236846924e-01
-7.054428100585937500e+00 2.279197931289672852e+00 1.501125097274780273e-01
-9.699815750122070312e+00 2.751172065734863281e+00 1.073467209935188293e-01
-7.490504741668701172e+00 1.834993362426757812e+00 9.421983733773231506e-03
-1.053040027618408203e+01 2.644382238388061523e+00 4.076088964939117432e-01
-1.058322715759277344e+01 3.920433282852172852e+00 3.349615633487701416e-01
-1.058087825775146484e+01 3.490394115447998047e+00 2.256039977073669434e-01
-9.746131896972656250e+00 2.829034566879272461e+00 1.080493777990341187e-01
-7.487832546234130859e+00 1.883114695549011230e+00 9.432978928089141846e-03
-1.053720188140869141e+01 2.714929580688476562e+00 4.085092842578887939e-01
-1.058889865875244141e+01 3.996591806411743164e+00 3.359109163284301758e-01
-1.053746986389160156e+01 3.547914028167724609e+00 2.251383811235427856e-01
-9.899216651916503906e+00 2.939448118209838867e+00 1.099444255232810974e-01
-7.360910892486572266e+00 1.899292707443237305e+00 9.287592954933643341e-03
-1.053676891326904297e+01 2.783872842788696289e+00 4.091470241546630859e-01
-1.058843421936035156e+01 4.070815086364746094e+00 3.366822302341461182e-01
-1.056656169891357422e+01 3.630044937133789062e+00 2.262315750122070312e-01
-9.922138214111328125e+00 3.012625455856323242e+00 1.104022189974784851e-01
-7.445791721343994141e+00 1.970000386238098145e+00 9.409765712916851044e-03
-1.051852416992187500e+01 2.848211765289306641e+00 4.091095328330993652e-01
-1.058931827545166016e+01 4.145911216735839844e+00 3.375128805637359619e-01
-1.056862163543701172e+01 3.703408241271972656e+00 2.267579287290573120e-01
-7.054667472839355469e+00 2.189351320266723633e+00 7.864427566528320312e-02
-7.488577365875244141e+00 2.030566930770874023e+00 9.479404427111148834e-03
-1.049892425537109375e+01 2.912164449691772461e+00 4.090345203876495361e-01
-1.058874893188476562e+01 4.220800876617431641e+00 3.383138477802276611e-01
-1.055793857574462891e+01 3.772559881210327148e+00 2.270211279392242432e-01
-7.047773361206054688e+00 2.234712362289428711e+00 7.871880382299423218e-02
-7.488502979278564453e+00 2.079957008361816406e+00 9.495287202298641205e-03
-1.050104522705078125e+01 2.982262849807739258e+00 4.098223447799682617e-01
-1.058951187133789062e+01 4.296591281890869141e+00 3.391741812229156494e-01
-1.056183528900146484e+01 3.847194671630859375e+00 2.276082187891006470e-01
-7.055808544158935547e+00 2.285000324249267578e+00 7.896366715431213379e-02
-7.535235404968261719e+00 2.142825126647949219e+00 9.571034461259841919e-03
-1.055643653869628906e+01 3.068114757537841797e+00 4.127110242843627930e-01
-1.058327579498291016e+01 4.369879245758056641e+00 3.398268520832061768e-01
-1.057083511352539062e+01 3.924106597900390625e+00 2.283167690038681030e-01
-9.959142684936523438e+00 3.292888402938842773e+00 1.116797700524330139e-01
-7.538268089294433594e+00 2.193770408630371094e+00 9.591803885996341705e-03
-1.052687644958496094e+01 3.129697561264038086e+00 4.122983813285827637e-01
-1.059681034088134766e+01 4.451768875122070312e+00 3.411321640014648438e-01
-1.057087230682373047e+01 3.998090028762817383e+00 2.288431227207183838e-01
-1.005433940887451172e+01 3.392940998077392578e+00 1.129786148667335510e-01
-7.551501274108886719e+00 2.247971773147583008e+00 9.626012295484542847e-03
-1.052181529998779297e+01 3.198589801788330078e+00 4.128610789775848389e-01
-1.061801052093505859e+01 4.537524223327636719e+00 3.427044749259948730e-01
-1.057319641113281250e+01 4.073299407958984375e+00 2.294301986694335938e-01
-1.009289550781250000e+01 3.475078105926513672e+00 1.136493310332298279e-01
-7.307010173797607422e+00 2.224088430404663086e+00 9.331575594842433929e-03
-1.053730010986328125e+01 3.274061441421508789e+00 4.142491817474365234e-01
-1.061930370330810547e+01 4.615338802337646484e+00 3.436537981033325195e-01
-1.060105609893798828e+01 4.158911228179931641e+00 2.305841296911239624e-01
-9.941186904907226562e+00 3.491218090057373047e+00 1.121801435947418213e-01
-7.067878723144531250e+00 2.198777437210083008e+00 9.043247438967227936e-03
-7.080553531646728516e+00 2.247741699218750000e+00 2.788922786712646484e-01
-1.060266971588134766e+01 4.685663223266601562e+00 3.440394401550292969e-01
-1.059669303894042969e+01 4.232409000396728516e+00 2.310497462749481201e-01
-1.015586948394775391e+01 3.636765241622924805e+00 1.148523613810539246e-01
-6.957998752593994141e+00 2.211510181427001953e+00 8.919851854443550110e-03
-1.051534080505371094e+01 3.409287452697753906e+00 4.149994850158691406e-01
-1.059104347229003906e+01 4.758414745330810547e+00 3.446030914783477783e-01
-1.059830951690673828e+01 4.308645725250244141e+00 2.316571027040481567e-01
-1.008639907836914062e+01 3.681868314743041992e+00 1.143200546503067017e-01
-6.955711841583251953e+00 2.257867097854614258e+00 8.934512734413146973e-03
-1.055493831634521484e+01 3.493841886520385742e+00 4.174005091190338135e-01
-1.058346843719482422e+01 4.833276271820068359e+00 3.453150987625122070e-01
-1.059938812255859375e+01 4.385060787200927734e+00 2.322644293308258057e-01
-1.019201374053955078e+01 3.791451454162597656e+00 1.157786026597023010e-01
-7.514113426208496094e+00 2.490194082260131836e+00 9.671216830611228943e-03
-1.054087638854980469e+01 3.561098814010620117e+00 4.177006483078002930e-01
-1.058171939849853516e+01 4.911169052124023438e+00 3.462347388267517090e-01
-1.062572860717773438e+01 4.472511291503906250e+00 2.334385961294174194e-01
-9.946952819824218750e+00 3.769928216934204102e+00 1.132554188370704651e-01
-6.963477611541748047e+00 2.355229377746582031e+00 8.980939164757728577e-03
-1.056134128570556641e+01 3.640363454818725586e+00 4.193888604640960693e-01
-1.060653400421142578e+01 5.002012729644775391e+00 3.480443954467773438e-01
-1.061554908752441406e+01 4.545102119445800781e+00 2.338232398033142090e-01
-1.017923450469970703e+01 3.929561853408813477e+00 1.161725148558616638e-01
-7.290148258209228516e+00 2.515671014785766602e+00 9.421983733773231506e-03
-1.053503417968750000e+01 3.703772068023681641e+00 4.192387759685516357e-01
-1.057384014129638672e+01 5.066135406494140625e+00 3.479850590229034424e-01
-1.062229442596435547e+01 4.625319957733154297e+00 2.345925271511077881e-01
-1.013166522979736328e+01 3.982800483703613281e+00 1.159063503146171570e-01
-7.625475406646728516e+00 2.683857917785644531e+00 9.876467287540435791e-03
-1.056666946411132812e+01 3.787902593612670898e+00 4.214147031307220459e-01
-1.058300018310546875e+01 5.150603771209716797e+00 3.493200540542602539e-01
-1.061839771270751953e+01 4.701338768005371094e+00 2.351391464471817017e-01
-1.008939838409423828e+01 4.037833213806152344e+00 1.157040819525718689e-01
-7.507211208343505859e+00 2.694116353988647461e+00 9.744520299136638641e-03
-1.057326316833496094e+01 3.863642215728759766e+00 4.226152002811431885e-01
-1.063094711303710938e+01 5.254862785339355469e+00 3.519603312015533447e-01
-1.059846782684326172e+01 4.770507335662841797e+00 2.353415936231613159e-01
-1.017185497283935547e+01 4.143422603607177734e+00 1.169390380382537842e-01
-7.771340847015380859e+00 2.842849493026733398e+00 1.010981760919094086e-02
-1.064019489288330078e+01 3.962272644042968750e+00 4.262542426586151123e-01
-1.060922431945800781e+01 5.325375080108642578e+00 3.523163199424743652e-01
-1.060990905761718750e+01 4.854166507720947266e+00 2.362525910139083862e-01
-1.020720577239990234e+01 4.231029033660888672e+00 1.176416948437690735e-01
-7.684412002563476562e+00 2.864631652832031250e+00 1.001940947026014328e-02
-1.321892738342285156e+01 5.566569328308105469e+00 6.738981604576110840e-01
-1.104079627990722656e+01 4.188768863677978516e+00 4.433239102363586426e-01
-1.060039424896240234e+01 5.402626991271972656e+00 3.531173169612884521e-01
-1.062525367736816406e+01 4.940251827239990234e+00 2.372647970914840698e-01
-1.020869445800781250e+01 4.305236816406250000e+00 1.179610937833786011e-01
-7.807852745056152344e+00 2.965340137481689453e+00 1.020389050245285034e-02
-1.241598510742187500e+01 5.318371772766113281e+00 6.346160173416137695e-01
-1.101768302917480469e+01 4.257515907287597656e+00 4.434364736080169678e-01
-1.059278964996337891e+01 5.480888843536376953e+00 3.539776206016540527e-01
-1.063451766967773438e+01 5.024146080017089844e+00 2.381555587053298950e-01
-1.030522632598876953e+01 4.420618534088134766e+00 1.193877011537551880e-01
-7.841738700866699219e+00 3.033395767211914062e+00 1.027230732142925262e-02
-1.077561664581298828e+01 4.240148067474365234e+00 4.347327947616577148e-01
-1.059878158569335938e+01 5.566697120666503906e+00 3.553126156330108643e-01
-1.062331867218017578e+01 5.098820686340332031e+00 2.386009246110916138e-01
-1.028065776824951172e+01 4.484966754913330078e+00 1.194196417927742004e-01
-7.510357856750488281e+00 2.958313941955566406e+00 9.861806407570838928e-03
-1.062880420684814453e+01 4.257876873016357422e+00 4.298557341098785400e-01
-1.060588169097900391e+01 5.653724670410156250e+00 3.567069172859191895e-01
-1.060531330108642578e+01 5.170480728149414062e+00 2.389046102762222290e-01
-1.024014759063720703e+01 4.542286396026611328e+00 1.192705780267715454e-01
-7.867039203643798828e+00 3.154706954956054688e+00 1.035538595169782639e-02
-1.167586612701416016e+01 4.760673046112060547e+00 4.733740687370300293e-01
-1.062374210357666016e+01 5.747231483459472656e+00 3.584869205951690674e-01
-1.061191558837890625e+01 5.254533290863037109e+00 2.397751212120056152e-01
-1.021390724182128906e+01 4.605855464935302734e+00 1.192918792366981506e-01
-7.845681667327880859e+00 3.202162742614746094e+00 1.035294122993946075e-02
-1.074466323852539062e+01 4.458070755004882812e+00 4.367211461067199707e-01
-1.064260387420654297e+01 5.842131137847900391e+00 3.603262305259704590e-01
-1.061699008941650391e+01 5.338411331176757812e+00 2.406253814697265625e-01
-1.020090675354003906e+01 4.675522804260253906e+00 1.194728612899780273e-01
-7.835121154785156250e+00 3.254078388214111328e+00 1.036515925079584122e-02
-1.221313762664794922e+01 5.155420780181884766e+00 4.976842701435089111e-01
-1.066681003570556641e+01 5.940881252288818359e+00 3.623731732368469238e-01
-1.060985755920410156e+01 5.416638851165771484e+00 2.412124723196029663e-01
-1.017293262481689453e+01 4.738448619842529297e+00 1.194835156202316284e-01
-7.845405101776123047e+00 3.314936637878417969e+00 1.040547620505094528e-02
-1.265508174896240234e+01 5.433700561523437500e+00 5.170423984527587891e-01
-1.064930248260498047e+01 6.017037391662597656e+00 3.630258440971374512e-01
-1.061636734008789062e+01 5.502340793609619141e+00 2.421234846115112305e-01
-1.017349338531494141e+01 4.814895629882812500e+00 1.198348402976989746e-01
-7.903929233551025391e+00 3.396970748901367188e+00 1.051054522395133972e-02
-1.289441108703613281e+01 5.630414962768554688e+00 5.282221436500549316e-01
-1.077348518371582031e+01 6.174716472625732422e+00 3.685437738895416260e-01
-1.062222099304199219e+01 5.588325023651123047e+00 2.430344521999359131e-01
-1.027713394165039062e+01 4.941356658935546875e+00 1.214104890823364258e-01
-7.731747627258300781e+00 3.379323720932006836e+00 1.030896045267581940e-02
-1.288610649108886719e+01 5.721186637878417969e+00 5.293100476264953613e-01
-1.071119880676269531e+01 6.226639270782470703e+00 3.677131235599517822e-01
-1.061683654785156250e+01 5.668936729431152344e+00 2.437025308609008789e-01
-9.813538551330566406e+00 4.792811393737792969e+00 1.162789762020111084e-01
-7.662433624267578125e+00 3.405177593231201172e+00 1.024420745670795441e-02
-1.309850311279296875e+01 5.911964893341064453e+00 5.395143628120422363e-01
-1.066073703765869141e+01 6.285137653350830078e+00 3.672977685928344727e-01
-1.066624069213867188e+01 5.779701232910156250e+00 2.456459999084472656e-01
-1.024349212646484375e+01 5.080874919891357422e+00 1.217405274510383606e-01
-8.003189086914062500e+00 3.615575313568115234e+00 1.072923466563224792e-02
-1.313736820220947266e+01 6.026808738708496094e+00 5.426281690597534180e-01
-1.067344760894775391e+01 6.381207466125488281e+00 3.690777719020843506e-01
-1.065160274505615234e+01 5.856600284576416016e+00 2.461318820714950562e-01
-1.023802185058593750e+01 5.156677246093750000e+00 1.220492720603942871e-01
-8.025382995605468750e+00 3.685060977935791016e+00 1.078909914940595627e-02
-1.359103393554687500e+01 6.336159229278564453e+00 5.629616975784301758e-01
-1.066486263275146484e+01 6.465232372283935547e+00 3.701457381248474121e-01
-1.062594413757324219e+01 5.927691936492919922e+00 2.463748157024383545e-01
-1.024001979827880859e+01 5.236700057983398438e+00 1.224538385868072510e-01
-7.986310005187988281e+00 3.726623296737670898e+00 1.076710876077413559e-02
-1.392397785186767578e+01 6.595683574676513672e+00 5.784182548522949219e-01
-1.064457893371582031e+01 6.542587757110595703e+00 3.708280920982360840e-01
-1.063896846771240234e+01 6.020847797393798828e+00 2.475287318229675293e-01
-1.022189426422119141e+01 5.306805133819580078e+00 1.226241737604141235e-01
-8.020218849182128906e+00 3.802545785903930664e+00 1.084407791495323181e-02
-1.372296333312988281e+01 6.603863239288330078e+00 5.717403888702392578e-01
-1.065598201751708984e+01 6.640024185180664062e+00 3.726377189159393311e-01
-1.065645217895507812e+01 6.117372512817382812e+00 2.488041371107101440e-01
-1.022363948822021484e+01 5.387606143951416016e+00 1.230393722653388977e-01
-8.001240730285644531e+00 3.853854894638061523e+00 1.085018645972013474e-02
-1.363280677795410156e+01 6.663805007934570312e+00 5.696770548820495605e-01
-1.064377117156982422e+01 6.723432540893554688e+00 3.736463487148284912e-01
-1.069906902313232422e+01 6.229428768157958984e+00 2.506868541240692139e-01
-1.030942630767822266e+01 5.513901233673095703e+00 1.244766265153884888e-01
-7.963071346282958984e+00 3.895845890045166016e+00 1.083063893020153046e-02
-1.375098419189453125e+01 6.826421737670898438e+00 5.763548612594604492e-01
-1.068733787536621094e+01 6.843053817749023438e+00 3.766426742076873779e-01
-1.069766330718994141e+01 6.316819190979003906e+00 2.515573799610137939e-01
-1.028506755828857422e+01 5.582302570343017578e+00 1.245937421917915344e-01
-8.099319458007812500e+00 4.024281978607177734e+00 1.104932837188243866e-02
-1.068539428710937500e+01 6.934619903564453125e+00 3.780666291713714600e-01
-1.068958282470703125e+01 6.400830745697021484e+00 2.522861957550048828e-01
-1.029354000091552734e+01 5.668941974639892578e+00 1.251154094934463501e-01
-8.081616401672363281e+00 4.077506065368652344e+00 1.105910167098045349e-02
-1.353185653686523438e+01 6.925904273986816406e+00 5.706899762153625488e-01
-1.067403602600097656e+01 6.480828762054443359e+00 2.528530359268188477e-01
-1.027602005004882812e+01 5.741749763488769531e+00 1.253283321857452393e-01
-8.015504837036132812e+00 4.106044769287109375e+00 1.100290287286043167e-02
-1.305460166931152344e+01 6.783040523529052734e+00 5.523072481155395508e-01
-1.069026184082031250e+01 6.580792903900146484e+00 2.541891634464263916e-01
-1.029888057708740234e+01 5.837731361389160156e+00 1.260416358709335327e-01
-7.793200492858886719e+00 4.052724361419677734e+00 1.073167845606803894e-02
-1.321956729888916016e+01 6.972098827362060547e+00 5.610859394073486328e-01
-1.073789215087890625e+01 6.701313495635986328e+00 2.562945783138275146e-01
-1.025506496429443359e+01 5.896328926086425781e+00 1.259458214044570923e-01
-8.059140205383300781e+00 4.254047393798828125e+00 1.113362796604633331e-02
-1.072360801696777344e+01 6.784178256988525391e+00 2.569423913955688477e-01
-1.045537281036376953e+01 6.097164154052734375e+00 1.288629174232482910e-01
-7.485489845275878906e+00 4.010163307189941406e+00 1.037493348121643066e-02
-1.071292018890380859e+01 6.869818687438964844e+00 2.576914429664611816e-01
-1.040657520294189453e+01 6.154584884643554688e+00 1.287245005369186401e-01
-7.919352054595947266e+00 4.305339813232421875e+00 1.101267710328102112e-02
-1.071834754943847656e+01 6.966478824615478516e+00 2.588453590869903564e-01
-1.036604309082031250e+01 6.216779232025146484e+00 1.286925673484802246e-01
-7.882278442382812500e+00 4.348054885864257812e+00 1.099801622331142426e-02
-1.055496692657470703e+01 6.418466567993164062e+00 1.315244883298873901e-01
-8.131203651428222656e+00 4.550663948059082031e+00 1.138408295810222626e-02
-1.051793861389160156e+01 6.484683990478515625e+00 1.315564215183258057e-01
-7.845719814300537109e+00 4.454329490661621094e+00 1.102245040237903595e-02
-1.064499473571777344e+01 6.653507232666015625e+00 1.336537450551986694e-01
-8.050483703613281250e+00 4.636130332946777344e+00 1.134987454861402512e-02
-1.070026111602783203e+01 6.779708862304687500e+00 1.348674297332763672e-01
-8.177313804626464844e+00 4.776223182678222656e+00 1.156978495419025421e-02
-1.070305252075195312e+01 6.873876094818115234e+00 1.354316771030426025e-01
-8.244216918945312500e+00 4.883388519287109375e+00 1.170661952346563339e-02
-8.515984535217285156e+00 5.992145061492919922e+00 2.108458280563354492e-01
-1.066737842559814453e+01 6.943783760070800781e+00 1.355168521404266357e-01
-8.249244689941406250e+00 4.954993247985839844e+00 1.175670977681875229e-02
-8.290428161621093750e+00 5.049210071563720703e+00 1.185933593660593033e-02
-8.252483367919921875e+00 5.095780849456787109e+00 1.184956170618534088e-02
-8.304128646850585938e+00 5.198320388793945312e+00 1.196929160505533218e-02
-8.389439582824707031e+00 5.323651313781738281e+00 1.213911175727844238e-02
-8.557625770568847656e+00 5.504317760467529297e+00 1.243110466748476028e-02
-8.512309074401855469e+00 5.998309135437011719e+00 1.108706519007682800e-01
-8.356986999511718750e+00 5.448046207427978516e+00 1.218798104673624039e-02
-8.477785110473632812e+00 6.052169799804687500e+00 1.109025925397872925e-01
-8.194077491760253906e+00 5.413777828216552734e+00 1.199861243367195129e-02
-8.631851196289062500e+00 5.779407024383544922e+00 1.269133388996124268e-02
-8.328111648559570312e+00 5.650354385375976562e+00 1.229549292474985123e-02
-7.986736774444580078e+00 5.490607261657714844e+00 1.184100937098264694e-02
-8.288507461547851562e+00 5.773275852203369141e+00 1.234069745987653732e-02
-8.471076011657714844e+00 5.977970600128173828e+00 1.266689877957105637e-02
-8.480605125427246094e+00 6.062985897064208984e+00 1.273653749376535416e-02
-8.489408493041992188e+00 6.148341655731201172e+00 1.280617620795965195e-02
-8.491031646728515625e+00 6.229300498962402344e+00 1.286604069173336029e-02
-8.818655014038085938e+00 6.553267478942871094e+00 1.342315040528774261e-02
-8.715959548950195312e+00 6.560347557067871094e+00 1.332785468548536301e-02
-8.829028129577636719e+00 6.730712413787841797e+00 1.356364879757165909e-02
-8.421875953674316406e+00 6.502418041229248047e+00 1.299920957535505295e-02
-8.730799674987792969e+00 6.826848030090332031e+00 1.354043558239936829e-02
-8.455123901367187500e+00 6.695293426513671875e+00 1.317636109888553619e-02
-8.627643585205078125e+00 6.918460369110107422e+00 1.351111475378274918e-02
-8.376025199890136719e+00 6.887262344360351562e+00 1.324844267219305038e-02
-2.719971895217895508e+00 4.533567905426025391e+00 1.070525795221328735e-01
-2.675302982330322266e+00 4.521776199340820312e+00 1.063845157623291016e-01
-2.696704387664794922e+00 4.501796245574951172e+00 5.587182193994522095e-02
-2.676151275634765625e+00 4.530311584472656250e+00 5.602087080478668213e-02
-2.705566644668579102e+00 4.523639202117919922e+00 6.439740303903818130e-03
-2.616796970367431641e+00 4.436793327331542969e+00 6.293131969869136810e-03
-1.785078831017017365e-02 6.954646706581115723e-01 2.064770646393299103e-02
-3.374234959483146667e-02 6.760814785957336426e-01 3.820142522454261780e-02
-3.449305519461631775e-02 6.960030198097229004e-01 1.411037240177392960e-02
-1.375404931604862213e-02 7.167274951934814453e-01 4.045519605278968811e-02
-5.237193312495946884e-03 7.208740115165710449e-01 6.700213253498077393e-02
-4.608617722988128662e-02 6.914653778076171875e-01 8.466590079478919506e-04
