-2.359024249017238617e-02 -5.691004276275634766e+00 7.927363514900207520e-01
-2.520638704299926758e-02 -5.608582019805908203e+00 5.746501088142395020e-01
-5.853969231247901917e-02 -5.693723678588867188e+00 7.931501865386962891e-01
-5.961952358484268188e-02 -5.608321666717529297e+00 5.746501088142395020e-01
-9.360469877719879150e-02 -5.701179981231689453e+00 7.942539453506469727e-01
-1.286740601062774658e-01 -5.704458713531494141e+00 7.948057651519775391e-01
-1.646913886070251465e-01 -5.774178504943847656e+00 1.020636677742004395e+00
-1.637871861457824707e-01 -5.707521915435791016e+00 7.953576445579528809e-01
-2.239450439810752869e-02 -7.573353648185729980e-01 2.248701266944408417e-02
-2.017896175384521484e-01 -5.821282863616943359e+00 1.029162287712097168e+00
-1.990806758403778076e-01 -5.714328289031982422e+00 7.964613437652587891e-01
-2.372636198997497559e-01 -5.814031600952148438e+00 1.028118371963500977e+00
-2.339365929365158081e-01 -5.708051204681396484e+00 7.957714796066284180e-01
-2.620960026979446411e-02 -5.626935958862304688e+00 7.288221120834350586e-01
-2.867589145898818970e-02 -6.937725543975830078e-01 7.114326953887939453e-02
-2.705777287483215332e-01 -5.762299537658691406e+00 1.019244790077209473e+00
-2.693291902542114258e-01 -5.714423179626464844e+00 7.968752384185791016e-01
-6.084237992763519287e-02 -5.636586189270019531e+00 7.301066517829895020e-01
-3.076006174087524414e-01 -5.791998386383056641e+00 1.024812579154968262e+00
-9.595121443271636963e-02 -5.786417007446289062e+00 9.642943143844604492e-01
-3.045452237129211426e-01 -5.715630054473876953e+00 7.972891330718994141e-01
-9.589675813913345337e-02 -5.663870811462402344e+00 7.337031960487365723e-01
-1.315662264823913574e-01 -5.790649890899658203e+00 9.651161432266235352e-01
-3.403151333332061768e-01 -5.725518226623535156e+00 7.989447116851806641e-01
-1.308079212903976440e-01 -5.670115947723388672e+00 7.346023321151733398e-01
-1.667814850807189941e-01 -5.778887748718261719e+00 9.633081555366516113e-01
-3.758288621902465820e-01 -5.729252338409423828e+00 7.997725009918212891e-01
-1.659440994262695312e-01 -5.681102275848388672e+00 7.361437678337097168e-01
-2.005806714296340942e-01 -5.730437278747558594e+00 9.554189443588256836e-01
-4.125354886054992676e-01 -5.748571872711181641e+00 8.028076291084289551e-01
-2.002739906311035156e-01 -5.665110111236572266e+00 7.342169284820556641e-01
-4.064904749393463135e-01 -5.636776447296142578e+00 5.790328383445739746e-01
-2.352515608072280884e-01 -5.717271804809570312e+00 9.534466266632080078e-01
-2.465158514678478241e-02 -5.735728263854980469e+00 9.002507328987121582e-01
-4.478002786636352539e-01 -5.745932579040527344e+00 8.028076291084289551e-01
-2.347428649663925171e-01 -5.656838417053222656e+00 7.333177924156188965e-01
-2.914862148463726044e-02 -5.637394428253173828e+00 6.772176623344421387e-01
-4.449514448642730713e-01 -5.683764457702636719e+00 5.841290950775146484e-01
-6.021595746278762817e-02 -5.771031856536865234e+00 9.058327674865722656e-01
-4.837123155593872070e-01 -5.750972270965576172e+00 8.039113283157348633e-01
-2.701089084148406982e-01 -5.669159889221191406e+00 7.351161241531372070e-01
-6.376092135906219482e-02 -5.639094829559326172e+00 6.774562001228332520e-01
-4.806551933288574219e-01 -5.690839767456054688e+00 5.851483345031738281e-01
-9.524872899055480957e-02 -5.747835159301757812e+00 9.022665023803710938e-01
-5.187233090400695801e-01 -5.744936943054199219e+00 8.034974932670593262e-01
-3.058480620384216309e-01 -5.685221195220947266e+00 7.374281883239746094e-01
-9.837787598371505737e-02 -5.639590263366699219e+00 6.775754690170288086e-01
-5.147562623023986816e-01 -5.678866863250732422e+00 5.842310190200805664e-01
-5.563417673110961914e-01 -5.766292572021484375e+00 8.069465756416320801e-01
-3.409636020660400391e-01 -5.687197208404541016e+00 7.379420399665832520e-01
-1.333778351545333862e-01 -5.655754566192626953e+00 6.796030402183532715e-01
-5.925219058990478516e-01 -5.770652294158935547e+00 8.080502748489379883e-01
-3.758531510829925537e-01 -5.684998035430908203e+00 7.379420399665832520e-01
-1.681373715400695801e-01 -5.656814575195312500e+00 6.798415780067443848e-01
-6.301701664924621582e-01 -5.787584781646728516e+00 8.109474778175354004e-01
-4.116579890251159668e-01 -5.695443630218505859e+00 7.396118640899658203e-01
-2.029149383306503296e-01 -5.657660484313964844e+00 6.800801157951354980e-01
-6.247076988220214844e-01 -5.718864440917968750e+00 5.894291996955871582e-01
-5.367699861526489258e-01 -6.873025417327880859e+00 1.148705124855041504e+00
-2.291325330734252930e-01 -5.570041656494140625e+00 8.749767541885375977e-01
-2.950336225330829620e-02 -5.718065261840820312e+00 8.433619737625122070e-01
-6.648775339126586914e-01 -5.776721477508544922e+00 8.099817037582397461e-01
-4.460538923740386963e-01 -5.685890197753906250e+00 7.387127280235290527e-01
-2.378759086132049561e-01 -5.662261009216308594e+00 6.807957291603088379e-01
-3.209065273404121399e-02 -5.646492481231689453e+00 6.243861913681030273e-01
-6.612694263458251953e-01 -5.727770328521728516e+00 5.907542109489440918e-01
-2.642852365970611572e-01 -5.589253902435302734e+00 8.782328963279724121e-01
-6.428648531436920166e-02 -5.691067695617675781e+00 8.394223451614379883e-01
-7.013838291168212891e-01 -5.781382083892822266e+00 8.112233877182006836e-01
-4.829404652118682861e-01 -5.706762313842773438e+00 7.417954802513122559e-01
-2.722800970077514648e-01 -5.653752803802490234e+00 6.799608469009399414e-01
-6.656006723642349243e-02 -5.631281375885009766e+00 6.227375864982604980e-01
-6.948398947715759277e-01 -5.710767269134521484e+00 5.894291996955871582e-01
-5.421231985092163086e-01 -6.016550540924072266e+00 1.235629439353942871e+00
-2.965194284915924072e-01 -5.549053668975830078e+00 8.721858263015747070e-01
-7.384736537933349609e-01 -5.789741992950439453e+00 8.130168914794921875e-01
-5.184855461120605469e-01 -5.709617614746093750e+00 7.425661683082580566e-01
-3.078811168670654297e-01 -5.668829441070556641e+00 6.819884777069091797e-01
-1.011652350425720215e-01 -5.633748054504394531e+00 6.230672597885131836e-01
-7.293626070022583008e-01 -5.702449321746826172e+00 5.890214443206787109e-01
-5.782786011695861816e-01 -6.005309581756591797e+00 1.234026312828063965e+00
-3.285053372383117676e-01 -5.512614250183105469e+00 8.667588233947753906e-01
-7.783191204071044922e-01 -5.817497253417968750e+00 8.175696730613708496e-01
-5.538923144340515137e-01 -5.710277080535888672e+00 7.430800199508666992e-01
-3.434376418590545654e-01 -5.679717540740966797e+00 6.835389733314514160e-01
-1.355877071619033813e-01 -5.627058982849121094e+00 6.224077939987182617e-01
-7.687030434608459473e-01 -5.730403423309326172e+00 5.923849940299987793e-01
-6.157149076461791992e-01 -6.007495880126953125e+00 1.235228657722473145e+00
-3.865954577922821045e-01 -5.895350456237792969e+00 1.150541663169860840e+00
-3.645925223827362061e-01 -5.544997215270996094e+00 8.721858263015747070e-01
-8.135879039764404297e-01 -5.809669971466064453e+00 8.171558380126953125e-01
-5.904465317726135254e-01 -5.721568107604980469e+00 7.450067400932312012e-01
-3.786773085594177246e-01 -5.683447360992431641e+00 6.842546463012695312e-01
-1.711334735155105591e-01 -5.659900188446044922e+00 6.261447072029113770e-01
-8.096585869789123535e-01 -5.766953945159912109e+00 5.966657996177673340e-01
-4.918668419122695923e-02 -7.305383682250976562e-01 3.440123796463012695e-02
-6.539409160614013672e-01 -6.016266822814941406e+00 1.237833857536315918e+00
-4.239554107189178467e-01 -5.909511566162109375e+00 1.153791308403015137e+00
-4.012310504913330078e-01 -5.579113960266113281e+00 8.779227733612060547e-01
-8.525176644325256348e-01 -5.827108383178710938e+00 8.203289508819580078e-01
-6.276993155479431152e-01 -5.737554073333740234e+00 7.475757002830505371e-01
-4.135431647300720215e-01 -5.681016921997070312e+00 6.842546463012695312e-01
-2.062923610210418701e-01 -5.670662879943847656e+00 6.274635791778564453e-01
-8.412756323814392090e-01 -5.736286640167236328e+00 5.940157175064086914e-01
-5.669071152806282043e-02 -7.658611536026000977e-01 8.176364004611968994e-03
-6.924095153808593750e-01 -6.025767326354980469e+00 1.240639328956604004e+00
-4.604362845420837402e-01 -5.909735202789306641e+00 1.154364824295043945e+00
-2.389170825481414795e-01 -5.784848213195800781e+00 1.070981860160827637e+00
-8.884055614471435547e-01 -5.822747230529785156e+00 8.204669356346130371e-01
-6.647148728370666504e-01 -5.749357223510742188e+00 7.496309280395507812e-01
-4.488623738288879395e-01 -5.684310913085937500e+00 6.849702596664428711e-01
-2.411252260208129883e-01 -5.670283317565917969e+00 6.275734901428222656e-01
-8.760058283805847168e-01 -5.728066921234130859e+00 5.937100052833557129e-01
-7.298411130905151367e-01 -6.025295257568359375e+00 1.241440892219543457e+00
-4.956198334693908691e-01 -5.894083023071289062e+00 1.151879906654357910e+00
-2.786021530628204346e-01 -5.871672153472900391e+00 1.087352156639099121e+00
-2.743338346481323242e-01 -5.697690963745117188e+00 8.413192033767700195e-01
-9.264473915100097656e-01 -5.831858634948730469e+00 8.225364089012145996e-01
-7.006994485855102539e-01 -5.751077175140380859e+00 7.504016160964965820e-01
-4.844902753829956055e-01 -5.690353393554687500e+00 6.860436797142028809e-01
-2.762028276920318604e-01 -5.674653530120849609e+00 6.282329559326171875e-01
-9.216161370277404785e-01 -5.788405895233154297e+00 6.005389094352722168e-01
-7.687783241271972656e-01 -6.036253929138183594e+00 1.244647264480590820e+00
-5.297462344169616699e-01 -5.868446350097656250e+00 1.147483348846435547e+00
-3.144669234752655029e-01 -5.866906642913818359e+00 1.086806535720825195e+00
-1.127990722656250000e+00 -6.837243556976318359e+00 1.224381208419799805e+00
-3.101472556591033936e-01 -5.711705684661865234e+00 8.436537384986877441e-01
-9.631819128990173340e-01 -5.831927776336669922e+00 8.233641982078552246e-01
-7.374858856201171875e-01 -5.758473396301269531e+00 7.519429922103881836e-01
-5.193964838981628418e-01 -5.687273502349853516e+00 6.860436797142028809e-01
-3.108534216880798340e-01 -5.669874668121337891e+00 6.279032230377197266e-01
-9.600397348403930664e-01 -5.800308227539062500e+00 6.023735404014587402e-01
-8.065800666809082031e-01 -6.037249565124511719e+00 1.245849609375000000e+00
-3.491692543029785156e-01 -5.843271732330322266e+00 1.082804799079895020e+00
-3.473370373249053955e-01 -5.745244979858398438e+00 8.489065766334533691e-01
-9.999521374702453613e-01 -5.831765174865722656e+00 8.241919875144958496e-01
-7.745215296745300293e-01 -5.766617298126220703e+00 7.536128163337707520e-01
-5.554395318031311035e-01 -5.695837497711181641e+00 6.874749064445495605e-01
-3.460607528686523438e-01 -5.674805164337158203e+00 6.286725997924804688e-01
-9.964540600776672363e-01 -5.799210548400878906e+00 6.028832197189331055e-01
-8.455084562301635742e-01 -6.045770645141601562e+00 1.248655080795288086e+00
-3.825586438179016113e-01 -5.803734302520751953e+00 1.075893044471740723e+00
-3.832402229309082031e-01 -5.752876758575439453e+00 8.503656387329101562e-01
-1.039010405540466309e+00 -5.844047546386718750e+00 8.268132805824279785e-01
-8.122369647026062012e-01 -5.778451442718505859e+00 7.557964920997619629e-01
-5.937581062316894531e-01 -5.724911689758300781e+00 6.914108395576477051e-01
-3.806078433990478516e-01 -5.668608188629150391e+00 6.282329559326171875e-01
-1.032890915870666504e+00 -5.797883510589599609e+00 6.033927798271179199e-01
-1.033295392990112305e-01 -7.295680046081542969e-01 1.492015086114406586e-02
-8.848549723625183105e-01 -6.055979251861572266e+00 1.251861333847045898e+00
-1.079953432083129883e+00 -5.871037006378173828e+00 1.054739117622375488e+00
-4.184601902961730957e-01 -5.749430179595947266e+00 8.502197265625000000e-01
-1.079512238502502441e+00 -5.862887382507324219e+00 8.304002285003662109e-01
-8.541604876518249512e-01 -5.817512989044189453e+00 7.615767121315002441e-01
-6.305015683174133301e-01 -5.735964298248291016e+00 6.931998729705810547e-01
-4.163273274898529053e-01 -5.679052829742431641e+00 6.296617388725280762e-01
-1.072417259216308594e+00 -5.812959194183349609e+00 6.056351661682128906e-01
-1.057562977075576782e-01 -7.150737047195434570e-01 1.463672798126935959e-02
-9.240633249282836914e-01 -6.063995361328125000e+00 1.254666805267333984e+00
-4.562997519969940186e-01 -5.779299736022949219e+00 8.550347685813903809e-01
-1.116948604583740234e+00 -5.863937377929687500e+00 8.315039873123168945e-01
-8.919411897659301758e-01 -5.825886249542236328e+00 7.633749842643737793e-01
-6.633942127227783203e-01 -5.712263107299804688e+00 6.908144950866699219e-01
-4.517167508602142334e-01 -5.683327198028564453e+00 6.304310560226440430e-01
-1.110861897468566895e+00 -5.820926666259765625e+00 6.071640253067016602e-01
-5.774304270744323730e-02 -7.217161059379577637e-01 5.355003476142883301e-02
-9.637104272842407227e-01 -6.073693275451660156e+00 1.257873177528381348e+00
-5.026404261589050293e-01 -5.953462123870849609e+00 1.105177640914916992e+00
-1.194673895835876465e+00 -6.074745655059814453e+00 1.093887329101562500e+00
-4.921718835830688477e-01 -5.781320095062255859e+00 8.557643294334411621e-01
-1.154820919036865234e+00 -5.866691112518310547e+00 8.328835964202880859e-01
-9.251737594604492188e-01 -5.804634094238281250e+00 7.613197565078735352e-01
-6.987932324409484863e-01 -5.711041450500488281e+00 6.911722421646118164e-01
-4.875136017799377441e-01 -5.691341876983642578e+00 6.316400766372680664e-01
-1.148674726486206055e+00 -5.824737071990966797e+00 6.082851886749267578e-01
-1.143398165702819824e+00 -5.787338256835937500e+00 3.887225389480590820e-01
-1.159958958625793457e+00 -5.865776062011718750e+00 1.774634867906570435e-01
-1.005743741989135742e+00 -6.096664905548095703e+00 1.263885021209716797e+00
-7.674906253814697266e-01 -6.018285274505615234e+00 1.181508302688598633e+00
-6.161836385726928711e-01 -6.800303936004638672e+00 1.263060092926025391e+00
-1.034699797630310059e+00 -6.258588314056396484e+00 1.056992769241333008e+00
-5.285357832908630371e-01 -5.788043498992919922e+00 8.572234511375427246e-01
-1.196911215782165527e+00 -5.889583587646484375e+00 8.371604681015014648e-01
-9.628802537918090820e-01 -5.811566829681396484e+00 7.629896402359008789e-01
-7.381278276443481445e-01 -5.740128040313720703e+00 6.952275037765502930e-01
-5.224258303642272949e-01 -5.688243389129638672e+00 6.316400766372680664e-01
-1.185782194137573242e+00 -5.824402809143066406e+00 6.089986562728881836e-01
-1.187860369682312012e+00 -5.824210166931152344e+00 3.916813731193542480e-01
-1.198927640914916992e+00 -5.873238563537597656e+00 1.779084652662277222e-01
-1.042967796325683594e+00 -6.089413642883300781e+00 1.263684630393981934e+00
-8.292606472969055176e-01 -6.199285984039306641e+00 1.218018293380737305e+00
-5.662487149238586426e-01 -5.807337760925292969e+00 8.605793714523315430e-01
-1.235464930534362793e+00 -5.893761157989501953e+00 8.388160467147827148e-01
-9.986894130706787109e-01 -5.806527137756347656e+00 7.631181478500366211e-01
-7.759881019592285156e-01 -5.755170345306396484e+00 6.976128816604614258e-01
-5.587730407714843750e-01 -5.699768543243408203e+00 6.332886815071105957e-01
-1.228039622306823730e+00 -5.848171710968017578e+00 6.122602224349975586e-01
-1.224190950393676758e+00 -5.819741725921630859e+00 3.918786346912384033e-01
-1.238649249076843262e+00 -5.883378028869628906e+00 1.784424632787704468e-01
-1.079969525337219238e+00 -6.080970287322998047e+00 1.263283848762512207e+00
-8.465946912765502930e-01 -6.046325206756591797e+00 1.188963174819946289e+00
-7.183263897895812988e-01 -6.974164962768554688e+00 1.296892046928405762e+00
-1.064243793487548828e+00 -5.980298042297363281e+00 1.012122869491577148e+00
-6.016671657562255859e-01 -5.801785945892333984e+00 8.602875471115112305e-01
-1.275578975677490234e+00 -5.904463291168212891e+00 8.414373397827148438e-01
-1.035343408584594727e+00 -5.806148052215576172e+00 7.638888359069824219e-01
-8.122574687004089355e-01 -5.757182598114013672e+00 6.984478235244750977e-01
-5.957965254783630371e-01 -5.716004371643066406e+00 6.354868412017822266e-01
-1.264320969581604004e+00 -5.842470645904541016e+00 6.124640703201293945e-01
-1.035766720771789551e+00 -5.796813011169433594e+00 5.473074913024902344e-01
-1.261568307876586914e+00 -5.819921970367431641e+00 3.924046456813812256e-01
-1.274089813232421875e+00 -5.872735977172851562e+00 1.783534586429595947e-01
-1.242869421839714050e-01 -6.927955746650695801e-01 1.425208430737257004e-02
-1.124527692794799805e+00 -6.113734722137451172e+00 1.271499991416931152e+00
-9.128027558326721191e-01 -6.240117549896240234e+00 1.228149294853210449e+00
-1.103778600692749023e+00 -5.989175796508789062e+00 1.014752507209777832e+00
-6.370387077331542969e-01 -5.796018123626708984e+00 8.599957227706909180e-01
-1.315010190010070801e+00 -5.911027431488037109e+00 8.435068130493164062e-01
-1.072750449180603027e+00 -5.809437751770019531e+00 7.651733160018920898e-01
-8.464096784591674805e-01 -5.744231700897216797e+00 6.974936127662658691e-01
-6.312944889068603516e-01 -5.716193199157714844e+00 6.359264850616455078e-01
-1.303824186325073242e+00 -5.851109981536865234e+00 6.141968369483947754e-01
-1.072402715682983398e+00 -5.796222686767578125e+00 5.478627085685729980e-01
-1.300515413284301758e+00 -5.826679706573486328e+00 3.933908939361572266e-01
-1.311625719070434570e+00 -5.871636390686035156e+00 1.785611212253570557e-01
-1.165499448776245117e+00 -6.125006198883056641e+00 1.275307536125183105e+00
-9.426366686820983887e-01 -6.179090499877929688e+00 1.217253684997558594e+00
-1.123327016830444336e+00 -5.892178535461425781e+00 9.994671940803527832e-01
-6.737315654754638672e-01 -5.801827430725097656e+00 8.614548444747924805e-01
-1.350812911987304688e+00 -5.900916576385498047e+00 8.432309031486511230e-01
-1.111725449562072754e+00 -5.820280075073242188e+00 7.674853801727294922e-01
-8.857102394104003906e-01 -5.765427112579345703e+00 7.007139325141906738e-01
-6.681991815567016602e-01 -5.728007793426513672e+00 6.376850008964538574e-01
-1.342369198799133301e+00 -5.854634761810302734e+00 6.154198646545410156e-01
-1.115620732307434082e+00 -5.829630374908447266e+00 5.516570210456848145e-01
-1.342496275901794434e+00 -5.845820426940917969e+00 3.952319324016571045e-01
-1.348748207092285156e+00 -5.868349075317382812e+00 1.787094622850418091e-01
-1.205139279365539551e+00 -6.128314018249511719e+00 1.277511835098266602e+00
-9.679068922996520996e-01 -6.093698501586914062e+00 1.201579213142395020e+00
-1.174713134765625000e+00 -5.962598800659179688e+00 1.012615919113159180e+00
-7.105196714401245117e-01 -5.807404041290283203e+00 8.629139661788940430e-01
-1.393802642822265625e+00 -5.921439647674560547e+00 8.473697304725646973e-01
-1.150681734085083008e+00 -5.829889297485351562e+00 7.696689963340759277e-01
-9.237347245216369629e-01 -5.776550292968750000e+00 7.027415037155151367e-01
-7.066060304641723633e-01 -5.750436305999755859e+00 6.406525373458862305e-01
-1.379865050315856934e+00 -5.853065490722656250e+00 6.161333322525024414e-01
-1.152142286300659180e+00 -5.826582431793212891e+00 5.520272254943847656e-01
-1.380403995513916016e+00 -5.846213817596435547e+00 3.958237171173095703e-01
-1.153428673744201660e+00 -5.822407245635986328e+00 3.349667489528656006e-01
-1.390936732292175293e+00 -5.886227607727050781e+00 1.795104444026947021e-01
-1.244278669357299805e+00 -6.128485202789306641e+00 1.279114961624145508e+00
-9.896445274353027344e-01 -5.986468315124511719e+00 9.523493051528930664e-01
-7.495463490486145020e-01 -5.829428195953369141e+00 8.668535351753234863e-01
-1.434067964553833008e+00 -5.929141521453857422e+00 8.497151136398315430e-01
-1.192173719406127930e+00 -5.850899696350097656e+00 7.733940482139587402e-01
-9.620918631553649902e-01 -5.788403511047363281e+00 7.048884034156799316e-01
-7.425130605697631836e-01 -5.750920772552490234e+00 6.412020325660705566e-01
-1.416455507278442383e+00 -5.847389698028564453e+00 6.164391636848449707e-01
-1.188270211219787598e+00 -5.821354866027832031e+00 5.522122979164123535e-01
-1.110131070017814636e-01 -6.664693951606750488e-01 5.637981742620468140e-02
-1.420013785362243652e+00 -5.853148460388183594e+00 3.968757390975952148e-01
-1.194933295249938965e+00 -5.843587398529052734e+00 3.366007506847381592e-01
-1.200617104768753052e-01 -7.192436456680297852e-01 3.426044061779975891e-02
-1.433631181716918945e+00 -5.904779911041259766e+00 1.803411096334457397e-01
-1.210068345069885254e+00 -5.907096385955810547e+00 1.220941990613937378e-01
-1.285473823547363281e+00 -6.137995243072509766e+00 1.282722115516662598e+00
-1.021345019340515137e+00 -5.951073169708251953e+00 9.476976990699768066e-01
-7.876801490783691406e-01 -5.842366695404052734e+00 8.694798946380615234e-01
-1.473525166511535645e+00 -5.932726860046386719e+00 8.515086770057678223e-01
-1.231723070144653320e+00 -5.860944271087646484e+00 7.757061719894409180e-01
-9.987723231315612793e-01 -5.789239883422851562e+00 7.057232856750488281e-01
-7.785860300064086914e-01 -5.752166271209716797e+00 6.418614983558654785e-01
-1.458311080932617188e+00 -5.862722873687744141e+00 6.189872622489929199e-01
-1.226223230361938477e+00 -5.824671745300292969e+00 5.532302856445312500e-01
-1.459278106689453125e+00 -5.857880592346191406e+00 3.977962434291839600e-01
-1.228500127792358398e+00 -5.825399398803710938e+00 3.359809517860412598e-01
-1.471285939216613770e+00 -5.901691436767578125e+00 1.805191040039062500e-01
-1.247737407684326172e+00 -5.906407833099365234e+00 1.222359091043472290e-01
-1.326625585556030273e+00 -6.146272182464599609e+00 1.286128759384155273e+00
-1.080079793930053711e+00 -6.075816631317138672e+00 1.201770424842834473e+00
-1.040706396102905273e+00 -5.848404407501220703e+00 9.323472380638122559e-01
-8.235134482383728027e-01 -5.837423324584960938e+00 8.694798946380615234e-01
-1.512590885162353516e+00 -5.934130668640136719e+00 8.530262112617492676e-01
-1.269341230392456055e+00 -5.861030101776123047e+00 7.767337560653686523e-01
-1.035324454307556152e+00 -5.788866996765136719e+00 7.064388990402221680e-01
-8.138659596443176270e-01 -5.747281074523925781e+00 6.418614983558654785e-01
-1.503360390663146973e+00 -5.889327526092529297e+00 6.227584481239318848e-01
-1.265106201171875000e+00 -5.831634521484375000e+00 5.546184778213500977e-01
-1.499642491340637207e+00 -5.866218090057373047e+00 3.989797830581665039e-01
-1.267613172531127930e+00 -5.833361625671386719e+00 3.368824422359466553e-01
-1.513168215751647949e+00 -5.914824962615966797e+00 1.812014281749725342e-01
-1.287144660949707031e+00 -5.913294792175292969e+00 1.225395798683166504e-01
-1.368990182876586914e+00 -6.159057140350341797e+00 1.290537476539611816e+00
-8.632091879844665527e-01 -5.858686447143554688e+00 8.734194636344909668e-01
-1.551478862762451172e+00 -5.934320449829101562e+00 8.544058799743652344e-01
-1.309597015380859375e+00 -5.872489929199218750e+00 7.793027162551879883e-01
-1.075344562530517578e+00 -5.806811809539794922e+00 7.094206809997558594e-01
-8.521686196327209473e-01 -5.762826919555664062e+00 6.441695690155029297e-01
-1.542743802070617676e+00 -5.892503261566162109e+00 6.240834593772888184e-01
-1.305857062339782715e+00 -5.846112251281738281e+00 5.567469596862792969e-01
-1.542694568634033203e+00 -5.883932113647460938e+00 4.008208215236663818e-01
-1.302510142326354980e+00 -5.821577072143554688e+00 3.366571068763732910e-01
-1.555520653724670410e+00 -5.928633213043212891e+00 1.819134205579757690e-01
-1.322091937065124512e+00 -5.899432182312011719e+00 1.224181130528450012e-01
-1.411998152732849121e+00 -6.173462390899658203e+00 1.295346856117248535e+00
-1.161169171333312988e+00 -6.096817493438720703e+00 1.208651900291442871e+00
-1.121276855468750000e+00 -5.881773471832275391e+00 9.397898912429809570e-01
-8.977893590927124023e-01 -5.844479084014892578e+00 8.721063137054443359e-01
-1.596579432487487793e+00 -5.957215785980224609e+00 8.590965867042541504e-01
-1.342943787574768066e+00 -5.852744579315185547e+00 7.777613401412963867e-01
-1.116557478904724121e+00 -5.829358100891113281e+00 7.129987478256225586e-01
-8.890269398689270020e-01 -5.767313480377197266e+00 6.452686786651611328e-01
-1.579901933670043945e+00 -5.886769294738769531e+00 6.244911551475524902e-01
-1.346609950065612793e+00 -5.859338760375976562e+00 5.587829351425170898e-01
-1.111088156700134277e+00 -5.789864063262939453e+00 4.919513463973999023e-01
-1.584466338157653809e+00 -5.895555973052978516e+00 4.022673666477203369e-01
-1.343357443809509277e+00 -5.835853576660156250e+00 3.379530012607574463e-01
-1.597579956054687500e+00 -5.940212726593017578e+00 1.825660765171051025e-01
-1.367474555969238281e+00 -5.931152343750000000e+00 1.232481375336647034e-01
-1.715457201004028320e+00 -6.251494407653808594e+00 1.145388960838317871e+00
-1.159637093544006348e+00 -5.886414051055908203e+00 9.416505098342895508e-01
-9.350392818450927734e-01 -5.847652435302734375e+00 8.734194636344909668e-01
-1.636773824691772461e+00 -5.960678100585937500e+00 8.610280752182006836e-01
-1.383839964866638184e+00 -5.865628719329833984e+00 7.805871963500976562e-01
-1.155581593513488770e+00 -5.838955402374267578e+00 7.150263786315917969e-01
-9.270744919776916504e-01 -5.778433799743652344e+00 6.471371054649353027e-01
-1.626806378364562988e+00 -5.916291236877441406e+00 6.286700367927551270e-01
-1.386429429054260254e+00 -5.867439270019531250e+00 5.603561997413635254e-01
-1.152407407760620117e+00 -5.812262535095214844e+00 4.944460093975067139e-01
-1.625114083290100098e+00 -5.902076721191406250e+00 4.033851325511932373e-01
-1.384888648986816406e+00 -5.851790428161621094e+00 3.393616080284118652e-01
-1.165151238441467285e+00 -5.865803241729736328e+00 2.809825837612152100e-01
-1.639308691024780273e+00 -5.949571132659912109e+00 1.831593960523605347e-01
-1.412373661994934082e+00 -5.958645343780517578e+00 1.239971816539764404e-01
-9.746327400207519531e-01 -5.864251136779785156e+00 8.767754435539245605e-01
-1.675998210906982422e+00 -5.960057735443115234e+00 8.624077439308166504e-01
-1.423309445381164551e+00 -5.871484756469726562e+00 7.825139760971069336e-01
-1.194368004798889160e+00 -5.846346378326416016e+00 7.168154120445251465e-01
-9.664360284805297852e-01 -5.796165943145751953e+00 6.497748494148254395e-01
-1.665234446525573730e+00 -5.913858413696289062e+00 6.294854283332824707e-01
-1.424049615859985352e+00 -5.865594863891601562e+00 5.610040426254272461e-01
-1.190646648406982422e+00 -5.817774295806884766e+00 4.955270290374755859e-01
-1.666713714599609375e+00 -5.911201953887939453e+00 4.047001600265502930e-01
-1.424070835113525391e+00 -5.856764316558837891e+00 3.401504158973693848e-01
-1.201522350311279297e+00 -5.860500335693359375e+00 2.810764312744140625e-01
-1.684469342231750488e+00 -5.970184803009033203e+00 1.841087192296981812e-01
-1.453166604042053223e+00 -5.967351913452148438e+00 1.243615746498107910e-01
-1.011774063110351562e+00 -5.864984512329101562e+00 8.777968287467956543e-01
-1.719111919403076172e+00 -5.972504615783691406e+00 8.657188415527343750e-01
-1.467214345932006836e+00 -5.894398212432861328e+00 7.867528200149536133e-01
-1.231036782264709473e+00 -5.842793941497802734e+00 7.172925472259521484e-01
-1.006558537483215332e+00 -5.816570281982421875e+00 6.527423858642578125e-01
-1.703418374061584473e+00 -5.910220623016357422e+00 6.301988959312438965e-01
-1.463385343551635742e+00 -5.870272636413574219e+00 5.622996091842651367e-01
-1.229614138603210449e+00 -5.825960159301757812e+00 4.968575537204742432e-01
-1.707103013992309570e+00 -5.915244579315185547e+00 4.056864082813262939e-01
-1.466510176658630371e+00 -5.874070644378662109e+00 3.416717052459716797e-01
-1.239732027053833008e+00 -5.863768100738525391e+00 2.815926969051361084e-01
-1.723011255264282227e+00 -5.966458797454833984e+00 1.843163818120956421e-01
-1.491209268569946289e+00 -5.964142799377441406e+00 1.244830414652824402e-01
-1.826065778732299805e+00 -6.204689025878906250e+00 1.142778992652893066e+00
-1.053140759468078613e+00 -5.888855457305908203e+00 8.823200464248657227e-01
-1.759083747863769531e+00 -5.973245143890380859e+00 8.673744201660156250e-01
-1.508017420768737793e+00 -5.903540611267089844e+00 7.891933321952819824e-01
-1.273815870285034180e+00 -5.867148876190185547e+00 7.212284803390502930e-01
-1.042580366134643555e+00 -5.812241554260253906e+00 6.529622077941894531e-01
-1.743027091026306152e+00 -5.911107540130615234e+00 6.314220428466796875e-01
-1.504312515258789062e+00 -5.880475997924804688e+00 5.641505122184753418e-01
-1.269150376319885254e+00 -5.835833549499511719e+00 4.983543753623962402e-01
-1.746756792068481445e+00 -5.916142463684082031e+00 4.064754247665405273e-01
-1.508967399597167969e+00 -5.890108585357666016e+00 3.431366682052612305e-01
-1.277601480484008789e+00 -5.864834785461425781e+00 2.820150554180145264e-01
-1.764969348907470703e+00 -5.973988056182861328e+00 1.848800480365753174e-01
-1.536721110343933105e+00 -5.989744663238525391e+00 1.252118498086929321e-01
-1.127996563911437988e+00 -6.115345001220703125e+00 1.150286912918090820e+00
-1.861832141876220703e+00 -6.185824394226074219e+00 1.141387104988098145e+00
-1.088533759117126465e+00 -5.878391742706298828e+00 8.817363977432250977e-01
-1.805412888526916504e+00 -5.994583129882812500e+00 8.720651268959045410e-01
-1.548987865447998047e+00 -5.912404060363769531e+00 7.916338443756103516e-01
-1.312824487686157227e+00 -5.872787475585937500e+00 7.228982448577880859e-01
-1.078949928283691406e+00 -5.809643745422363281e+00 6.534017920494079590e-01
-1.785295486450195312e+00 -5.920301914215087891e+00 6.335624456405639648e-01
-1.544156312942504883e+00 -5.885581493377685547e+00 5.655386447906494141e-01
-1.314297318458557129e+00 -5.869751930236816406e+00 5.019300580024719238e-01
-1.785620570182800293e+00 -5.913910865783691406e+00 4.070672094821929932e-01
-1.547363400459289551e+00 -5.889429569244384766e+00 3.436437845230102539e-01
-1.316842436790466309e+00 -5.871505260467529297e+00 2.827190458774566650e-01
-1.793497443199157715e+00 -5.936254501342773438e+00 1.840493977069854736e-01
-1.574207663536071777e+00 -5.983103275299072266e+00 1.252725720405578613e-01
-1.125690102577209473e+00 -5.899675369262695312e+00 1.110998153686523438e+00
-1.902648568153381348e+00 -6.183695793151855469e+00 1.143126964569091797e+00
-1.128490447998046875e+00 -5.892005920410156250e+00 8.848004937171936035e-01
-1.852069854736328125e+00 -6.015577316284179688e+00 8.767559528350830078e-01
-1.588580369949340820e+00 -5.915239334106445312e+00 7.933036684989929199e-01
-1.349724650382995605e+00 -5.868492126464843750e+00 7.233752608299255371e-01
-1.120388865470886230e+00 -5.833173274993896484e+00 6.568089723587036133e-01
-1.822760462760925293e+00 -5.913038730621337891e+00 6.339701414108276367e-01
-1.585670948028564453e+00 -5.896188735961914062e+00 5.674821138381958008e-01
-1.355210185050964355e+00 -5.882941246032714844e+00 5.037595033645629883e-01
-1.118157625198364258e+00 -5.805146217346191406e+00 4.372515678405761719e-01
-1.823051095008850098e+00 -5.906656742095947266e+00 4.073302149772644043e-01
-1.590221524238586426e+00 -5.904890060424804688e+00 3.451087474822998047e-01
-1.355314850807189941e+00 -5.874021530151367188e+00 2.832353115081787109e-01
-1.842275738716125488e+00 -5.965250015258789062e+00 1.852953732013702393e-01
-1.630414128303527832e+00 -6.045729637145996094e+00 1.267909109592437744e-01
-1.458314657211303711e+00 -6.196118831634521484e+00 1.239618420600891113e+00
-1.948825478553771973e+00 -6.198208332061767578e+00 1.147998809814453125e+00
-1.169615268707275391e+00 -5.910203456878662109e+00 8.885941505432128906e-01
-1.890729308128356934e+00 -6.009768486022949219e+00 8.775837421417236328e-01
-1.627213597297668457e+00 -5.913986682891845703e+00 7.944597601890563965e-01
-1.387307047843933105e+00 -5.866863727569580078e+00 7.242102026939392090e-01
-1.156739830970764160e+00 -5.829113483428955078e+00 6.571387052536010742e-01
-1.867675185203552246e+00 -5.929259300231933594e+00 6.369259357452392578e-01
-1.628431439399719238e+00 -5.910346508026123047e+00 5.697957277297973633e-01
-1.391970753669738770e+00 -5.877424240112304688e+00 5.040089488029479980e-01
-1.158621907234191895e+00 -5.822628498077392578e+00 4.390955567359924316e-01
-1.870664000511169434e+00 -5.931521415710449219e+00 4.098287522792816162e-01
-1.631468415260314941e+00 -5.913307666778564453e+00 3.461792469024658203e-01
-1.392714977264404297e+00 -5.871426582336425781e+00 2.835168838500976562e-01
-1.167543172836303711e+00 -5.851453304290771484e+00 2.240066826343536377e-01
-1.881550431251525879e+00 -5.962412357330322266e+00 1.855623573064804077e-01
-1.658160805702209473e+00 -6.001882553100585938e+00 1.260823458433151245e-01
-1.490999102592468262e+00 -6.165111064910888672e+00 1.235221982002258301e+00
-2.001575469970703125e+00 -6.232075214385986328e+00 1.156524419784545898e+00
-1.715559005737304688e+00 -6.096912384033203125e+00 1.055349230766296387e+00
-1.208233714103698730e+00 -5.914546966552734375e+00 8.903450965881347656e-01
-1.934841632843017578e+00 -6.020684242248535156e+00 8.808947801589965820e-01
-1.669387459754943848e+00 -5.924890995025634766e+00 7.972856163978576660e-01
-1.426092028617858887e+00 -5.869818210601806641e+00 7.256414294242858887e-01
-1.195875406265258789e+00 -5.838459491729736328e+00 6.590071320533752441e-01
-1.914076089859008789e+00 -5.948938369750976562e+00 6.402894258499145508e-01
-1.665747523307800293e+00 -5.904076576232910156e+00 5.701659321784973145e-01
-1.429656982421875000e+00 -5.875550746917724609e+00 5.045910477638244629e-01
-1.202552914619445801e+00 -5.855462074279785156e+00 4.421197474002838135e-01
-1.911613225936889648e+00 -5.934178352355957031e+00 4.108150303363800049e-01
-1.670978426933288574e+00 -5.914715766906738281e+00 3.468554019927978516e-01
-1.435573697090148926e+00 -5.890914440155029297e+00 2.848779261112213135e-01
-1.209471464157104492e+00 -5.873542308807373047e+00 2.251321673393249512e-01
-1.918406486511230469e+00 -5.951706886291503906e+00 1.855920404195785522e-01
-1.710196852684020996e+00 -6.045469760894775391e+00 1.272160410881042480e-01
-1.529745697975158691e+00 -6.159657001495361328e+00 1.235986471176147461e+00
-2.046221256256103516e+00 -6.239326477050781250e+00 1.160178184509277344e+00
-1.247153282165527344e+00 -5.919606685638427734e+00 8.922418951988220215e-01
-1.978232383728027344e+00 -6.028461456298828125e+00 8.837919831275939941e-01
-1.713679790496826172e+00 -5.942169666290283203e+00 8.010106682777404785e-01
-1.463763952255249023e+00 -5.867700576782226562e+00 7.264763116836547852e-01
-1.238866567611694336e+00 -5.865048885345458984e+00 6.628538966178894043e-01
-1.957062602043151855e+00 -5.956929206848144531e+00 6.424298882484436035e-01
-1.709401488304138184e+00 -5.919573307037353516e+00 5.726646184921264648e-01
-1.469063401222229004e+00 -5.880203247070312500e+00 5.057552456855773926e-01
-1.238045334815979004e+00 -5.846021652221679688e+00 4.419721961021423340e-01
-1.949547529220581055e+00 -5.927076816558837891e+00 4.111437797546386719e-01
-1.713340282440185547e+00 -5.925452232360839844e+00 3.480949997901916504e-01
-1.475329518318176270e+00 -5.896531105041503906e+00 2.855819165706634521e-01
-1.248601317405700684e+00 -5.880672931671142578e+00 2.256948947906494141e-01
-1.954889297485351562e+00 -5.939823627471923828e+00 1.855920404195785522e-01
-1.752263903617858887e+00 -6.052148818969726562e+00 1.275804489850997925e-01
-1.573572516441345215e+00 -6.173933506011962891e+00 1.240765333175659180e+00
-1.287439703941345215e+00 -5.930211544036865234e+00 8.950142264366149902e-01
-2.033116102218627930e+00 -6.069741725921630859e+00 8.916559219360351562e-01
-1.751511216163635254e+00 -5.936298847198486328e+00 8.016529083251953125e-01
-1.507865190505981445e+00 -5.890349388122558594e+00 7.304122447967529297e-01
-1.273773670196533203e+00 -5.852481365203857422e+00 6.623044013977050781e-01
-1.996107101440429688e+00 -5.952353954315185547e+00 6.432452797889709473e-01
-1.746537566184997559e+00 -5.911838054656982422e+00 5.729422569274902344e-01
-1.509075522422790527e+00 -5.886524200439453125e+00 5.070857405662536621e-01
-1.274530410766601562e+00 -5.841238498687744141e+00 4.421935081481933594e-01
-2.031929016113281250e+00 -6.052165031433105469e+00 4.206777513027191162e-01
-1.757878899574279785e+00 -5.942592144012451172e+00 3.497289717197418213e-01
-1.517443537712097168e+00 -5.910587787628173828e+00 2.867082655429840088e-01
-1.285942196846008301e+00 -5.878758430480957031e+00 2.259199917316436768e-01
-2.002757310867309570e+00 -5.961827754974365234e+00 1.866600215435028076e-01
-1.615149259567260742e+00 -6.178407192230224609e+00 1.243632674217224121e+00
-1.326392292976379395e+00 -5.933785915374755859e+00 8.967651724815368652e-01
-2.075446367263793945e+00 -6.072147369384765625e+00 8.938633203506469727e-01
-1.804518342018127441e+00 -5.980507373809814453e+00 8.091030120849609375e-01
-1.550534486770629883e+00 -5.905954837799072266e+00 7.335132956504821777e-01
-1.311398506164550781e+00 -5.852314472198486328e+00 6.631836295127868652e-01
-2.041288375854492188e+00 -5.965406894683837891e+00 6.459972262382507324e-01
-1.787098407745361328e+00 -5.915307521820068359e+00 5.743303894996643066e-01
-1.546939969062805176e+00 -5.883900165557861328e+00 5.076678395271301270e-01
-1.314063310623168945e+00 -5.849849224090576172e+00 4.434474110603332520e-01
-2.167982339859008789e+00 -6.328441619873046875e+00 4.407977163791656494e-01
-1.794597983360290527e+00 -5.932650089263916016e+00 3.497852981090545654e-01
-1.558005213737487793e+00 -5.917587280273437500e+00 2.875061333179473877e-01
-1.324623703956604004e+00 -5.882456302642822266e+00 2.263701856136322021e-01
-2.065229654312133789e+00 -6.025071144104003906e+00 1.890333145856857300e-01
-1.668781638145446777e+00 -6.227162837982177734e+00 1.255483984947204590e+00
-1.884705662727355957e+00 -6.118019104003906250e+00 1.066689968109130859e+00
-1.364993691444396973e+00 -5.935176849365234375e+00 8.982242345809936523e-01
-2.122773647308349609e+00 -6.088290214538574219e+00 8.981401920318603516e-01
-1.846441507339477539e+00 -5.986380577087402344e+00 8.114150762557983398e-01
-1.590871691703796387e+00 -5.911670207977294922e+00 7.354216575622558594e-01
-1.351525306701660156e+00 -5.862559795379638672e+00 6.652718782424926758e-01
-2.087688446044921875e+00 -5.980946063995361328e+00 6.490550041198730469e-01
-1.828649044036865234e+00 -5.921355724334716797e+00 5.759962201118469238e-01
-1.587421774864196777e+00 -5.890655040740966797e+00 5.090814828872680664e-01
-1.352402567863464355e+00 -5.852364540100097656e+00 4.442587792873382568e-01
-2.204468011856079102e+00 -6.308425903320312500e+00 4.403374493122100830e-01
-1.834800362586975098e+00 -5.933927059173583984e+00 3.505177795886993408e-01
-1.601052045822143555e+00 -5.932990550994873047e+00 2.887263596057891846e-01
-1.362045884132385254e+00 -5.880058765411376953e+00 2.265952825546264648e-01
-2.088303804397583008e+00 -5.972656726837158203e+00 1.877873390913009644e-01
-1.872828960418701172e+00 -6.049431800842285156e+00 1.282282620668411255e-01
-1.700721979141235352e+00 -6.194089412689208984e+00 1.250896334648132324e+00
-1.950346827507019043e+00 -6.195724010467529297e+00 1.082304120063781738e+00
-1.409125447273254395e+00 -5.959423065185546875e+00 9.031851887702941895e-01
-2.163077116012573242e+00 -6.083549499511718750e+00 8.993818759918212891e-01
-1.884927153587341309e+00 -5.980613708496093750e+00 8.121858239173889160e-01
-1.630809426307678223e+00 -5.915197372436523438e+00 7.370914220809936523e-01
-1.391139268875122070e+00 -5.869630813598632812e+00 6.670303940773010254e-01
-2.131352901458740234e+00 -5.987704753875732422e+00 6.511954069137573242e-01
-1.869142293930053711e+00 -5.923317432403564453e+00 5.772918462753295898e-01
-1.626453399658203125e+00 -5.891370296478271484e+00 5.099961757659912109e-01
-1.392435431480407715e+00 -5.861421585083007812e+00 4.455864727497100830e-01
-2.164087057113647461e+00 -6.072955131530761719e+00 4.248200953006744385e-01
-1.880199313163757324e+00 -5.951117992401123047e+00 3.522081077098846436e-01
-1.641418457031250000e+00 -5.937496662139892578e+00 2.894303500652313232e-01
-1.405275106430053711e+00 -5.901726245880126953e+00 2.277582585811614990e-01
-2.128940343856811523e+00 -5.971028804779052734e+00 1.881433278322219849e-01
-1.899358630180358887e+00 -6.004463195800781250e+00 1.275197118520736694e-01
-1.996478915214538574e+00 -6.208994388580322266e+00 1.086741805076599121e+00
-1.693225502967834473e+00 -6.017793655395507812e+00 9.811895489692687988e-01
-1.450569868087768555e+00 -5.970852851867675781e+00 9.062493443489074707e-01
-2.216903448104858398e+00 -6.115788936614990234e+00 9.061420559883117676e-01
-1.925842642784118652e+00 -5.982151031494140625e+00 8.139840960502624512e-01
-1.673277974128723145e+00 -5.927056312561035156e+00 7.398346066474914551e-01
-1.428304314613342285e+00 -5.865813255310058594e+00 6.675799489021301270e-01
-2.180947780609130859e+00 -6.010048866271972656e+00 6.550685167312622070e-01
-1.912782788276672363e+00 -5.934481620788574219e+00 5.795128941535949707e-01
-1.672601699829101562e+00 -5.916760921478271484e+00 5.130729675292968750e-01
-1.432630300521850586e+00 -5.870206356048583984e+00 4.469141662120819092e-01
-2.206760406494140625e+00 -6.074567794799804688e+00 4.258721172809600830e-01
-1.924957990646362305e+00 -5.965123653411865234e+00 3.537293970584869385e-01
-1.687613606452941895e+00 -5.961914062500000000e+00 2.911198735237121582e-01
-1.447396874427795410e+00 -5.917259216308593750e+00 2.286961674690246582e-01
-2.207878589630126953e+00 -6.074342250823974609e+00 1.918219327926635742e-01
-1.932477116584777832e+00 -5.981279373168945312e+00 1.272767782211303711e-01
-2.043462514877319336e+00 -6.223805427551269531e+00 1.091508269309997559e+00
-1.494122743606567383e+00 -5.989676475524902344e+00 9.104807376861572266e-01
-2.277041196823120117e+00 -6.163389205932617188e+00 9.152476191520690918e-01
-1.969015717506408691e+00 -5.990006446838378906e+00 8.166815042495727539e-01
-1.711543560028076172e+00 -5.923355102539062500e+00 7.406695485115051270e-01
-1.466197967529296875e+00 -5.864652633666992188e+00 6.684591770172119141e-01
-2.224339723587036133e+00 -6.014280796051025391e+00 6.570050716400146484e-01
-1.952895283699035645e+00 -5.933982849121093750e+00 5.806233882904052734e-01
-1.712198376655578613e+00 -5.917874336242675781e+00 5.140708088874816895e-01
-1.471046090126037598e+00 -5.870978832244873047e+00 4.476517736911773682e-01
-2.304967880249023438e+00 -6.225606918334960938e+00 4.374443888664245605e-01
-1.968396782875061035e+00 -5.974061489105224609e+00 3.549689650535583496e-01
-1.731112360954284668e+00 -5.975432872772216797e+00 2.922931909561157227e-01
-1.486597895622253418e+00 -5.919897556304931641e+00 2.291463464498519897e-01
-2.224622964859008789e+00 -6.005379199981689453e+00 1.900716423988342285e-01
-1.966322302818298340e+00 -5.960764408111572266e+00 1.270945817232131958e-01
-2.085373878479003906e+00 -6.222373485565185547e+00 1.093480587005615234e+00
-1.529865264892578125e+00 -5.976562023162841797e+00 9.098970293998718262e-01
-2.321794748306274414e+00 -6.167840003967285156e+00 9.180068969726562500e-01
-2.011410951614379883e+00 -5.994735717773437500e+00 8.189936280250549316e-01
-1.748982191085815430e+00 -5.916549682617187500e+00 7.411466240882873535e-01
-1.507835865020751953e+00 -5.877689838409423828e+00 6.709871292114257812e-01
-2.267164468765258789e+00 -6.016344547271728516e+00 6.587377786636352539e-01
-2.024780035018920898e+00 -6.027602672576904297e+00 5.909883975982666016e-01
-1.752720117568969727e+00 -5.921590328216552734e+00 5.153182148933410645e-01
-1.512505054473876953e+00 -5.883091449737548828e+00 4.492744803428649902e-01
-2.291704416275024414e+00 -6.075038433074951172e+00 4.278446733951568604e-01
-2.040342330932617188e+00 -6.066914081573486328e+00 3.612231910228729248e-01
-1.765757441520690918e+00 -5.957994461059570312e+00 2.919646799564361572e-01
-1.524639010429382324e+00 -5.917438030242919922e+00 2.294089645147323608e-01
-2.258605480194091797e+00 -5.984134674072265625e+00 1.898342967033386230e-01
-1.995841264724731445e+00 -5.927741527557373047e+00 1.266492009162902832e-01
-2.127344608306884766e+00 -6.220660686492919922e+00 1.095452904701232910e+00
-1.577561020851135254e+00 -6.009165287017822266e+00 9.163171052932739258e-01
-2.368816137313842773e+00 -6.177522182464599609e+00 9.215939044952392578e-01
-2.058435440063476562e+00 -6.012305259704589844e+00 8.231040239334106445e-01
-1.798180818557739258e+00 -5.948474407196044922e+00 7.465137839317321777e-01
-1.551964521408081055e+00 -5.899086475372314453e+00 6.745041012763977051e-01
-2.314019203186035156e+00 -6.028324604034423828e+00 6.615916490554809570e-01
-2.090137720108032227e+00 -6.097954273223876953e+00 5.991322994232177734e-01
-1.792485475540161133e+00 -5.922169685363769531e+00 5.163160562515258789e-01
-1.555947542190551758e+00 -5.901665687561035156e+00 4.514135420322418213e-01
-2.310325622558593750e+00 -6.012427806854248047e+00 4.244256019592285156e-01
-2.068456411361694336e+00 -6.027838706970214844e+00 3.596455454826354980e-01
-1.798805236816406250e+00 -5.935576438903808594e+00 2.914014756679534912e-01
-1.563471674919128418e+00 -5.917633533477783203e+00 2.297841310501098633e-01
-2.316443920135498047e+00 -6.025209426879882812e+00 1.915846168994903564e-01
-1.654001235961914062e+00 -6.163671493530273438e+00 1.180481076240539551e+00
-2.177170276641845703e+00 -6.241019248962402344e+00 1.101369738578796387e+00
-1.615945219993591309e+00 -6.005104541778564453e+00 9.171925783157348633e-01
-2.423609256744384766e+00 -6.206232547760009766e+00 9.280781745910644531e-01
-2.108366727828979492e+00 -6.037012100219726562e+00 8.282420039176940918e-01
-1.836404919624328613e+00 -5.943020820617675781e+00 7.472293972969055176e-01
-1.595894932746887207e+00 -5.918242931365966797e+00 6.778013706207275391e-01
-2.359295129776000977e+00 -6.035322666168212891e+00 6.639359593391418457e-01
-2.096295118331909180e+00 -5.995722293853759766e+00 5.903405547142028809e-01
-1.836447477340698242e+00 -5.935812473297119141e+00 5.184780955314636230e-01
-1.592650413513183594e+00 -5.893932819366455078e+00 4.515610635280609131e-01
-2.369354486465454102e+00 -6.054821491241455078e+00 4.284364283084869385e-01
-2.110681056976318359e+00 -6.030110836029052734e+00 3.605470657348632812e-01
-1.844058632850646973e+00 -5.953052520751953125e+00 2.928094565868377686e-01
-1.607848763465881348e+00 -5.937829971313476562e+00 2.309471070766448975e-01
-2.365760326385498047e+00 -6.042528629302978516e+00 1.925932615995407104e-01
-2.103480577468872070e+00 -6.002818584442138672e+00 1.287951171398162842e-01
-1.708472967147827148e+00 -6.214087486267089844e+00 1.192122220993041992e+00
-1.657757163047790527e+00 -6.013196945190429688e+00 9.199649095535278320e-01
-2.466767549514770508e+00 -6.204129695892333984e+00 9.300096631050109863e-01
-2.151691198348999023e+00 -6.041712284088134766e+00 8.306825160980224609e-01
-1.875227451324462891e+00 -5.939215183258056641e+00 7.481835484504699707e-01
-1.636413097381591797e+00 -5.923667907714843750e+00 6.795598864555358887e-01
-2.402536392211914062e+00 -6.036444664001464844e+00 6.656686067581176758e-01
-2.145417213439941406e+00 -6.017448902130126953e+00 5.937647223472595215e-01
-1.881845712661743164e+00 -5.952938079833984375e+00 5.209727883338928223e-01
-1.633839964866638184e+00 -5.902310848236083984e+00 4.529625177383422852e-01
-2.410524129867553711e+00 -6.050365924835205078e+00 4.291597008705139160e-01
-2.156702995300292969e+00 -6.042434692382812500e+00 3.620683550834655762e-01
-1.885072350502014160e+00 -5.955910682678222656e+00 2.935134172439575195e-01
-1.648525953292846680e+00 -5.943259716033935547e+00 2.315473705530166626e-01
-2.401681661605834961e+00 -6.025113582611083984e+00 1.925042718648910522e-01
-2.136236429214477539e+00 -5.978500843048095703e+00 1.285521835088729858e-01
-1.905580282211303711e+00 -6.009766101837158203e+00 6.712497025728225708e-02
-1.748968124389648438e+00 -6.212006092071533203e+00 1.193759202957153320e+00
-1.981313824653625488e+00 -6.162062168121337891e+00 1.015922069549560547e+00
-1.703222990036010742e+00 -6.033378601074218750e+00 9.246340394020080566e-01
-2.536372661590576172e+00 -6.266914844512939453e+00 9.417365193367004395e-01
-2.194813728332519531e+00 -6.045175075531005859e+00 8.329945802688598633e-01
-1.927176237106323242e+00 -5.975789070129394531e+00 7.542663812637329102e-01
-1.671647071838378906e+00 -5.909689903259277344e+00 6.791202425956726074e-01
-2.449615478515625000e+00 -6.046483516693115234e+00 6.684206128120422363e-01
-2.207468986511230469e+00 -6.073421478271484375e+00 6.006129980087280273e-01
-1.931809663772583008e+00 -5.983006000518798828e+00 5.246316790580749512e-01
-1.680902957916259766e+00 -5.930553913116455078e+00 4.559129178524017334e-01
-2.470477819442749023e+00 -6.091867446899414062e+00 4.331705272197723389e-01
-2.202272891998291016e+00 -6.052543640136718750e+00 3.634769618511199951e-01
-1.930492162704467773e+00 -5.971795558929443359e+00 2.948744595050811768e-01
-1.693152070045471191e+00 -5.961871147155761719e+00 2.326728254556655884e-01
-2.452510833740234375e+00 -6.044534206390380859e+00 1.936019212007522583e-01
-1.932869315147399902e+00 -5.968470096588134766e+00 6.679493188858032227e-02
-1.791952610015869141e+00 -6.218165397644042969e+00 1.197033286094665527e+00
-2.022167682647705078e+00 -6.159174919128417969e+00 1.017472505569458008e+00
-1.741584062576293945e+00 -6.027566432952880859e+00 9.253636002540588379e-01
-2.595901489257812500e+00 -6.302519321441650391e+00 9.494625329971313477e-01
-2.236683130264282227e+00 -6.044615268707275391e+00 8.347928524017333984e-01
-1.970638394355773926e+00 -5.984598636627197266e+00 7.568902969360351562e-01
-1.713681221008300781e+00 -5.919371128082275391e+00 6.814283132553100586e-01
-2.509041547775268555e+00 -6.085600852966308594e+00 6.744341254234313965e-01
-2.271671056747436523e+00 -6.132591724395751953e+00 6.078314781188964844e-01
-1.951323509216308594e+00 -5.918985843658447266e+00 5.200580954551696777e-01
-1.718649744987487793e+00 -5.924917697906494141e+00 4.562817215919494629e-01
-2.541689395904541016e+00 -6.158685684204101562e+00 4.390224218368530273e-01
-2.253254413604736328e+00 -6.076361656188964844e+00 3.657307326793670654e-01
-1.974925041198730469e+00 -5.983551979064941406e+00 2.960477471351623535e-01
-1.732490539550781250e+00 -5.960965633392333984e+00 2.330479919910430908e-01
-1.976988554000854492e+00 -5.979283332824707031e+00 6.705044955015182495e-02
-1.830628991127014160e+00 -6.208939552307128906e+00 1.197396993637084961e+00
-2.066200017929077148e+00 -6.165385246276855469e+00 1.020573616027832031e+00
-1.790314078330993652e+00 -6.056612968444824219e+00 9.314917922019958496e-01
-2.643328666687011719e+00 -6.307481765747070312e+00 9.526356458663940430e-01
-2.288074493408203125e+00 -6.068823814392089844e+00 8.400593400001525879e-01
-2.014913558959960938e+00 -5.994981288909912109e+00 7.597528100013732910e-01
-1.753638863563537598e+00 -5.921133995056152344e+00 6.828570961952209473e-01
-2.559033870697021484e+00 -6.100363731384277344e+00 6.777976155281066895e-01
-2.304334878921508789e+00 -6.105495452880859375e+00 6.065358519554138184e-01
-2.014301300048828125e+00 -5.986239433288574219e+00 5.270431637763977051e-01
-1.756957888603210449e+00 -5.920953273773193359e+00 4.567980468273162842e-01
-2.565136671066284180e+00 -6.108933448791503906e+00 4.365895986557006836e-01
-2.276381015777587891e+00 -6.025062561035156250e+00 3.634769618511199951e-01
-2.010645627975463867e+00 -5.968481540679931641e+00 2.959069609642028809e-01
-1.777292251586914062e+00 -5.978001117706298828e+00 2.341359406709671021e-01
-2.256529808044433594e+00 -5.966220855712890625e+00 1.291595101356506348e-01
-2.013639450073242188e+00 -5.967040061950683594e+00 6.705044955015182495e-02
-1.863866209983825684e+00 -6.181585788726806641e+00 1.194304943084716797e+00
-2.118695497512817383e+00 -6.195590019226074219e+00 1.027706146240234375e+00
-1.835458159446716309e+00 -6.072029113769531250e+00 9.355772733688354492e-01
-2.706839323043823242e+00 -6.349454402923583984e+00 9.614652991294860840e-01
-2.343757390975952148e+00 -6.102811336517333984e+00 8.467386960983276367e-01
-2.054558992385864258e+00 -5.990957736968994141e+00 7.608262300491333008e-01
-1.797427654266357422e+00 -5.934995651245117188e+00 6.857147216796875000e-01
-2.615157842636108398e+00 -6.128465652465820312e+00 6.826900243759155273e-01
-2.361048460006713867e+00 -6.141428470611572266e+00 6.115332245826721191e-01
-2.055524826049804688e+00 -5.986962795257568359e+00 5.282073616981506348e-01
-1.800204634666442871e+00 -5.932964801788330078e+00 4.585683047771453857e-01
-2.608843326568603516e+00 -6.107760906219482422e+00 4.376416206359863281e-01
-2.324065208435058594e+00 -6.038935184478759766e+00 3.651672899723052979e-01
-2.062815189361572266e+00 -6.001375198364257812e+00 2.981597185134887695e-01
-1.814811110496520996e+00 -5.969851970672607422e+00 2.342485040426254272e-01
-2.318973541259765625e+00 -6.019435882568359375e+00 1.306171119213104248e-01
-2.059004068374633789e+00 -5.980100154876708984e+00 6.733790040016174316e-02
-2.164155006408691406e+00 -6.203927516937255859e+00 1.031272530555725098e+00
-1.877061843872070312e+00 -6.074831008911132812e+00 9.377660155296325684e-01
-2.388383865356445312e+00 -6.106787204742431641e+00 8.493077158927917480e-01
-2.094558477401733398e+00 -5.987610340118408203e+00 7.620189189910888672e-01
-1.838219165802001953e+00 -5.938097476959228516e+00 6.873633265495300293e-01
-2.675286769866943359e+00 -6.164319515228271484e+00 6.884996891021728516e-01
-2.359483480453491211e+00 -6.026690483093261719e+00 6.015384793281555176e-01
-2.084645748138427734e+00 -5.952605724334716797e+00 5.262948274612426758e-01
-1.837756276130676270e+00 -5.925617218017578125e+00 4.588633477687835693e-01
-2.670125484466552734e+00 -6.146551609039306641e+00 4.415867328643798828e-01
-2.370183467864990234e+00 -6.047801017761230469e+00 3.665759265422821045e-01
-2.112158775329589844e+00 -6.024425506591796875e+00 2.999431192874908447e-01
-1.854075789451599121e+00 -5.967192173004150391e+00 2.345861345529556274e-01
-2.364992856979370117e+00 -6.028361797332763672e+00 1.311232149600982666e-01
-2.090688705444335938e+00 -5.953201770782470703e+00 6.717820465564727783e-02
-2.206485271453857422e+00 -6.202631950378417969e+00 1.033288240432739258e+00
-1.923832178115844727e+00 -6.093387126922607422e+00 9.424350857734680176e-01
-2.435348272323608398e+00 -6.115972518920898438e+00 8.526473641395568848e-01
-2.141265869140625000e+00 -6.002699851989746094e+00 7.655970454216003418e-01
-1.879116415977478027e+00 -5.940921783447265625e+00 6.890119910240173340e-01
-2.720289468765258789e+00 -6.164170265197753906e+00 6.903343796730041504e-01
-2.404897689819335938e+00 -6.033372879028320312e+00 6.036669611930847168e-01
-2.149953365325927734e+00 -6.020412445068359375e+00 5.334461927413940430e-01
-1.895469427108764648e+00 -5.981728553771972656e+00 4.641003310680389404e-01
-2.721498012542724609e+00 -6.161085605621337891e+00 4.438222646713256836e-01
-2.418717384338378906e+00 -6.061890602111816406e+00 3.683225810527801514e-01
-2.155137062072753906e+00 -6.028283119201660156e+00 3.007879257202148438e-01
-1.885212421417236328e+00 -5.938559532165527344e+00 2.339108437299728394e-01
-2.401937723159790039e+00 -6.013737201690673828e+00 1.311232149600982666e-01
-2.261342763900756836e+00 -6.235412120819091797e+00 1.041040897369384766e+00
-1.970597028732299805e+00 -6.110656261444091797e+00 9.469583034515380859e-01
-2.489220380783081055e+00 -6.141354084014892578e+00 8.582991361618041992e-01
-2.182129144668579102e+00 -6.000645160675048828e+00 7.670282721519470215e-01
-1.923783779144287109e+00 -5.954816818237304688e+00 6.919794678688049316e-01
-2.769462823867797852e+00 -6.172776222229003906e+00 6.931882500648498535e-01
-2.453477382659912109e+00 -6.047105312347412109e+00 6.065358519554138184e-01
-2.165035963058471680e+00 -5.947176456451416016e+00 5.281242132186889648e-01
-1.922617435455322266e+00 -5.940571784973144531e+00 4.618137478828430176e-01
-2.777645587921142578e+00 -6.185232639312744141e+00 4.467810988426208496e-01
-2.476905345916748047e+00 -6.098737239837646484e+00 3.714778721332550049e-01
-2.183876514434814453e+00 -5.992421627044677734e+00 2.996615469455718994e-01
-1.936408877372741699e+00 -5.972508430480957031e+00 2.357116192579269409e-01
-2.188273668289184570e+00 -5.994728565216064453e+00 6.794473528861999512e-02
-1.969188570976257324e+00 -6.066392898559570312e+00 7.792195305228233337e-03
-2.302984952926635742e+00 -6.230685710906982422e+00 1.042591452598571777e+00
-2.010838747024536133e+00 -6.106906890869140625e+00 9.482714533805847168e-01
-2.544629573822021484e+00 -6.169054031372070312e+00 8.643362522125244141e-01
-2.236849069595336914e+00 -6.035553932189941406e+00 7.732303738594055176e-01
-1.971494317054748535e+00 -5.976881504058837891e+00 6.959361433982849121e-01
-2.832878351211547852e+00 -6.211784362792968750e+00 6.995075941085815430e-01
-2.507255554199218750e+00 -6.072432518005371094e+00 6.106078028678894043e-01
-2.230257272720336914e+00 -6.011327743530273438e+00 5.350261926651000977e-01
-1.956841707229614258e+00 -5.922034740447998047e+00 4.612974226474761963e-01
-2.844549894332885742e+00 -6.231614112854003906e+00 4.513836801052093506e-01
-2.530678272247314453e+00 -6.123100757598876953e+00 3.739006519317626953e-01
-2.222343206405639648e+00 -5.983590602874755859e+00 2.998962104320526123e-01
-2.002851247787475586e+00 -6.050638198852539062e+00 2.392756044864654541e-01
-2.245933771133422852e+00 -6.037420749664306641e+00 6.858351826667785645e-02
-1.982780933380126953e+00 -5.983004093170166016e+00 7.700565736740827560e-03
-2.070018768310546875e+00 -6.159158706665039062e+00 9.583393335342407227e-01
-2.600855588912963867e+00 -6.197217941284179688e+00 8.705018162727355957e-01
-2.283310413360595703e+00 -6.046794414520263672e+00 7.764506340026855469e-01
-2.011936426162719727e+00 -5.975975990295410156e+00 6.972550749778747559e-01
-2.897712469100952148e+00 -6.252049446105957031e+00 7.060307860374450684e-01
-2.560665130615234375e+00 -6.095489978790283203e+00 6.144946813583374023e-01
-2.280489921569824219e+00 -6.032951831817626953e+00 5.381860733032226562e-01
-2.004933595657348633e+00 -5.944880485534667969e+00 4.640265703201293945e-01
-2.899529457092285156e+00 -6.250250339508056641e+00 4.540137350559234619e-01
-2.565492153167724609e+00 -6.101015090942382812e+00 3.735062479972839355e-01
-2.266793489456176758e+00 -5.990395545959472656e+00 3.009287118911743164e-01
-2.031623840332031250e+00 -6.013619899749755859e+00 2.383002042770385742e-01
-2.289315462112426758e+00 -6.040357112884521484e+00 6.877514719963073730e-02
-2.020736217498779297e+00 -5.974514007568359375e+00 7.705452386289834976e-03
-2.108734369277954102e+00 -6.149148464202880859e+00 9.587770104408264160e-01
-2.658301115036010742e+00 -6.226746559143066406e+00 8.769242763519287109e-01
-2.327498435974121094e+00 -6.051203727722167969e+00 7.788360714912414551e-01
-2.053732872009277344e+00 -5.978558540344238281e+00 6.990135312080383301e-01
-2.939410448074340820e+00 -6.241351127624511719e+00 7.068461179733276367e-01
-2.614451169967651367e+00 -6.118118762969970703e+00 6.183815002441406250e-01
-2.342529773712158203e+00 -6.083944320678710938e+00 5.440070033073425293e-01
-2.041373014450073242e+00 -5.932466506958007812e+00 4.640265703201293945e-01
-2.952291488647460938e+00 -6.263029098510742188e+00 4.562492668628692627e-01
-2.607590675354003906e+00 -6.096174240112304688e+00 3.741823732852935791e-01
-2.368531227111816406e+00 -6.145076751708984375e+00 3.094234168529510498e-01
-2.071089506149291992e+00 -6.008598804473876953e+00 2.386003285646438599e-01
-2.323454141616821289e+00 -6.018733024597167969e+00 6.868997961282730103e-02
-2.055726051330566406e+00 -5.957276344299316406e+00 7.699344307184219360e-03
-2.146752119064331055e+00 -6.137028217315673828e+00 9.589229822158813477e-01
-2.722525596618652344e+00 -6.270356178283691406e+00 8.854019641876220703e-01
-2.379430532455444336e+00 -6.074711799621582031e+00 7.837261557579040527e-01
-2.094322204589843750e+00 -5.977100849151611328e+00 7.003324627876281738e-01
-2.660276651382446289e+00 -6.121139049530029297e+00 6.203249692916870117e-01
-2.418376207351684570e+00 -6.167799472808837891e+00 5.528215765953063965e-01
-2.085331678390502930e+00 -5.941472053527832031e+00 4.657230377197265625e-01
-2.673622846603393555e+00 -6.145978450775146484e+00 3.782391548156738281e-01
-2.368966102600097656e+00 -6.035584449768066406e+00 3.046363294124603271e-01
-2.103941440582275391e+00 -5.984465122222900391e+00 2.381501495838165283e-01
-2.347902536392211914e+00 -5.972722530364990234e+00 6.832800060510635376e-02
-2.099212408065795898e+00 -5.964359283447265625e+00 7.725000381469726562e-03
-2.205971956253051758e+00 -6.184306621551513672e+00 9.684070944786071777e-01
-2.779373407363891602e+00 -6.295265674591064453e+00 8.913106322288513184e-01
-2.427692890167236328e+00 -6.087665081024169922e+00 7.873042821884155273e-01
-2.140321493148803711e+00 -5.990345478057861328e+00 7.034098505973815918e-01
-2.713079214096069336e+00 -6.139308452606201172e+00 6.238416433334350586e-01
-2.445091724395751953e+00 -6.125079154968261719e+00 5.503268837928771973e-01
-2.144935369491577148e+00 -5.993352890014648438e+00 4.708125293254852295e-01
-2.729054689407348633e+00 -6.169632911682128906e+00 3.807183206081390381e-01
-2.414850950241088867e+00 -6.043197154998779297e+00 3.057627081871032715e-01
-2.159168481826782227e+00 -6.023180484771728516e+00 2.402135133743286133e-01
-2.145565032958984375e+00 -5.978662014007568359e+00 7.760430220514535904e-03
-2.254019260406494141e+00 -6.198546886444091797e+00 9.727844595909118652e-01
-2.849218130111694336e+00 -6.347759723663330078e+00 9.012012481689453125e-01
-2.486285924911499023e+00 -6.125092029571533203e+00 7.941027283668518066e-01
-2.186221837997436523e+00 -6.002316474914550781e+00 7.063773870468139648e-01
-2.782118320465087891e+00 -6.192481517791748047e+00 6.309675574302673340e-01
-2.458620071411132812e+00 -6.050874233245849609e+00 5.450049042701721191e-01
-2.206962347030639648e+00 -6.049407958984375000e+00 4.762707948684692383e-01
-2.783238649368286133e+00 -6.189194679260253906e+00 3.829720914363861084e-01
-2.465434312820434570e+00 -6.061576366424560547e+00 3.074522614479064941e-01
-2.185110092163085938e+00 -5.979783535003662109e+00 2.390130013227462769e-01
-2.200417041778564453e+00 -6.015158653259277344e+00 7.825181819498538971e-03
-2.301292419433593750e+00 -6.209645748138427734e+00 9.767240285873413086e-01
-2.533298492431640625e+00 -6.132662296295166016e+00 7.970844507217407227e-01
-2.234770298004150391e+00 -6.020470619201660156e+00 7.101142406463623047e-01
-2.827094078063964844e+00 -6.190691471099853516e+00 6.325408220291137695e-01
-2.499128341674804688e+00 -6.043962478637695312e+00 5.457533001899719238e-01
-2.246124505996704102e+00 -6.041360855102539062e+00 4.767133593559265137e-01
-2.854367256164550781e+00 -6.244644165039062500e+00 3.874796330928802490e-01
-2.537726402282714844e+00 -6.131247520446777344e+00 3.117700219154357910e-01
-2.219319105148315430e+00 -5.959708213806152344e+00 2.387503981590270996e-01
-2.259988546371459961e+00 -6.062449455261230469e+00 7.904594764113426208e-03
-2.355426549911499023e+00 -6.237982273101806641e+00 9.834359288215637207e-01
-2.584728956222534180e+00 -6.149953842163085938e+00 8.013781905174255371e-01
-2.283271789550781250e+00 -6.037324428558349609e+00 7.137412428855895996e-01
-2.900236368179321289e+00 -6.249094963073730469e+00 6.403145194053649902e-01
-2.568626642227172852e+00 -6.105673789978027344e+00 5.527384281158447266e-01
-2.299048185348510742e+00 -6.069432735443115234e+00 4.800325930118560791e-01
-2.905669212341308594e+00 -6.255082607269287109e+00 3.892263174057006836e-01
-2.581501960754394531e+00 -6.130290508270263672e+00 3.125209510326385498e-01
-2.323194742202758789e+00 -6.123498439788818359e+00 2.458783984184265137e-01
-2.290753602981567383e+00 -6.031641006469726562e+00 7.882603444159030914e-03
-2.401470661163330078e+00 -6.243725776672363281e+00 9.866458773612976074e-01
-2.645053148269653320e+00 -6.186928749084472656e+00 8.082959055900573730e-01
-2.323131322860717773e+00 -6.030620574951171875e+00 7.146204710006713867e-01
-2.986941814422607422e+00 -6.333849430084228516e+00 6.508646011352539062e-01
-2.626037359237670898e+00 -6.136522769927978516e+00 5.569794178009033203e-01
-2.347374677658081055e+00 -6.084055423736572266e+00 4.823191463947296143e-01
-2.950387477874755859e+00 -6.250679016113281250e+00 3.900714814662933350e-01
-2.641487121582031250e+00 -6.166673183441162109e+00 3.151960968971252441e-01
-2.354600667953491211e+00 -6.093281745910644531e+00 2.452406138181686401e-01
-2.630770921707153320e+00 -6.800899505615234375e+00 8.908856660127639771e-03
-2.448034763336181641e+00 -6.250060081481933594e+00 9.900018572807312012e-01
-2.715428829193115234e+00 -6.245244979858398438e+00 8.180760145187377930e-01
-2.379328727722167969e+00 -6.065293312072753906e+00 7.204455733299255371e-01
-2.662050247192382812e+00 -6.116639137268066406e+00 5.566467642784118652e-01
-2.420765161514282227e+00 -6.161429882049560547e+00 4.896214306354522705e-01
-2.686456203460693359e+00 -6.166832923889160156e+00 3.160408437252044678e-01
-2.364500999450683594e+00 -6.008977890014648438e+00 2.424269467592239380e-01
-2.755705118179321289e+00 -6.233006000518798828e+00 8.186724185943603516e-01
-2.422398328781127930e+00 -6.065348148345947266e+00 7.222040891647338867e-01
-2.728566884994506836e+00 -6.165802955627441406e+00 5.626339912414550781e-01
-2.468155145645141602e+00 -6.170535087585449219e+00 4.915392100811004639e-01
-2.733549356460571289e+00 -6.171239376068115234e+00 3.171202838420867920e-01
-2.435142993927001953e+00 -6.078770637512207031e+00 2.458408772945404053e-01
-2.782501220703125000e+00 -6.190623760223388672e+00 8.153328299522399902e-01
-2.468552350997924805e+00 -6.072469234466552734e+00 7.248418927192687988e-01
-2.801510095596313477e+00 -6.227101325988769531e+00 5.697854161262512207e-01
-2.473630428314208984e+00 -6.075839996337890625e+00 4.851958155632019043e-01
-2.785718917846679688e+00 -6.186228752136230469e+00 3.187628984451293945e-01
-2.488242149353027344e+00 -6.102578639984130859e+00 2.474165409803390503e-01
-2.519824028015136719e+00 -6.091191291809082031e+00 7.289084792137145996e-01
-2.853342294692993164e+00 -6.239701747894287109e+00 5.725295543670654297e-01
-2.515063047409057617e+00 -6.070682048797607422e+00 4.860071539878845215e-01
-2.874343395233154297e+00 -6.279829502105712891e+00 3.244886398315429688e-01
-2.537511825561523438e+00 -6.115809440612792969e+00 2.485795319080352783e-01
-2.575273513793945312e+00 -6.118671894073486328e+00 7.340741753578186035e-01
-2.904594182968139648e+00 -6.250091552734375000e+00 5.751073956489562988e-01
-2.584027767181396484e+00 -6.130491733551025391e+00 4.920555353164672852e-01
-2.911978721618652344e+00 -6.260262966156005859e+00 3.243947625160217285e-01
-2.581596374511718750e+00 -6.115774631500244141e+00 2.492172867059707642e-01
-2.641716718673706055e+00 -6.170370578765869141e+00 7.422073483467102051e-01
-2.636921405792236328e+00 -6.150267601013183594e+00 4.949321746826171875e-01
-2.658499717712402344e+00 -6.191642761230468750e+00 2.529688775539398193e-01
-2.693415164947509766e+00 -6.185940742492675781e+00 7.460540533065795898e-01
-2.679392099380493164e+00 -6.144941806793212891e+00 4.958172738552093506e-01
-2.712036609649658203e+00 -6.210930347442626953e+00 2.544319927692413330e-01
-2.751037120819091797e+00 -6.213831901550292969e+00 7.514395713806152344e-01
-2.744936466217041016e+00 -6.191292285919189453e+00 5.009067654609680176e-01
-2.764287471771240234e+00 -6.226138591766357422e+00 2.557450532913208008e-01
-3.092884063720703125e+00 -6.959701061248779297e+00 9.304697625339031219e-03
-2.800943136215209961e+00 -6.223119258880615234e+00 7.546268701553344727e-01
-2.790250062942504883e+00 -6.190699100494384766e+00 5.022344589233398438e-01
-2.853825092315673828e+00 -6.322912693023681641e+00 2.604345083236694336e-01
-2.862644195556640625e+00 -6.257335186004638672e+00 7.608916759490966797e-01
-2.865565299987792969e+00 -6.255061149597167969e+00 5.088728666305541992e-01
-2.923253774642944336e+00 -6.278948783874511719e+00 5.122658610343933105e-01
-3.387534141540527344e+00 -6.817792892456054688e+00 9.301031939685344696e-03
-3.437411785125732422e+00 -6.812949657440185547e+00 9.323023259639739990e-03
-3.932468652725219727e+00 -6.926530361175537109e+00 9.731081314384937286e-03
-1.415623784065246582e+00 -1.937972307205200195e+00 7.122865319252014160e-02
-3.972399950027465820e+00 -6.897938251495361328e+00 9.724972769618034363e-03
-1.421723484992980957e+00 -1.922160267829895020e+00 1.575404703617095947e-01
-1.429271936416625977e+00 -1.931660294532775879e+00 7.131765037775039673e-02
-3.907222747802734375e+00 -6.689509391784667969e+00 9.464743547141551971e-03
-1.435285806655883789e+00 -1.915796279907226562e+00 1.577377319335937500e-01
-1.423713207244873047e+00 -1.899658322334289551e+00 7.045733183622360229e-02
-3.691845655441284180e+00 -6.232635021209716797e+00 8.850214071571826935e-03
-1.449426531791687012e+00 -1.910133004188537598e+00 1.580007225275039673e-01
-1.440177321434020996e+00 -1.897256135940551758e+00 7.069466263055801392e-02
-4.062136650085449219e+00 -6.762786388397216797e+00 9.638229385018348694e-03
-1.455039262771606445e+00 -1.893291711807250977e+00 1.573432087898254395e-01
-1.441434741020202637e+00 -1.874912261962890625e+00 7.019034028053283691e-02
-4.106156826019287109e+00 -6.742004871368408203e+00 9.644338861107826233e-03
-1.457210421562194824e+00 -1.871553301811218262e+00 7.039800286293029785e-02
-1.359133005142211914e+00 -1.882081747055053711e+00 4.700758308172225952e-02
-4.148498535156250000e+00 -6.718384742736816406e+00 9.646781720221042633e-03
-1.468666553497314453e+00 -1.862576723098754883e+00 7.039800286293029785e-02
-1.414337277412414551e+00 -1.933420300483703613e+00 4.850567132234573364e-02
-4.232622146606445312e+00 -6.761460304260253906e+00 9.745742194354534149e-03
-1.427688002586364746e+00 -1.928155779838562012e+00 1.353953033685684204e-01
-1.419626474380493164e+00 -1.915869474411010742e+00 4.828298464417457581e-02
-4.279923915863037109e+00 -6.744650363922119141e+00 9.759181179106235504e-03
-1.434699892997741699e+00 -1.912969470024108887e+00 1.349445581436157227e-01
-1.427154064178466797e+00 -1.901525139808654785e+00 4.814127087593078613e-02
-4.423470020294189453e+00 -6.877219200134277344e+00 9.990087710320949554e-03
-1.450638055801391602e+00 -1.909695625305175781e+00 1.353389769792556763e-01
-1.439399957656860352e+00 -1.893528461456298828e+00 4.816151782870292664e-02
-4.477052688598632812e+00 -6.867539405822753906e+00 1.001574378460645676e-02
-1.461110830307006836e+00 -1.899176001548767090e+00 1.352262794971466064e-01
-1.443062424659729004e+00 -1.874362230300903320e+00 4.789834097027778625e-02
-4.266636848449707031e+00 -6.457810878753662109e+00 9.456192143261432648e-03
-1.449003100395202637e+00 -1.858376383781433105e+00 4.771613702178001404e-02
-1.433874487876892090e+00 -1.982708930969238281e+00 2.605151385068893433e-02
-4.442488193511962891e+00 -6.635091781616210938e+00 9.755516424775123596e-03
-1.431081295013427734e+00 -1.955637931823730469e+00 1.138573065400123596e-01
-1.462237477302551270e+00 -1.851804494857788086e+00 4.777687042951583862e-02
-1.407602548599243164e+00 -1.921441316604614258e+00 2.535950578749179840e-02
-4.557787895202636719e+00 -6.717767238616943359e+00 9.918005205690860748e-03
-1.448407411575317383e+00 -1.954042553901672363e+00 1.142796948552131653e-01
-1.421153426170349121e+00 -1.915177345275878906e+00 2.539144456386566162e-02
-4.577960968017578125e+00 -6.659184932708740234e+00 9.872801601886749268e-03
-1.447775244712829590e+00 -1.928343176841735840e+00 1.132941171526908875e-01
-1.433478713035583496e+00 -1.907220482826232910e+00 2.540209144353866577e-02
-4.608447074890136719e+00 -6.616199970245361328e+00 9.850811213254928589e-03
-1.455952405929565430e+00 -1.914652943611145020e+00 1.130125373601913452e-01
-1.436674714088439941e+00 -1.887250065803527832e+00 2.525304257869720459e-02
-4.592451572418212891e+00 -6.507728099822998047e+00 9.731081314384937286e-03
-1.468282580375671387e+00 -1.906474709510803223e+00 1.130594611167907715e-01
-1.448838114738464355e+00 -1.879191160202026367e+00 2.526368945837020874e-02
-1.413824439048767090e+00 -1.977587819099426270e+00 2.970026340335607529e-03
-1.418969631195068359e+00 -1.960702419281005859e+00 9.086320549249649048e-02
-1.455418109893798828e+00 -1.863960623741149902e+00 2.517851628363132477e-02
-1.405988812446594238e+00 -1.941338777542114258e+00 2.928487258031964302e-03
-1.430973529815673828e+00 -1.951958894729614258e+00 9.086320549249649048e-02
-1.415508151054382324e+00 -1.929450035095214844e+00 2.923600375652313232e-03
-1.427108526229858398e+00 -1.923948049545288086e+00 1.771724522113800049e-01
-1.444710850715637207e+00 -1.945548653602600098e+00 9.097575396299362183e-02
-1.429109811782836914e+00 -1.923136353492736816e+00 2.927265595644712448e-03
-1.440084815025329590e+00 -1.916749715805053711e+00 1.773199588060379028e-01
-1.453017354011535645e+00 -1.931855797767639160e+00 9.075066447257995605e-02
-1.439078927040100098e+00 -1.911934375762939453e+00 2.923600375652313232e-03
-1.455442190170288086e+00 -1.912639260292053223e+00 1.777625232934951782e-01
-1.453943490982055664e+00 -1.908595204353332520e+00 9.007537364959716797e-02
-1.458664655685424805e+00 -1.913406729698181152e+00 2.939482918009161949e-03
-1.469289660453796387e+00 -1.904385209083557129e+00 9.030047059059143066e-02
-1.456932783126831055e+00 -1.887006878852844238e+00 2.912604715675115585e-03
-1.419821739196777344e+00 -1.815798282623291016e+00 2.816088031977415085e-03
-5.068184852600097656e+00 -6.400336265563964844e+00 9.974205866456031799e-03
-5.097977161407470703e+00 -6.357415676116943359e+00 9.955879300832748413e-03
-5.107262134552001953e+00 -6.289529800415039062e+00 9.898458607494831085e-03
-5.137501716613769531e+00 -6.248032569885253906e+00 9.882575832307338715e-03
-5.173182487487792969e+00 -6.213317394256591797e+00 9.877688251435756683e-03
-5.161578655242919922e+00 -6.122587680816650391e+00 9.783615358173847198e-03
-5.230861186981201172e+00 -6.128070354461669922e+00 9.843479841947555542e-03
-5.248747348785400391e+00 -6.073161125183105469e+00 9.806828573346138000e-03
-5.298424720764160156e+00 -6.055140018463134766e+00 9.830041788518428802e-03
-5.364655971527099609e+00 -6.055449962615966797e+00 9.883797727525234222e-03
-5.355638980865478516e+00 -5.971053123474121094e+00 9.799497202038764954e-03
-5.626794338226318359e+00 -6.196450233459472656e+00 1.022588275372982025e-02
-5.534765720367431641e+00 -6.020462036132812500e+00 9.991309605538845062e-03
-5.527318000793457031e+00 -5.938807010650634766e+00 9.911896660923957825e-03
-5.717952251434326172e+00 -6.068539142608642578e+00 1.018678676337003708e-02
-5.646025180816650391e+00 -5.919012069702148438e+00 9.993753395974636078e-03
-5.762121677398681641e+00 -5.966981887817382812e+00 1.013425178825855255e-02
-5.759479522705078125e+00 -5.891470432281494141e+00 1.006583496928215027e-02
-5.839132785797119141e+00 -5.900087833404541016e+00 1.014158315956592560e-02
-6.035181999206542969e+00 -6.023803234100341797e+00 1.041769329458475113e-02
-6.072741985321044922e+00 -5.987360954284667969e+00 1.041891612112522125e-02
-6.049188137054443359e+00 -5.891379833221435547e+00 1.031628996133804321e-02
-6.039822101593017578e+00 -5.810474395751953125e+00 1.023932080715894699e-02
-6.081884860992431641e+00 -5.779504776000976562e+00 1.025031693279743195e-02
-6.230244636535644531e+00 -5.848159790039062500e+00 1.043968461453914642e-02
-6.286542892456054688e+00 -5.828858852386474609e+00 1.047389302402734756e-02
-6.316290855407714844e+00 -5.784772872924804688e+00 1.046411972492933273e-02
-6.370205879211425781e+00 -5.762679100036621094e+00 1.049466244876384735e-02
-6.398734092712402344e+00 -5.717487335205078125e+00 1.048366725444793701e-02
-6.450190544128417969e+00 -5.692675590515136719e+00 1.051054522395133972e-02
-6.404340744018554688e+00 -5.582681179046630859e+00 1.037982013076543808e-02
-6.567305088043212891e+00 -5.654197692871093750e+00 1.058751437813043594e-02
-6.282675743103027344e+00 -5.342369079589843750e+00 1.007560919970273972e-02
-6.135380268096923828e+00 -5.152587890625000000e+00 9.788502007722854614e-03
-6.178426265716552734e+00 -5.124420642852783203e+00 9.806828573346138000e-03
-6.637558460235595703e+00 -5.436830520629882812e+00 1.048244629055261612e-02
-6.674679756164550781e+00 -5.399144649505615234e+00 1.048855390399694443e-02
-6.589702606201171875e+00 -5.263845443725585938e+00 1.030407194048166275e-02
-6.675267219543457031e+00 -5.265426635742187500e+00 1.038715057075023651e-02
-6.614356040954589844e+00 -5.151859283447265625e+00 1.024298649281263351e-02
-6.266940593719482422e+00 -4.819771766662597656e+00 9.658998809754848480e-03
-6.495498180389404297e+00 -4.932417869567871094e+00 9.964431636035442352e-03
-6.902489662170410156e+00 -5.175004482269287109e+00 1.053986698389053345e-02
-6.885082244873046875e+00 -5.096261978149414062e+00 1.046534068882465363e-02
-6.784616470336914062e+00 -4.957750797271728516e+00 1.026619970798492432e-02
-6.857081413269042969e+00 -4.946449756622314453e+00 1.032972987741231918e-02
-7.115386486053466797e+00 -5.066694736480712891e+00 1.067181397229433060e-02
-7.094799518585205078e+00 -4.986713409423828125e+00 1.059484481811523438e-02
-7.071856498718261719e+00 -4.906035900115966797e+00 1.051543187350034714e-02
-7.081198692321777344e+00 -4.848427772521972656e+00 1.048488914966583252e-02
-7.211900711059570312e+00 -4.873192310333251953e+00 1.063393987715244293e-02
-6.795717716217041016e+00 -4.531484127044677734e+00 9.979092516005039215e-03
-7.321282386779785156e+00 -4.817304611206054688e+00 1.070724427700042725e-02
-7.142695426940917969e+00 -4.637247085571289062e+00 1.040425524115562439e-02
-7.308271408081054688e+00 -4.681251525878906250e+00 1.060339715331792831e-02
-7.333475112915039062e+00 -4.634183406829833984e+00 1.059850957244634628e-02
-7.416932582855224609e+00 -4.623484134674072266e+00 1.067792251706123352e-02
-7.450273036956787109e+00 -4.581030368804931641e+00 1.068525202572345734e-02
-1.209341049194335938e+01 -6.749087333679199219e+00 1.474513560533523560e-01
-7.482516765594482422e+00 -4.537822723388671875e+00 1.069136150181293488e-02
-1.248505306243896484e+01 -6.867529392242431641e+00 1.517098844051361084e-01
-7.509360790252685547e+00 -4.491312026977539062e+00 1.069013867527246475e-02
-7.565202236175537109e+00 -4.461915493011474609e+00 1.073045656085014343e-02
-1.260013961791992188e+01 -6.730762481689453125e+00 1.520931422710418701e-01
-7.467957019805908203e+00 -4.343020439147949219e+00 1.055452693253755569e-02
-1.284649085998535156e+01 -6.761370658874511719e+00 1.545630991458892822e-01
-7.614182472229003906e+00 -4.365758419036865234e+00 1.072312612086534500e-02
-1.268267536163330078e+01 -6.576093196868896484e+00 1.521037966012954712e-01
-7.666943073272705078e+00 -4.333718776702880859e+00 1.075977738946676254e-02
-1.304960536956787109e+01 -6.665071964263916016e+00 1.560109853744506836e-01
-7.682034015655517578e+00 -4.280266761779785156e+00 1.074389554560184479e-02
-1.307060432434082031e+01 -6.574990272521972656e+00 1.557767838239669800e-01
-7.732695579528808594e+00 -4.246527671813964844e+00 1.077810395509004593e-02
-1.306679630279541016e+01 -6.472917079925537109e+00 1.552551090717315674e-01
-7.742775917053222656e+00 -4.190433502197265625e+00 1.075611356645822525e-02
-1.309458351135253906e+01 -6.386919975280761719e+00 1.551167070865631104e-01
-7.815107345581054688e+00 -4.167785644531250000e+00 1.082086469978094101e-02
-1.285859584808349609e+01 -6.174437522888183594e+00 1.518695801496505737e-01
-7.869745731353759766e+00 -4.135104179382324219e+00 1.086118165403604507e-02
-1.347663879394531250e+01 -6.369748115539550781e+00 1.587045043706893921e-01
-7.887865543365478516e+00 -4.083060741424560547e+00 1.085140742361545563e-02
-1.396063518524169922e+01 -6.494013786315917969e+00 1.639318466186523438e-01
-7.651743888854980469e+00 -3.901492118835449219e+00 1.049344148486852646e-02
-1.337012767791748047e+01 -6.119822978973388672e+00 1.565539538860321045e-01
-7.970442295074462891e+00 -4.002562046051025391e+00 1.089661195874214172e-02
-1.340104389190673828e+01 -6.034795761108398438e+00 1.564794331789016724e-01
-8.047738075256347656e+00 -3.979734182357788086e+00 1.096869446337223053e-02
-1.369747066497802734e+01 -6.067470550537109375e+00 1.595029830932617188e-01
-7.858023166656494141e+00 -3.826090574264526367e+00 1.067792251706123352e-02
-1.345392322540283203e+01 -5.861104011535644531e+00 1.562452167272567749e-01
-8.171716690063476562e+00 -3.916984558105468750e+00 1.107131876051425934e-02
-1.410271358489990234e+01 -6.041062355041503906e+00 1.633462905883789062e-01
-8.182935714721679688e+00 -3.860796213150024414e+00 1.105421502143144608e-02
-1.410081005096435547e+01 -5.938116550445556641e+00 1.628991514444351196e-01
-8.294449806213378906e+00 -3.851365089416503906e+00 1.117272302508354187e-02
-1.414252471923828125e+01 -5.853778362274169922e+00 1.629630327224731445e-01
-8.319744110107421875e+00 -3.801229953765869141e+00 1.117516588419675827e-02
-1.421707916259765625e+01 -5.782714843750000000e+00 1.634101867675781250e-01
-8.575494766235351562e+00 -3.854655027389526367e+00 1.148670725524425507e-02
-1.399044227600097656e+01 -5.590733051300048828e+00 1.604079157114028931e-01
-8.268817901611328125e+00 -3.655983448028564453e+00 1.104566268622875214e-02
-8.048992156982421875e+00 -3.499905824661254883e+00 1.072312612086534500e-02
-8.361792564392089844e+00 -3.575073003768920898e+00 1.111041475087404251e-02
-1.460628700256347656e+01 -5.527268886566162109e+00 1.662740409374237061e-01
-8.280321121215820312e+00 -3.480301141738891602e+00 1.097358111292123795e-02
-8.328323364257812500e+00 -3.440501213073730469e+00 1.100901141762733459e-02
-1.494077014923095703e+01 -5.445195198059082031e+00 1.693082302808761597e-01
-8.606861114501953125e+00 -3.493899822235107422e+00 1.134865265339612961e-02
-8.435864448547363281e+00 -3.364342212677001953e+00 1.109575387090444565e-02
-8.804584503173828125e+00 -3.448927879333496094e+00 1.155268121510744095e-02
-8.885313987731933594e+00 -3.417815923690795898e+00 1.163087226450443268e-02
-1.479604148864746094e+01 -4.984629154205322266e+00 1.662314385175704956e-01
-8.916408538818359375e+00 -3.367118358612060547e+00 1.164431031793355942e-02
-8.922836303710937500e+00 -3.307132005691528320e+00 1.162598561495542526e-02
-1.485609626770019531e+01 -4.802683830261230469e+00 1.662314385175704956e-01
-8.891272544860839844e+00 -3.233522653579711914e+00 1.155878975987434387e-02
-8.983469009399414062e+00 -3.204777956008911133e+00 1.165286265313625336e-02
-8.904797554016113281e+00 -3.115253686904907227e+00 1.152580231428146362e-02
-9.145088195800781250e+00 -3.136470079421997070e+00 1.181168761104345322e-02
-8.968897819519042969e+00 -3.014664888381958008e+00 1.156001165509223938e-02
-9.107853889465332031e+00 -2.999299526214599609e+00 1.171517185866832733e-02
-9.403988838195800781e+00 -3.032988309860229492e+00 1.207191683351993561e-02
-9.161138534545898438e+00 -2.892726182937622070e+00 1.173716224730014801e-02
-8.572023391723632812e+00 -2.648976802825927734e+00 1.096136309206485748e-02
-9.113626480102539062e+00 -2.755200386047363281e+00 1.163209415972232819e-02
-9.202283859252929688e+00 -2.720491170883178711e+00 1.172372326254844666e-02
-9.091991424560546875e+00 -2.627330780029296875e+00 1.156245544552803040e-02
-9.023251533508300781e+00 -2.547583103179931641e+00 1.145494263619184494e-02
-9.160181045532226562e+00 -2.525660753250122070e+00 1.160888094455003738e-02
-9.165849685668945312e+00 -2.466808557510375977e+00 1.159666385501623154e-02
-9.734060287475585938e+00 -2.555782556533813477e+00 1.229549292474985123e-02
-9.753434181213378906e+00 -2.496999502182006836e+00 1.230038050562143326e-02
-9.783124923706054688e+00 -2.440737485885620117e+00 1.231870520859956741e-02
-9.715320587158203125e+00 -2.360594272613525391e+00 1.221485808491706848e-02
-9.644957542419433594e+00 -2.280915498733520508e+00 1.210856810212135315e-02
-9.943340301513671875e+00 -2.287148237228393555e+00 1.246531307697296143e-02
-9.948403358459472656e+00 -2.224130392074584961e+00 1.245431788265705109e-02
-9.988248825073242188e+00 -2.168775558471679688e+00 1.248730532824993134e-02
-9.975926399230957031e+00 -2.102087020874023438e+00 1.245553977787494659e-02
-9.970021247863769531e+00 -2.037032842636108398e+00 1.243232656270265579e-02
-1.006571483612060547e+01 -1.992323637008666992e+00 1.253617368638515472e-02
-6.258705615997314453e+00 -5.073429346084594727e-01 1.863633543252944946e-01
-1.009150028228759766e+01 -1.933158040046691895e+00 1.255327835679054260e-02
-6.244756221771240234e+00 -4.676617383956909180e-01 1.858590245246887207e-01
-1.017593479156494141e+01 -1.884677648544311523e+00 1.264368649572134018e-02
-1.023455715179443359e+01 -1.830655336380004883e+00 1.270232908427715302e-02
-1.044367027282714844e+01 -1.801999330520629883e+00 1.294789742678403854e-02
-1.044565200805664062e+01 -1.736408472061157227e+00 1.293690130114555359e-02
-6.222457885742187500e+00 -5.385471582412719727e-01 1.264670044183731079e-01
-1.006705474853515625e+01 -1.610059380531311035e+00 1.245553977787494659e-02
-6.191761493682861328e+00 -4.976334869861602783e-01 1.257786899805068970e-01
-1.040093994140625000e+01 -1.598070383071899414e+00 1.285626739263534546e-02
-6.204669475555419922e+00 -4.603720009326934814e-01 1.259811371564865112e-01
-1.029776763916015625e+01 -1.517600417137145996e+00 1.271698996424674988e-02
-1.009003448486328125e+01 -1.423786401748657227e+00 1.244943123310804367e-02
-1.030074977874755859e+01 -1.389111995697021484e+00 1.269866339862346649e-02
-1.042809963226318359e+01 -1.341189265251159668e+00 1.284527219831943512e-02
-6.208805561065673828e+00 -5.330669879913330078e-01 6.634779274463653564e-02
-1.033191013336181641e+01 -1.264423489570617676e+00 1.271698996424674988e-02
-6.191027164459228516e+00 -4.932925999164581299e-01 6.612421572208404541e-02
-1.032060050964355469e+01 -1.198812007904052734e+00 1.269377674907445908e-02
-6.188951015472412109e+00 -4.549293518066406250e-01 6.607098877429962158e-02
-1.028303146362304688e+01 -1.130545616149902344e+00 1.263879891484975815e-02
-9.890915870666503906e+00 -1.026052474975585938e+00 1.214888505637645721e-02
-1.026229190826416016e+01 -1.000971317291259766e+00 1.259726099669933319e-02
-6.207151889801025391e+00 -5.670114755630493164e-01 7.615044713020324707e-03
-6.199553489685058594e+00 -5.279810428619384766e-01 7.601605262607336044e-03
-6.241974830627441406e+00 -4.952279031276702881e-01 2.350738495588302612e-01
-6.189716815948486328e+00 -4.889076948165893555e-01 7.585722953081130981e-03
-6.195592403411865234e+00 -4.511369764804840088e-01 7.589388173073530197e-03
-1.037697029113769531e+01 -6.916251778602600098e-01 1.270599476993083954e-02
-1.041096305847167969e+01 -6.297516226768493652e-01 1.274264603853225708e-02
-1.043959522247314453e+01 -5.672156810760498047e-01 1.277318969368934631e-02
-1.042390060424804688e+01 -5.022344589233398438e-01 1.274997740983963013e-02
-1.045376205444335938e+01 -4.393990039825439453e-01 1.278296299278736115e-02
-1.057918262481689453e+01 -3.796589672565460205e-01 1.293323654681444168e-02
-1.061729717254638672e+01 -3.158095180988311768e-01 1.297721918672323227e-02
-1.062503242492675781e+01 -2.507986426353454590e-01 1.298454869538545609e-02
-1.061337375640869141e+01 -1.853729486465454102e-01 1.296866685152053833e-02
-1.055631446838378906e+01 -1.195899844169616699e-01 1.289780531078577042e-02
-1.061485004425048828e+01 -5.511655658483505249e-02 1.296866685152053833e-02
-1.063298797607421875e+01 1.003295648843050003e-02 1.299065724015235901e-02
-1.065772628784179688e+01 7.545254379510879517e-02 1.302120089530944824e-02
-1.069305801391601562e+01 1.413214355707168579e-01 1.306518260389566422e-02
-1.044603729248046875e+01 2.021700292825698853e-01 1.276463828980922699e-02
-1.047059154510498047e+01 2.669245004653930664e-01 1.279640290886163712e-02
-1.058969497680664062e+01 3.349915444850921631e-01 1.294423174113035202e-02
-1.079729080200195312e+01 4.078899323940277100e-01 1.320079527795314789e-02
-1.074263477325439453e+01 4.718513786792755127e-01 1.313726510852575302e-02
-1.081943702697753906e+01 5.417588353157043457e-01 1.323500275611877441e-02
-1.083288288116455078e+01 6.090897917747497559e-01 1.325577311217784882e-02
-1.083293342590332031e+01 6.757966876029968262e-01 1.326065976172685623e-02
-1.086649417877197266e+01 7.448522448539733887e-01 1.330708526074886322e-02
-1.081086063385009766e+01 8.077140450477600098e-01 1.324477791786193848e-02
-1.074190998077392578e+01 8.688731193542480469e-01 1.316658686846494675e-02
-1.061483669281005859e+01 9.241859912872314453e-01 1.301753614097833633e-02
-1.075533008575439453e+01 1.002948641777038574e+00 1.319712959229946136e-02
-1.065643024444580078e+01 1.059720396995544434e+00 1.308350916951894760e-02
-1.081381416320800781e+01 1.142421960830688477e+00 1.328509487211704254e-02
-1.056311988830566406e+01 1.181518554687500000e+00 1.298577059060335159e-02
-9.836108207702636719e+00 2.260675668716430664e+00 2.995400726795196533e-01
-1.051098155975341797e+01 1.241033911705017090e+00 1.293079275637865067e-02
-1.091896915435791016e+01 1.357187032699584961e+00 1.344269700348377228e-02
-1.088961219787597656e+01 1.421440958976745605e+00 1.341704092919826508e-02
-1.088167667388916016e+01 1.488367199897766113e+00 1.341826375573873520e-02
-1.084066104888916016e+01 1.550576806068420410e+00 1.337916776537895203e-02
-9.860353469848632812e+00 2.209753990173339844e+00 2.046105265617370605e-01
-1.068753337860107422e+01 1.595653533935546875e+00 1.320201717317104340e-02
-9.845635414123535156e+00 2.269989967346191406e+00 2.045902907848358154e-01
-1.085144901275634766e+01 1.688257336616516113e+00 1.341704092919826508e-02
-1.094157505035400391e+01 1.771107316017150879e+00 1.354165840893983841e-02
-1.114548301696777344e+01 1.874364256858825684e+00 1.380799524486064911e-02
-1.114657878875732422e+01 1.944950819015502930e+00 1.382387708872556686e-02
-1.101241397857666016e+01 1.991244792938232422e+00 1.367238350212574005e-02
-9.837856292724609375e+00 2.211813688278198242e+00 1.073573678731918335e-01
-1.092725086212158203e+01 2.045164585113525391e+00 1.358197536319494247e-02
-9.865016937255859375e+00 2.281599521636962891e+00 1.078045144677162170e-01
-1.129150199890136719e+01 2.185132503509521484e+00 1.405111886560916901e-02
-1.090035057067871094e+01 2.178908586502075195e+00 1.358075253665447235e-02
-1.088383769989013672e+01 2.245144844055175781e+00 1.357708871364593506e-02
-1.128262424468994141e+01 2.399675130844116211e+00 1.409265864640474319e-02
-1.105278587341308594e+01 2.421771764755249023e+00 1.382387708872556686e-02
-9.830056190490722656e+00 2.217158079147338867e+00 1.231137569993734360e-02
-9.853283882141113281e+00 2.286020517349243164e+00 1.235780119895935059e-02
-9.903270721435546875e+00 2.361746549606323242e+00 1.243843603879213333e-02
-1.113668632507324219e+01 2.728220224380493164e+00 1.400835905224084854e-02
-1.289156246185302734e+01 3.242098808288574219e+00 1.624045893549919128e-02
-1.287336444854736328e+01 3.321638584136962891e+00 1.624290458858013153e-02
-1.146740913391113281e+01 3.034035921096801758e+00 1.449216343462467194e-02
-1.261833477020263672e+01 3.421527624130249023e+00 1.597290113568305969e-02
-1.190818405151367188e+01 3.307538270950317383e+00 1.509936340153217316e-02
-1.202905941009521484e+01 3.420752048492431641e+00 1.527895778417587280e-02
-1.124163055419921875e+01 3.271514892578125000e+00 1.430401671677827835e-02
-1.199959373474121094e+01 3.572103977203369141e+00 1.529606245458126068e-02
-1.249787616729736328e+01 3.804070711135864258e+00 1.596068404614925385e-02
-1.340910720825195312e+01 4.171498298645019531e+00 1.715675741434097290e-02
-1.309068298339843750e+01 4.160704612731933594e+00 1.678168773651123047e-02
-1.305634593963623047e+01 4.238170146942138672e+00 1.677069067955017090e-02
-1.369455718994140625e+01 4.538407325744628906e+00 1.762590184807777405e-02
-1.352057075500488281e+01 4.573009014129638672e+00 1.743775606155395508e-02
-1.369549655914306641e+01 4.726016998291015625e+00 1.770042814314365387e-02
-1.465479755401611328e+01 5.157894134521484375e+00 1.898080110549926758e-02
-1.428403186798095703e+01 5.126117229461669922e+00 1.854097843170166016e-02
-1.495947837829589844e+01 5.472356319427490234e+00 1.946094073355197906e-02
-1.376595020294189453e+01 5.717267036437988281e+00 1.821111142635345459e-02
-1.367073631286621094e+01 5.776326656341552734e+00 1.813169755041599274e-02
-1.132622241973876953e+01 6.237668991088867188e+00 1.376674026250839233e-01
-1.127878570556640625e+01 6.221649646759033203e+00 1.573710702359676361e-02
-1.122818088531494141e+01 6.283900737762451172e+00 1.572000235319137573e-02
-4.666854381561279297e+00 4.549771785736083984e+00 1.319734901189804077e-01
-4.629598617553710938e+00 4.569191455841064453e+00 1.317103058099746704e-01
-4.558522224426269531e+00 4.450271606445312500e+00 6.782762706279754639e-02
-4.590160846710205078e+00 4.536499023437500000e+00 6.871127337217330933e-02
-2.316362142562866211e+00 2.781109571456909180e+00 1.074214801192283630e-01
-2.304968833923339844e+00 2.802217483520507812e+00 1.076884716749191284e-01
-4.613638401031494141e+00 4.510275363922119141e+00 7.882603444159030914e-03
-2.267564058303833008e+00 2.791481018066406250e+00 1.067391559481620789e-01
-4.600803375244140625e+00 4.553271770477294922e+00 7.908260449767112732e-03
-2.222872972488403320e+00 2.771035194396972656e+00 1.054338365793228149e-01
-2.316912889480590820e+00 2.785661220550537109e+00 7.336583733558654785e-02
-2.297238349914550781e+00 2.796734809875488281e+00 7.328486442565917969e-02
-2.266808032989501953e+00 2.794472217559814453e+00 7.285972684621810913e-02
-2.227116346359252930e+00 2.780237436294555664e+00 7.213093340396881104e-02
-2.315341234207153320e+00 2.787666320800781250e+00 3.858221694827079773e-02
-2.268369913101196289e+00 2.800328969955444336e+00 3.836929425597190857e-02
-2.282273054122924805e+00 2.751697301864624023e+00 4.367685876786708832e-03
-2.233868837356567383e+00 2.761615037918090820e+00 4.339586012065410614e-03
-9.035819023847579956e-02 6.950072050094604492e-01 1.419135089963674545e-02
-1.016492098569869995e-01 6.864756941795349121e-01 7.388537283986806870e-03
-1.084312722086906433e-01 7.057180404663085938e-01 8.723153732717037201e-04
-9.260006248950958252e-03 6.909596920013427734e-01 6.422579288482666016e-02
-5.153025686740875244e-02 6.495000720024108887e-01 2.446028403937816620e-02
-1.848667487502098083e-02 7.449486851692199707e-01 3.501135855913162231e-02
-3.868531063199043274e-02 7.074440121650695801e-01 2.659868448972702026e-02
