-3.007271327078342438e-02 -7.275666594505310059e-01 7.460870593786239624e-02 6.100000000000000000e+01 2.474843000000000000e+07 3.000000000000000000e+00 2.000000000000000000e+01 2.000000000000000000e+01 7.320000000000000000e+02
-1.409797091037034988e-02 -6.401773095130920410e-01 1.557410955429077148e-01 6.500000000000000000e+01 2.504377000000000000e+07 2.000000000000000000e+00 5.000000000000000000e+00 1.120000000000000000e+02 6.590000000000000000e+02
-1.720757223665714264e-02 -7.573602199554443359e-01 1.262277215719223022e-01 7.000000000000000000e+01 2.504377000000000000e+07 3.000000000000000000e+00 1.300000000000000000e+01 1.130000000000000000e+02 7.680000000000000000e+02
-4.381596669554710388e-02 -7.328479290008544922e-01 7.522024959325790405e-02 8.200000000000000000e+01 2.504377000000000000e+07 3.000000000000000000e+00 2.000000000000000000e+01 2.200000000000000000e+01 7.380000000000000000e+02
-2.593386359512805939e-02 -7.264044880867004395e-01 6.755739450454711914e-02 9.800000000000000000e+01 2.523996000000000000e+07 3.000000000000000000e+00 2.100000000000000000e+01 2.600000000000000000e+01 7.300000000000000000e+02
-5.258109420537948608e-02 -7.239646315574645996e-01 6.746485084295272827e-02 6.000000000000000000e+01 2.582923000000000000e+07 3.000000000000000000e+00 2.100000000000000000e+01 3.100000000000000000e+01 7.290000000000000000e+02
-6.487410515546798706e-02 -7.089051604270935059e-01 4.017347469925880432e-02 7.300000000000000000e+01 2.612294000000000000e+07 4.000000000000000000e+00 2.500000000000000000e+01 1.200000000000000000e+01 7.130000000000000000e+02
-7.004621624946594238e-02 -6.764520406723022461e-01 6.320781260728836060e-02 6.000000000000000000e+01 2.632009000000000000e+07 3.000000000000000000e+00 2.100000000000000000e+01 3.100000000000000000e+01 6.830000000000000000e+02
-9.024894237518310547e-02 -7.343233227729797363e-01 1.498088333755731583e-02 1.930000000000000000e+02 2.661446000000000000e+07 1.000000000000000000e+01 2.900000000000000000e+01 2.200000000000000000e+01 7.400000000000000000e+02
-1.085355058312416077e-01 -7.338654398918151855e-01 1.502137258648872375e-02 2.050000000000000000e+02 2.700663000000000000e+07 1.100000000000000000e+01 2.900000000000000000e+01 2.000000000000000000e+01 7.420000000000000000e+02
-5.806118622422218323e-02 -7.256925106048583984e-01 5.384507775306701660e-02 5.100000000000000000e+01 2.710401000000000000e+07 3.000000000000000000e+00 2.300000000000000000e+01 2.100000000000000000e+01 7.300000000000000000e+02
-1.157905831933021545e-01 -7.216193675994873047e-01 1.479868311434984207e-02 1.140000000000000000e+02 2.720215000000000000e+07 6.000000000000000000e+00 2.900000000000000000e+01 2.100000000000000000e+01 7.310000000000000000e+02
-1.213673651218414307e-01 -7.277985811233520508e-01 1.494039501994848251e-02 7.700000000000000000e+01 2.729983000000000000e+07 4.000000000000000000e+00 2.900000000000000000e+01 2.200000000000000000e+01 7.380000000000000000e+02
-1.228176876902580261e-01 -6.859833002090454102e-01 3.932830691337585449e-02 7.600000000000000000e+01 2.749339000000000000e+07 4.000000000000000000e+00 2.500000000000000000e+01 1.700000000000000000e+01 6.980000000000000000e+02
-1.059246212244033813e-01 -7.154030203819274902e-01 3.397884964942932129e-02 5.800000000000000000e+01 2.759109000000000000e+07 3.000000000000000000e+00 2.600000000000000000e+01 2.000000000000000000e+01 7.240000000000000000e+02
-1.202812790870666504e-01 -7.463268041610717773e-01 8.048608899116516113e-03 1.790000000000000000e+02 2.778455000000000000e+07 1.000000000000000000e+01 3.000000000000000000e+01 1.500000000000000000e+01 7.560000000000000000e+02
-1.327576041221618652e-01 -7.370975613594055176e-01 7.974084466695785522e-03 9.200000000000000000e+01 2.807713000000000000e+07 5.000000000000000000e+00 3.000000000000000000e+01 2.500000000000000000e+01 7.490000000000000000e+02
-1.277152895927429199e-01 -7.319405674934387207e-01 9.077455615624785423e-04 1.080000000000000000e+02 2.856401000000000000e+07 6.000000000000000000e+00 3.100000000000000000e+01 1.500000000000000000e+01 7.430000000000000000e+02
-4.853629112243652344e+00 -7.969298839569091797e+00 1.139996480196714401e-02 4.700000000000000000e+01 3.453094000000000000e+07 4.050000000000000000e+02 3.100000000000000000e+01 6.000000000000000000e+01 9.331000000000000000e+03
-4.884733676910400391e+00 -7.803184509277343750e+00 1.124724838882684708e-02 6.300000000000000000e+01 3.472640800000000000e+07 5.290000000000000000e+02 3.100000000000000000e+01 6.600000000000000000e+01 9.206000000000000000e+03
-4.886443138122558594e+00 -7.700452327728271484e+00 1.114218030124902725e-02 7.300000000000000000e+01 3.482556800000000000e+07 6.000000000000000000e+02 3.100000000000000000e+01 9.600000000000000000e+01 9.120000000000000000e+03
-4.958484172821044922e+00 -7.709012031555175781e+00 1.119837909936904907e-02 3.300000000000000000e+01 3.492336000000000000e+07 2.710000000000000000e+02 3.100000000000000000e+01 8.200000000000000000e+01 9.166000000000000000e+03
-5.107816219329833984e+00 -7.835094451904296875e+00 1.142684277147054672e-02 3.000000000000000000e+01 3.502207200000000000e+07 2.580000000000000000e+02 3.100000000000000000e+01 6.400000000000000000e+01 9.353000000000000000e+03
-5.030111312866210938e+00 -7.613375186920166016e+00 1.114828791469335556e-02 5.800000000000000000e+01 3.511984800000000000e+07 4.780000000000000000e+02 3.100000000000000000e+01 7.000000000000000000e+01 9.125000000000000000e+03
-5.113450527191162109e+00 -7.637209892272949219e+00 1.122892182320356369e-02 4.100000000000000000e+01 3.521712000000000000e+07 3.420000000000000000e+02 3.100000000000000000e+01 5.800000000000000000e+01 9.191000000000000000e+03
-5.158531665802001953e+00 -7.603208541870117188e+00 1.122525800019502640e-02 4.600000000000000000e+01 3.531618000000000000e+07 3.840000000000000000e+02 3.100000000000000000e+01 6.100000000000000000e+01 9.188000000000000000e+03
-5.199421405792236328e+00 -7.563172817230224609e+00 1.121303997933864594e-02 5.900000000000000000e+01 3.541371200000000000e+07 4.920000000000000000e+02 3.100000000000000000e+01 6.400000000000000000e+01 9.178000000000000000e+03
-5.253160476684570312e+00 -7.541794300079345703e+00 1.122892182320356369e-02 3.700000000000000000e+01 3.551108000000000000e+07 3.070000000000000000e+02 3.100000000000000000e+01 7.100000000000000000e+01 9.191000000000000000e+03
-5.325283050537109375e+00 -7.546186447143554688e+00 1.128389965742826462e-02 5.700000000000000000e+01 3.560887200000000000e+07 4.810000000000000000e+02 3.100000000000000000e+01 7.100000000000000000e+01 9.236000000000000000e+03
-5.374393463134765625e+00 -7.517436504364013672e+00 1.129000913351774216e-02 5.400000000000000000e+01 3.570702000000000000e+07 4.480000000000000000e+02 3.100000000000000000e+01 5.700000000000000000e+01 9.241000000000000000e+03
-5.413966655731201172e+00 -7.475409507751464844e+00 1.127657014876604080e-02 4.900000000000000000e+01 3.580587200000000000e+07 4.050000000000000000e+02 3.100000000000000000e+01 5.600000000000000000e+01 9.230000000000000000e+03
-5.405904769897460938e+00 -7.368677616119384766e+00 1.116539351642131805e-02 4.100000000000000000e+01 3.590436800000000000e+07 3.380000000000000000e+02 3.100000000000000000e+01 6.400000000000000000e+01 9.139000000000000000e+03
-5.508872032165527344e+00 -7.413224697113037109e+00 1.128389965742826462e-02 6.600000000000000000e+01 3.600246000000000000e+07 5.580000000000000000e+02 3.100000000000000000e+01 7.000000000000000000e+01 9.236000000000000000e+03
-5.592141628265380859e+00 -7.429618835449218750e+00 1.136086974292993546e-02 3.000000000000000000e+01 3.610082000000000000e+07 2.550000000000000000e+02 3.100000000000000000e+01 5.900000000000000000e+01 9.299000000000000000e+03
-5.586091518402099609e+00 -7.327568531036376953e+00 1.125702261924743652e-02 6.000000000000000000e+01 3.619854000000000000e+07 5.050000000000000000e+02 3.100000000000000000e+01 6.400000000000000000e+01 9.214000000000000000e+03
-5.690227031707763672e+00 -7.369933605194091797e+00 1.137553062289953232e-02 5.300000000000000000e+01 3.629602000000000000e+07 4.550000000000000000e+02 3.100000000000000000e+01 6.500000000000000000e+01 9.311000000000000000e+03
-5.766755580902099609e+00 -7.375056266784667969e+00 1.143783889710903168e-02 5.900000000000000000e+01 3.639411200000000000e+07 5.120000000000000000e+02 3.100000000000000000e+01 6.500000000000000000e+01 9.362000000000000000e+03
-5.783963680267333984e+00 -7.304254531860351562e+00 1.138286013156175613e-02 6.100000000000000000e+01 3.649204800000000000e+07 5.250000000000000000e+02 3.100000000000000000e+01 6.100000000000000000e+01 9.317000000000000000e+03
-5.820540428161621094e+00 -7.258485794067382812e+00 1.136697828769683838e-02 6.100000000000000000e+01 3.659044000000000000e+07 5.210000000000000000e+02 3.100000000000000000e+01 8.800000000000000000e+01 9.304000000000000000e+03
-6.006170749664306641e+00 -7.396524429321289062e+00 1.164064649492502213e-02 5.100000000000000000e+01 3.668808800000000000e+07 4.500000000000000000e+02 3.100000000000000000e+01 4.600000000000000000e+01 9.528000000000000000e+03
-5.989199638366699219e+00 -7.283835411071777344e+00 1.152091566473245621e-02 4.700000000000000000e+01 3.678791200000000000e+07 4.130000000000000000e+02 3.100000000000000000e+01 6.200000000000000000e+01 9.430000000000000000e+03
-6.152791976928710938e+00 -7.389890193939208984e+00 1.174815744161605835e-02 3.900000000000000000e+01 3.688544000000000000e+07 3.550000000000000000e+02 3.100000000000000000e+01 6.600000000000000000e+01 9.616000000000000000e+03
-5.966624736785888672e+00 -7.077521324157714844e+00 1.130955573171377182e-02 3.200000000000000000e+01 3.698358000000000000e+07 2.620000000000000000e+02 3.100000000000000000e+01 5.200000000000000000e+01 9.257000000000000000e+03
-6.183934211730957031e+00 -7.244616031646728516e+00 1.163698080927133560e-02 3.900000000000000000e+01 3.708162000000000000e+07 3.490000000000000000e+02 3.100000000000000000e+01 6.300000000000000000e+01 9.525000000000000000e+03
-6.028833866119384766e+00 -6.975775241851806641e+00 1.126435212790966034e-02 4.400000000000000000e+01 3.717838000000000000e+07 3.690000000000000000e+02 3.100000000000000000e+01 6.500000000000000000e+01 9.220000000000000000e+03
-6.336905479431152344e+00 -7.241935253143310547e+00 1.175670977681875229e-02 4.300000000000000000e+01 3.727591200000000000e+07 3.930000000000000000e+02 3.100000000000000000e+01 6.000000000000000000e+01 9.623000000000000000e+03
-6.363317489624023438e+00 -7.182706832885742188e+00 1.172372326254844666e-02 5.100000000000000000e+01 3.737364800000000000e+07 4.650000000000000000e+02 3.100000000000000000e+01 6.200000000000000000e+01 9.596000000000000000e+03
-6.443325996398925781e+00 -7.183726310729980469e+00 1.178969722241163254e-02 5.000000000000000000e+01 3.747152000000000000e+07 4.610000000000000000e+02 3.100000000000000000e+01 6.300000000000000000e+01 9.650000000000000000e+03
-6.461064815521240234e+00 -7.115182876586914062e+00 1.174204889684915543e-02 4.800000000000000000e+01 3.756864800000000000e+07 4.380000000000000000e+02 3.100000000000000000e+01 6.200000000000000000e+01 9.611000000000000000e+03
-6.497156620025634766e+00 -7.067306518554687500e+00 1.172860991209745407e-02 4.600000000000000000e+01 3.766592000000000000e+07 4.190000000000000000e+02 3.100000000000000000e+01 6.700000000000000000e+01 9.600000000000000000e+03
-6.536311149597167969e+00 -7.022916316986083984e+00 1.172128040343523026e-02 4.600000000000000000e+01 3.776335200000000000e+07 4.100000000000000000e+02 3.100000000000000000e+01 5.200000000000000000e+01 9.594000000000000000e+03
-6.609453678131103516e+00 -7.014701366424560547e+00 1.177503634244203568e-02 5.000000000000000000e+01 3.786102000000000000e+07 4.580000000000000000e+02 3.100000000000000000e+01 7.800000000000000000e+01 9.638000000000000000e+03
-6.679288864135742188e+00 -7.002234458923339844e+00 1.182268280535936356e-02 5.100000000000000000e+01 3.795768000000000000e+07 4.720000000000000000e+02 3.100000000000000000e+01 7.400000000000000000e+01 9.677000000000000000e+03
-6.754082202911376953e+00 -6.994209766387939453e+00 1.187888346612453461e-02 3.500000000000000000e+01 3.805531200000000000e+07 3.170000000000000000e+02 3.100000000000000000e+01 5.300000000000000000e+01 9.723000000000000000e+03
-6.740247726440429688e+00 -6.894714832305908203e+00 1.177992299199104309e-02 3.300000000000000000e+01 3.815310000000000000e+07 3.020000000000000000e+02 3.100000000000000000e+01 5.900000000000000000e+01 9.642000000000000000e+03
-6.836589813232421875e+00 -6.907957077026367188e+00 1.187399681657552719e-02 3.800000000000000000e+01 3.825128800000000000e+07 3.540000000000000000e+02 3.100000000000000000e+01 6.200000000000000000e+01 9.719000000000000000e+03
-6.895833969116210938e+00 -6.882832527160644531e+00 1.190331671386957169e-02 3.900000000000000000e+01 3.834867200000000000e+07 3.640000000000000000e+02 3.100000000000000000e+01 7.200000000000000000e+01 9.743000000000000000e+03
-7.061841011047363281e+00 -6.962553977966308594e+00 1.211589947342872620e-02 6.000000000000000000e+01 3.844579200000000000e+07 5.840000000000000000e+02 3.100000000000000000e+01 6.900000000000000000e+01 9.917000000000000000e+03
-6.971181392669677734e+00 -6.789319992065429688e+00 1.188865769654512405e-02 4.800000000000000000e+01 3.854284800000000000e+07 4.500000000000000000e+02 3.100000000000000000e+01 6.000000000000000000e+01 9.731000000000000000e+03
-6.980278968811035156e+00 -6.715219974517822266e+00 1.183367986232042313e-02 7.900000000000000000e+01 3.863976000000000000e+07 7.360000000000000000e+02 3.100000000000000000e+01 6.600000000000000000e+01 9.686000000000000000e+03
-7.053971767425537109e+00 -6.703261852264404297e+00 1.188865769654512405e-02 5.200000000000000000e+01 3.873780000000000000e+07 4.840000000000000000e+02 3.100000000000000000e+01 1.070000000000000000e+02 9.731000000000000000e+03
-7.129237651824951172e+00 -6.692019939422607422e+00 1.194607838988304138e-02 6.200000000000000000e+01 3.883518000000000000e+07 5.860000000000000000e+02 3.100000000000000000e+01 8.500000000000000000e+01 9.778000000000000000e+03
-7.213429450988769531e+00 -6.688264369964599609e+00 1.201816089451313019e-02 5.300000000000000000e+01 3.893302000000000000e+07 5.070000000000000000e+02 3.100000000000000000e+01 6.500000000000000000e+01 9.837000000000000000e+03
-7.273505687713623047e+00 -6.661437988281250000e+00 1.204992551356554031e-02 4.400000000000000000e+01 3.903090000000000000e+07 4.210000000000000000e+02 3.100000000000000000e+01 8.000000000000000000e+01 9.863000000000000000e+03
-7.169633388519287109e+00 -6.485865116119384766e+00 1.181168761104345322e-02 4.700000000000000000e+01 3.912868800000000000e+07 4.340000000000000000e+02 3.100000000000000000e+01 6.500000000000000000e+01 9.668000000000000000e+03
-7.371854782104492188e+00 -6.587003707885742188e+00 1.207802537828683853e-02 6.100000000000000000e+01 3.922652800000000000e+07 5.900000000000000000e+02 3.100000000000000000e+01 7.000000000000000000e+01 9.886000000000000000e+03
-7.426378726959228516e+00 -6.554219245910644531e+00 1.210123859345912933e-02 9.300000000000000000e+01 3.932374000000000000e+07 9.070000000000000000e+02 3.100000000000000000e+01 6.700000000000000000e+01 9.905000000000000000e+03
-7.384289741516113281e+00 -6.436905384063720703e+00 1.196806970983743668e-02 6.100000000000000000e+01 3.942044800000000000e+07 5.790000000000000000e+02 3.100000000000000000e+01 7.800000000000000000e+01 9.796000000000000000e+03
-7.560812950134277344e+00 -6.509569644927978516e+00 1.218920201063156128e-02 4.500000000000000000e+01 3.951911200000000000e+07 4.410000000000000000e+02 3.100000000000000000e+01 8.100000000000000000e+01 9.977000000000000000e+03
-7.750689983367919922e+00 -6.590670585632324219e+00 1.242988370358943939e-02 4.400000000000000000e+01 3.961540000000000000e+07 4.490000000000000000e+02 3.100000000000000000e+01 7.200000000000000000e+01 1.017400000000000000e+04
-7.746568202972412109e+00 -6.505688667297363281e+00 1.235902309417724609e-02 5.000000000000000000e+01 3.971366000000000000e+07 5.050000000000000000e+02 3.100000000000000000e+01 7.200000000000000000e+01 1.011600000000000000e+04
-7.709370613098144531e+00 -6.394194602966308594e+00 1.223685033619403839e-02 5.300000000000000000e+01 3.981276800000000000e+07 5.250000000000000000e+02 3.100000000000000000e+01 7.300000000000000000e+01 1.001600000000000000e+04
-7.752327919006347656e+00 -6.349938869476318359e+00 1.224295888096094131e-02 4.400000000000000000e+01 3.991071200000000000e+07 4.370000000000000000e+02 3.100000000000000000e+01 6.000000000000000000e+01 1.002100000000000000e+04
-8.029053688049316406e+00 -6.494696617126464844e+00 1.261680852621793747e-02 3.300000000000000000e+01 4.000935200000000000e+07 3.450000000000000000e+02 3.100000000000000000e+01 7.100000000000000000e+01 1.032700000000000000e+04
-7.917175769805908203e+00 -6.324229240417480469e+00 1.237979251891374588e-02 3.200000000000000000e+01 4.010708800000000000e+07 3.130000000000000000e+02 3.100000000000000000e+01 5.500000000000000000e+01 1.013300000000000000e+04
-7.863970279693603516e+00 -6.203071594238281250e+00 1.223685033619403839e-02 3.400000000000000000e+01 4.020390000000000000e+07 3.270000000000000000e+02 3.100000000000000000e+01 5.200000000000000000e+01 1.001600000000000000e+04
-7.852969646453857422e+00 -6.116603851318359375e+00 1.216110307723283768e-02 4.300000000000000000e+01 4.030224800000000000e+07 4.210000000000000000e+02 3.100000000000000000e+01 6.100000000000000000e+01 9.954000000000000000e+03
-7.699316501617431641e+00 -5.921381950378417969e+00 1.186666544526815414e-02 6.400000000000000000e+01 4.039952000000000000e+07 5.980000000000000000e+02 3.100000000000000000e+01 6.800000000000000000e+01 9.713000000000000000e+03
-8.061235427856445312e+00 -6.121375083923339844e+00 1.236635353416204453e-02 4.300000000000000000e+01 4.049751200000000000e+07 4.260000000000000000e+02 3.100000000000000000e+01 5.400000000000000000e+01 1.012200000000000000e+04
-8.292267799377441406e+00 -6.216963291168212891e+00 1.266201213002204895e-02 4.800000000000000000e+01 4.059536000000000000e+07 5.100000000000000000e+02 3.100000000000000000e+01 6.400000000000000000e+01 1.036400000000000000e+04
-7.935607910156250000e+00 -5.873849868774414062e+00 1.206214260309934616e-02 3.200000000000000000e+01 4.069251200000000000e+07 2.980000000000000000e+02 3.100000000000000000e+01 5.500000000000000000e+01 9.873000000000000000e+03
-8.389736175537109375e+00 -6.130666255950927734e+00 1.269499957561492920e-02 2.900000000000000000e+01 4.079142000000000000e+07 3.060000000000000000e+02 3.100000000000000000e+01 7.200000000000000000e+01 1.039100000000000000e+04
-8.419896125793457031e+00 -6.073807239532470703e+00 1.268400344997644424e-02 4.500000000000000000e+01 4.088926000000000000e+07 4.790000000000000000e+02 3.100000000000000000e+01 5.900000000000000000e+01 1.038200000000000000e+04
-8.554755210876464844e+00 -6.091634750366210938e+00 1.283061131834983826e-02 5.000000000000000000e+01 4.098659200000000000e+07 5.450000000000000000e+02 3.100000000000000000e+01 6.700000000000000000e+01 1.050200000000000000e+04
-8.384166717529296875e+00 -5.892969608306884766e+00 1.252029091119766235e-02 5.500000000000000000e+01 4.108472800000000000e+07 5.710000000000000000e+02 3.100000000000000000e+01 7.700000000000000000e+01 1.024800000000000000e+04
-8.527803421020507812e+00 -5.916085243225097656e+00 1.268033869564533234e-02 3.700000000000000000e+01 4.118251200000000000e+07 3.930000000000000000e+02 3.100000000000000000e+01 6.300000000000000000e+01 1.037900000000000000e+04
-8.553215980529785156e+00 -5.856303691864013672e+00 1.266445498913526535e-02 3.600000000000000000e+01 4.127988000000000000e+07 3.710000000000000000e+02 3.100000000000000000e+01 5.400000000000000000e+01 1.036600000000000000e+04
-8.594788551330566406e+00 -5.807631015777587891e+00 1.267300732433795929e-02 4.600000000000000000e+01 4.137812800000000000e+07 4.880000000000000000e+02 3.100000000000000000e+01 6.900000000000000000e+01 1.037300000000000000e+04
-8.693493843078613281e+00 -5.796948909759521484e+00 1.276585925370454788e-02 3.000000000000000000e+01 4.147632800000000000e+07 3.220000000000000000e+02 3.100000000000000000e+01 6.000000000000000000e+01 1.044900000000000000e+04
-8.665410041809082031e+00 -5.701722621917724609e+00 1.267300732433795929e-02 2.900000000000000000e+01 4.157492800000000000e+07 3.070000000000000000e+02 3.100000000000000000e+01 5.900000000000000000e+01 1.037300000000000000e+04
-8.701910018920898438e+00 -5.649534702301025391e+00 1.267545204609632492e-02 3.400000000000000000e+01 4.167148800000000000e+07 3.600000000000000000e+02 3.100000000000000000e+01 6.000000000000000000e+01 1.037500000000000000e+04
-8.934295654296875000e+00 -5.722787857055664062e+00 1.296255830675363541e-02 4.900000000000000000e+01 4.176876000000000000e+07 5.360000000000000000e+02 3.100000000000000000e+01 4.700000000000000000e+01 1.061000000000000000e+04
-9.069839477539062500e+00 -5.731429576873779297e+00 1.310794334858655930e-02 3.800000000000000000e+01 4.186520000000000000e+07 4.300000000000000000e+02 3.100000000000000000e+01 7.700000000000000000e+01 1.072900000000000000e+04
-8.834975242614746094e+00 -5.507447719573974609e+00 1.271943282335996628e-02 3.200000000000000000e+01 4.196328000000000000e+07 3.310000000000000000e+02 3.100000000000000000e+01 5.600000000000000000e+01 1.041100000000000000e+04
-9.039823532104492188e+00 -5.558414459228515625e+00 1.296500116586685181e-02 2.400000000000000000e+01 4.206222000000000000e+07 2.640000000000000000e+02 3.100000000000000000e+01 6.400000000000000000e+01 1.061200000000000000e+04
-9.066918373107910156e+00 -5.498693943023681641e+00 1.295522693544626236e-02 4.500000000000000000e+01 4.215903200000000000e+07 5.000000000000000000e+02 3.100000000000000000e+01 6.000000000000000000e+01 1.060400000000000000e+04
-8.964032173156738281e+00 -5.361343860626220703e+00 1.276097260415554047e-02 3.600000000000000000e+01 4.225716800000000000e+07 3.850000000000000000e+02 3.100000000000000000e+01 7.800000000000000000e+01 1.044500000000000000e+04
-9.171612739562988281e+00 -5.409368038177490234e+00 1.300898380577564240e-02 3.200000000000000000e+01 4.235500000000000000e+07 3.570000000000000000e+02 3.100000000000000000e+01 6.000000000000000000e+01 1.064800000000000000e+04
-9.564241409301757812e+00 -5.562122344970703125e+00 1.351722236722707748e-02 2.300000000000000000e+01 4.245202000000000000e+07 2.750000000000000000e+02 3.100000000000000000e+01 6.400000000000000000e+01 1.106400000000000000e+04
-9.268534660339355469e+00 -5.314317703247070312e+00 1.305296644568443298e-02 5.900000000000000000e+01 4.254964800000000000e+07 6.670000000000000000e+02 3.100000000000000000e+01 6.400000000000000000e+01 1.068400000000000000e+04
-9.511641502380371094e+00 -5.376429557800292969e+00 1.334862504154443741e-02 3.800000000000000000e+01 4.264702000000000000e+07 4.470000000000000000e+02 3.100000000000000000e+01 6.100000000000000000e+01 1.092600000000000000e+04
-9.393325805664062500e+00 -5.233762264251708984e+00 1.313726510852575302e-02 1.470000000000000000e+02 4.274424800000000000e+07 1.683000000000000000e+03 3.100000000000000000e+01 5.000000000000000000e+01 1.075300000000000000e+04
-9.496261596679687500e+00 -5.215017318725585938e+00 1.323622558265924454e-02 5.100000000000000000e+01 4.284131200000000000e+07 5.920000000000000000e+02 3.100000000000000000e+01 6.900000000000000000e+01 1.083400000000000000e+04
-9.737393379211425781e+00 -5.269931793212890625e+00 1.352699752897024155e-02 4.700000000000000000e+01 4.293900000000000000e+07 5.700000000000000000e+02 3.100000000000000000e+01 6.200000000000000000e+01 1.107200000000000000e+04
-9.758956909179687500e+00 -5.204438209533691406e+00 1.351233664900064468e-02 3.100000000000000000e+01 4.303548800000000000e+07 3.720000000000000000e+02 3.100000000000000000e+01 7.100000000000000000e+01 1.106000000000000000e+04
-9.533988952636718750e+00 -5.009569644927978516e+00 1.315803453326225281e-02 5.700000000000000000e+01 4.313318000000000000e+07 6.540000000000000000e+02 3.100000000000000000e+01 7.400000000000000000e+01 1.077000000000000000e+04
-9.775909423828125000e+00 -5.060384750366210938e+00 1.344880647957324982e-02 3.900000000000000000e+01 4.323106000000000000e+07 4.630000000000000000e+02 3.100000000000000000e+01 8.900000000000000000e+01 1.100800000000000000e+04
-9.807665824890136719e+00 -5.000760078430175781e+00 1.345002837479114532e-02 2.400000000000000000e+01 4.332952000000000000e+07 2.850000000000000000e+02 3.100000000000000000e+01 6.000000000000000000e+01 1.100900000000000000e+04
-1.020366668701171875e+01 -5.124032974243164062e+00 1.394971553236246109e-02 2.600000000000000000e+01 4.342638000000000000e+07 3.300000000000000000e+02 3.100000000000000000e+01 8.000000000000000000e+01 1.141800000000000000e+04
-1.019995689392089844e+01 -5.044040203094482422e+00 1.390206813812255859e-02 3.700000000000000000e+01 4.352452000000000000e+07 4.720000000000000000e+02 3.100000000000000000e+01 6.300000000000000000e+01 1.137900000000000000e+04
-1.029454994201660156e+01 -5.012441158294677734e+00 1.398881152272224426e-02 4.900000000000000000e+01 4.362256000000000000e+07 6.340000000000000000e+02 3.100000000000000000e+01 7.600000000000000000e+01 1.145000000000000000e+04
-1.034314632415771484e+01 -4.957825183868408203e+00 1.401324570178985596e-02 3.200000000000000000e+01 4.372064800000000000e+07 4.140000000000000000e+02 3.100000000000000000e+01 5.900000000000000000e+01 1.147000000000000000e+04
-9.622727394104003906e+00 -4.540105342864990234e+00 1.299920957535505295e-02 6.900000000000000000e+01 4.381731200000000000e+07 7.720000000000000000e+02 3.100000000000000000e+01 9.500000000000000000e+01 1.064000000000000000e+04
-1.008938884735107422e+01 -4.684809684753417969e+00 1.359052676707506180e-02 4.700000000000000000e+01 4.391514000000000000e+07 5.720000000000000000e+02 3.100000000000000000e+01 8.800000000000000000e+01 1.112400000000000000e+04
-1.056453800201416016e+01 -4.826859951019287109e+00 1.419039722532033920e-02 3.100000000000000000e+01 4.401268000000000000e+07 3.980000000000000000e+02 3.100000000000000000e+01 5.600000000000000000e+01 1.161500000000000000e+04
-1.034221839904785156e+01 -4.648790836334228516e+00 1.385319884866476059e-02 7.600000000000000000e+01 4.411159200000000000e+07 9.670000000000000000e+02 3.100000000000000000e+01 8.800000000000000000e+01 1.133900000000000000e+04
-1.059553813934326172e+01 -4.684721946716308594e+00 1.415374502539634705e-02 5.000000000000000000e+01 4.420803200000000000e+07 6.640000000000000000e+02 3.100000000000000000e+01 6.500000000000000000e+01 1.158500000000000000e+04
-1.062041473388671875e+01 -4.618025302886962891e+00 1.414885744452476501e-02 2.900000000000000000e+01 4.430520800000000000e+07 3.800000000000000000e+02 3.100000000000000000e+01 7.300000000000000000e+01 1.158100000000000000e+04
-1.071475410461425781e+01 -4.581078052520751953e+00 1.423682272434234619e-02 3.700000000000000000e+01 4.440304800000000000e+07 4.840000000000000000e+02 3.100000000000000000e+01 4.400000000000000000e+01 1.165300000000000000e+04
-1.053431606292724609e+01 -4.427678108215332031e+00 1.396071165800094604e-02 6.500000000000000000e+01 4.450042000000000000e+07 8.420000000000000000e+02 3.100000000000000000e+01 6.400000000000000000e+01 1.142700000000000000e+04
-1.089308738708496094e+01 -4.500027179718017578e+00 1.439931243658065796e-02 2.800000000000000000e+01 4.459804800000000000e+07 3.690000000000000000e+02 3.100000000000000000e+01 5.400000000000000000e+01 1.178600000000000000e+04
-1.071109008789062500e+01 -4.348097801208496094e+00 1.412320137023925781e-02 2.900000000000000000e+01 4.469471200000000000e+07 3.800000000000000000e+02 3.100000000000000000e+01 6.800000000000000000e+01 1.156000000000000000e+04
-1.097071075439453125e+01 -4.375274658203125000e+00 1.442985609173774719e-02 3.200000000000000000e+01 4.479223200000000000e+07 4.260000000000000000e+02 3.100000000000000000e+01 5.300000000000000000e+01 1.181100000000000000e+04
-1.100293731689453125e+01 -4.310065746307373047e+00 1.443718560039997101e-02 3.600000000000000000e+01 4.489084000000000000e+07 4.950000000000000000e+02 3.100000000000000000e+01 6.300000000000000000e+01 1.181700000000000000e+04
-1.121117591857910156e+01 -4.312479496002197266e+00 1.467542443424463272e-02 4.200000000000000000e+01 4.498714000000000000e+07 5.860000000000000000e+02 3.100000000000000000e+01 4.700000000000000000e+01 1.201200000000000000e+04
-1.119813346862792969e+01 -4.228769779205322266e+00 1.462411042302846909e-02 4.100000000000000000e+01 4.508426000000000000e+07 5.660000000000000000e+02 3.100000000000000000e+01 5.600000000000000000e+01 1.197000000000000000e+04
-1.095007133483886719e+01 -4.058500289916992188e+00 1.426736544817686081e-02 2.500000000000000000e+01 4.518295200000000000e+07 3.210000000000000000e+02 3.100000000000000000e+01 5.700000000000000000e+01 1.167800000000000000e+04
-1.089864540100097656e+01 -3.963551521301269531e+00 1.416840497404336929e-02 4.500000000000000000e+01 4.527946000000000000e+07 5.850000000000000000e+02 3.100000000000000000e+01 5.700000000000000000e+01 1.159700000000000000e+04
-1.115916728973388672e+01 -3.980940580368041992e+00 1.447505969554185867e-02 4.100000000000000000e+01 4.537688800000000000e+07 5.670000000000000000e+02 3.100000000000000000e+01 6.700000000000000000e+01 1.184800000000000000e+04
-1.103141498565673828e+01 -3.859229326248168945e+00 1.427836064249277115e-02 3.800000000000000000e+01 4.547436000000000000e+07 5.010000000000000000e+02 3.100000000000000000e+01 3.900000000000000000e+01 1.168700000000000000e+04
-1.137555217742919922e+01 -3.901447057723999023e+00 1.469252817332744598e-02 3.300000000000000000e+01 4.557316800000000000e+07 4.580000000000000000e+02 3.100000000000000000e+01 4.100000000000000000e+01 1.202600000000000000e+04
-1.107889175415039062e+01 -3.723885059356689453e+00 1.427958346903324127e-02 3.000000000000000000e+01 4.566968000000000000e+07 3.910000000000000000e+02 3.100000000000000000e+01 4.600000000000000000e+01 1.168800000000000000e+04
-1.121930980682373047e+01 -3.694621562957763672e+00 1.443107705563306808e-02 3.900000000000000000e+01 4.576664000000000000e+07 5.250000000000000000e+02 3.100000000000000000e+01 4.200000000000000000e+01 1.181200000000000000e+04
-1.144829273223876953e+01 -3.692320108413696289e+00 1.469619292765855789e-02 4.600000000000000000e+01 4.586504800000000000e+07 6.440000000000000000e+02 3.100000000000000000e+01 5.400000000000000000e+01 1.202900000000000000e+04
-1.119323825836181641e+01 -3.534383535385131836e+00 1.434066984802484512e-02 4.400000000000000000e+01 4.596262000000000000e+07 5.860000000000000000e+02 3.100000000000000000e+01 5.100000000000000000e+01 1.173800000000000000e+04
-1.127012825012207031e+01 -3.482760906219482422e+00 1.441152952611446381e-02 3.100000000000000000e+01 4.606067200000000000e+07 4.120000000000000000e+02 3.100000000000000000e+01 4.400000000000000000e+01 1.179600000000000000e+04
-1.139179420471191406e+01 -3.443928241729736328e+00 1.453981176018714905e-02 4.000000000000000000e+01 4.615911200000000000e+07 5.470000000000000000e+02 3.100000000000000000e+01 4.300000000000000000e+01 1.190100000000000000e+04
-1.125064468383789062e+01 -3.326052665710449219e+00 1.433333847671747208e-02 3.200000000000000000e+01 4.625603200000000000e+07 4.210000000000000000e+02 3.100000000000000000e+01 5.100000000000000000e+01 1.173200000000000000e+04
-2.894877910614013672e+00 -5.056438446044921875e-01 8.721876144409179688e-02 7.700000000000000000e+01 4.635448000000000000e+07 6.600000000000000000e+01 2.800000000000000000e+01 2.300000000000000000e+01 2.940000000000000000e+03
-1.114691162109375000e+01 -3.221145391464233398e+00 1.417573634535074234e-02 6.400000000000000000e+01 4.635448000000000000e+07 8.540000000000000000e+02 3.100000000000000000e+01 6.500000000000000000e+01 1.160300000000000000e+04
-2.906797170639038086e+00 -4.893651604652404785e-01 8.748576045036315918e-02 1.000000000000000000e+02 4.645164800000000000e+07 8.600000000000000000e+01 2.800000000000000000e+01 2.900000000000000000e+01 2.949000000000000000e+03
-1.137530231475830078e+01 -3.211650133132934570e+00 1.444085128605365753e-02 3.700000000000000000e+01 4.645164800000000000e+07 4.970000000000000000e+02 3.100000000000000000e+01 4.700000000000000000e+01 1.182000000000000000e+04
-2.903825044631958008e+00 -4.705608189105987549e-01 8.730775862932205200e-02 1.150000000000000000e+02 4.654891200000000000e+07 9.900000000000000000e+01 2.800000000000000000e+01 3.400000000000000000e+01 2.943000000000000000e+03
-1.148541355133056641e+01 -3.166777610778808594e+00 1.455569360405206680e-02 3.500000000000000000e+01 4.654891200000000000e+07 4.760000000000000000e+02 3.100000000000000000e+01 5.100000000000000000e+01 1.191400000000000000e+04
-2.903694629669189453e+00 -4.522729218006134033e-01 8.721876144409179688e-02 7.300000000000000000e+01 4.664614000000000000e+07 6.200000000000000000e+01 2.800000000000000000e+01 4.500000000000000000e+01 2.940000000000000000e+03
-1.150173091888427734e+01 -3.095465183258056641e+00 1.455202884972095490e-02 3.300000000000000000e+01 4.664614000000000000e+07 4.480000000000000000e+02 3.100000000000000000e+01 5.100000000000000000e+01 1.191100000000000000e+04
-1.161626243591308594e+01 -3.049974918365478516e+00 1.467297971248626709e-02 4.600000000000000000e+01 4.674356000000000000e+07 6.420000000000000000e+02 3.100000000000000000e+01 5.400000000000000000e+01 1.201000000000000000e+04
-2.906535387039184570e+00 -5.240157842636108398e-01 5.980207026004791260e-02 1.140000000000000000e+02 4.684084000000000000e+07 9.800000000000000000e+01 2.900000000000000000e+01 5.400000000000000000e+01 2.954000000000000000e+03
-1.136738109588623047e+01 -2.910189867019653320e+00 1.433578226715326309e-02 8.700000000000000000e+01 4.684084000000000000e+07 1.191000000000000000e+03 3.100000000000000000e+01 6.100000000000000000e+01 1.173400000000000000e+04
-2.940901517868041992e+00 -5.126579403877258301e-01 1.684694141149520874e-01 4.900000000000000000e+01 4.693999200000000000e+07 4.300000000000000000e+01 2.500000000000000000e+01 3.700000000000000000e+01 2.990000000000000000e+03
-2.885071039199829102e+00 -5.018879175186157227e-01 5.929595604538917542e-02 1.610000000000000000e+02 4.693999200000000000e+07 1.370000000000000000e+02 2.900000000000000000e+01 5.100000000000000000e+01 2.929000000000000000e+03
-1.096393108367919922e+01 -2.735330104827880859e+00 1.380555145442485809e-02 1.640000000000000000e+02 4.693999200000000000e+07 2.085000000000000000e+03 3.100000000000000000e+01 8.100000000000000000e+01 1.130000000000000000e+04
-2.943991661071777344e+00 -4.946032464504241943e-01 1.684694141149520874e-01 1.780000000000000000e+02 4.703635200000000000e+07 1.580000000000000000e+02 2.500000000000000000e+01 5.200000000000000000e+01 2.990000000000000000e+03
-2.892040252685546875e+00 -4.848372340202331543e-01 5.937693268060684204e-02 1.930000000000000000e+02 4.703635200000000000e+07 1.640000000000000000e+02 2.900000000000000000e+01 3.900000000000000000e+01 2.933000000000000000e+03
-1.159949779510498047e+01 -2.818405151367187500e+00 1.458379346877336502e-02 4.600000000000000000e+01 4.703635200000000000e+07 6.350000000000000000e+02 3.100000000000000000e+01 4.700000000000000000e+01 1.193700000000000000e+04
-2.945985317230224609e+00 -4.763705432415008545e-01 1.684130579233169556e-01 1.390000000000000000e+02 4.713526000000000000e+07 1.230000000000000000e+02 2.500000000000000000e+01 5.100000000000000000e+01 2.989000000000000000e+03
-2.895947933197021484e+00 -4.672421514987945557e-01 5.939717963337898254e-02 1.710000000000000000e+02 4.713526000000000000e+07 1.450000000000000000e+02 2.900000000000000000e+01 5.600000000000000000e+01 2.934000000000000000e+03
-1.057626914978027344e+01 -2.501159667968750000e+00 1.327776443213224411e-02 1.290000000000000000e+02 4.713526000000000000e+07 1.517000000000000000e+03 3.100000000000000000e+01 6.600000000000000000e+01 1.086800000000000000e+04
-2.928400039672851562e+00 -4.540598988533020020e-01 6.000451371073722839e-02 1.530000000000000000e+02 4.723248800000000000e+07 1.340000000000000000e+02 2.900000000000000000e+01 6.300000000000000000e+01 2.964000000000000000e+03
-1.159422874450683594e+01 -2.666882514953613281e+00 1.453492417931556702e-02 4.000000000000000000e+01 4.723248800000000000e+07 5.470000000000000000e+02 3.100000000000000000e+01 4.300000000000000000e+01 1.189700000000000000e+04
-2.893552303314208984e+00 -4.304921925067901611e-01 5.923522263765335083e-02 4.100000000000000000e+01 4.732955200000000000e+07 3.500000000000000000e+01 2.900000000000000000e+01 6.100000000000000000e+01 2.926000000000000000e+03
-2.908983230590820312e+00 -5.408386588096618652e-01 3.150242567062377930e-02 4.400000000000000000e+01 4.732955200000000000e+07 3.800000000000000000e+01 3.000000000000000000e+01 8.200000000000000000e+01 2.959000000000000000e+03
-1.155669975280761719e+01 -2.583691835403442383e+00 1.446773018687963486e-02 6.100000000000000000e+01 4.732955200000000000e+07 8.460000000000000000e+02 3.100000000000000000e+01 7.500000000000000000e+01 1.184200000000000000e+04
-2.927010059356689453e+00 -5.256304740905761719e-01 3.166212141513824463e-02 1.460000000000000000e+02 4.742696800000000000e+07 1.280000000000000000e+02 3.000000000000000000e+01 5.300000000000000000e+01 2.974000000000000000e+03
-1.161337947845458984e+01 -2.521644353866577148e+00 1.451904233545064926e-02 5.100000000000000000e+01 4.742696800000000000e+07 7.120000000000000000e+02 3.100000000000000000e+01 7.000000000000000000e+01 1.188400000000000000e+04
-2.954407215118408203e+00 -5.134516358375549316e-01 1.408901959657669067e-01 1.060000000000000000e+02 4.752480800000000000e+07 9.400000000000000000e+01 2.600000000000000000e+01 5.300000000000000000e+01 3.002000000000000000e+03
-2.931165218353271484e+00 -5.078314542770385742e-01 3.167276456952095032e-02 1.970000000000000000e+02 4.752480800000000000e+07 1.740000000000000000e+02 3.000000000000000000e+01 6.600000000000000000e+01 2.975000000000000000e+03
-1.196426200866699219e+01 -2.521060943603515625e+00 1.493809465318918228e-02 4.300000000000000000e+01 4.752480800000000000e+07 6.210000000000000000e+02 3.100000000000000000e+01 5.400000000000000000e+01 1.222700000000000000e+04
-2.954546451568603516e+00 -4.948191046714782715e-01 1.407494097948074341e-01 1.680000000000000000e+02 4.762228800000000000e+07 1.490000000000000000e+02 2.600000000000000000e+01 4.100000000000000000e+01 2.999000000000000000e+03
-2.936198711395263672e+00 -4.901659190654754639e-01 3.169405832886695862e-02 2.010000000000000000e+02 4.762228800000000000e+07 1.770000000000000000e+02 3.000000000000000000e+01 7.100000000000000000e+01 2.977000000000000000e+03
-1.184038066864013672e+01 -2.419176816940307617e+00 1.476461067795753479e-02 2.500000000000000000e+01 4.762228800000000000e+07 3.460000000000000000e+02 3.100000000000000000e+01 3.900000000000000000e+01 1.208500000000000000e+04
-2.955554962158203125e+00 -4.763631820678710938e-01 1.406555473804473877e-01 1.180000000000000000e+02 4.772023200000000000e+07 1.050000000000000000e+02 2.600000000000000000e+01 4.700000000000000000e+01 2.997000000000000000e+03
-2.925328969955444336e+00 -4.699201285839080811e-01 3.154500946402549744e-02 1.810000000000000000e+02 4.772023200000000000e+07 1.580000000000000000e+02 3.000000000000000000e+01 6.300000000000000000e+01 2.963000000000000000e+03
-1.179123783111572266e+01 -2.333859205245971680e+00 1.468519680202007294e-02 5.400000000000000000e+01 4.772023200000000000e+07 7.600000000000000000e+02 3.100000000000000000e+01 4.300000000000000000e+01 1.202000000000000000e+04
-2.996920108795166016e+00 -4.641820788383483887e-01 1.424859017133712769e-01 1.300000000000000000e+01 4.781786000000000000e+07 1.100000000000000000e+01 2.600000000000000000e+01 3.900000000000000000e+01 3.036000000000000000e+03
-2.911357164382934570e+00 -4.493687152862548828e-01 3.136402368545532227e-02 1.470000000000000000e+02 4.781786000000000000e+07 1.270000000000000000e+02 3.000000000000000000e+01 6.700000000000000000e+01 2.946000000000000000e+03
-1.205676555633544922e+01 -2.309629917144775391e+00 1.499796099960803986e-02 2.300000000000000000e+01 4.781786000000000000e+07 3.380000000000000000e+02 3.100000000000000000e+01 6.400000000000000000e+01 1.227600000000000000e+04
-2.908124685287475586e+00 -4.306176900863647461e-01 3.130014240741729736e-02 3.900000000000000000e+01 4.791575200000000000e+07 3.300000000000000000e+01 3.000000000000000000e+01 6.600000000000000000e+01 2.940000000000000000e+03
-2.938031911849975586e+00 -5.441508293151855469e-01 3.650530008599162102e-03 5.900000000000000000e+01 4.791575200000000000e+07 5.100000000000000000e+01 3.100000000000000000e+01 5.100000000000000000e+01 2.988000000000000000e+03
-2.922341823577880859e+00 -5.237721204757690430e-01 1.114593669772148132e-01 7.600000000000000000e+01 4.801352800000000000e+07 6.700000000000000000e+01 2.700000000000000000e+01 6.000000000000000000e+01 2.971000000000000000e+03
-2.932456016540527344e+00 -5.245284438133239746e-01 3.639534348621964455e-03 1.030000000000000000e+02 4.801352800000000000e+07 9.000000000000000000e+01 3.100000000000000000e+01 5.500000000000000000e+01 2.979000000000000000e+03
-2.922546625137329102e+00 -5.053203701972961426e-01 1.113468185067176819e-01 1.820000000000000000e+02 4.811064800000000000e+07 1.590000000000000000e+02 2.700000000000000000e+01 5.800000000000000000e+01 2.968000000000000000e+03
-2.917881488800048828e+00 -5.034648180007934570e-01 3.617543261498212814e-03 1.180000000000000000e+02 4.811064800000000000e+07 1.030000000000000000e+02 3.100000000000000000e+01 7.200000000000000000e+01 2.961000000000000000e+03
-2.932492017745971680e+00 -4.885278940200805664e-01 1.116094291210174561e-01 1.720000000000000000e+02 4.820771200000000000e+07 1.520000000000000000e+02 2.700000000000000000e+01 6.900000000000000000e+01 2.975000000000000000e+03
-2.917956352233886719e+00 -4.850595891475677490e-01 3.613878041505813599e-03 1.350000000000000000e+02 4.820771200000000000e+07 1.170000000000000000e+02 3.100000000000000000e+01 5.600000000000000000e+01 2.958000000000000000e+03
-2.949248075485229492e+00 -4.727394878864288330e-01 1.121346503496170044e-01 1.770000000000000000e+02 4.830607200000000000e+07 1.580000000000000000e+02 2.700000000000000000e+01 7.400000000000000000e+01 2.989000000000000000e+03
-2.903103351593017578e+00 -4.643035233020782471e-01 3.591886721551418304e-03 1.060000000000000000e+02 4.830607200000000000e+07 9.100000000000000000e+01 3.100000000000000000e+01 6.700000000000000000e+01 2.940000000000000000e+03
-2.874068737030029297e+00 -4.426182508468627930e-01 1.091709062457084656e-01 2.800000000000000000e+01 4.840216000000000000e+07 2.300000000000000000e+01 2.700000000000000000e+01 7.300000000000000000e+01 2.910000000000000000e+03
-2.913805007934570312e+00 -4.476966261863708496e-01 3.601660719141364098e-03 7.600000000000000000e+01 4.840216000000000000e+07 6.500000000000000000e+01 3.100000000000000000e+01 4.600000000000000000e+01 2.948000000000000000e+03
-2.909572124481201172e+00 -4.287888407707214355e-01 3.593108616769313812e-03 1.200000000000000000e+01 4.850004000000000000e+07 9.000000000000000000e+00 3.100000000000000000e+01 4.400000000000000000e+01 2.941000000000000000e+03
-1.218329524993896484e+01 -1.719162821769714355e+00 1.503216940909624100e-02 5.100000000000000000e+01 4.859828800000000000e+07 7.630000000000000000e+02 3.100000000000000000e+01 7.000000000000000000e+01 1.230400000000000000e+04
-1.234028720855712891e+01 -1.664154648780822754e+00 1.521298475563526154e-02 4.400000000000000000e+01 4.869710000000000000e+07 6.600000000000000000e+02 3.100000000000000000e+01 5.200000000000000000e+01 1.245200000000000000e+04
-1.239489746093750000e+01 -1.594145059585571289e+00 1.526796258985996246e-02 3.900000000000000000e+01 4.879448000000000000e+07 5.870000000000000000e+02 3.100000000000000000e+01 4.700000000000000000e+01 1.249700000000000000e+04
-1.234191322326660156e+01 -1.510408520698547363e+00 1.519099436700344086e-02 4.900000000000000000e+01 4.889047200000000000e+07 7.350000000000000000e+02 3.100000000000000000e+01 5.100000000000000000e+01 1.243400000000000000e+04
-1.246518039703369141e+01 -1.447920441627502441e+00 1.533149275928735733e-02 3.200000000000000000e+01 4.898743200000000000e+07 4.960000000000000000e+02 3.100000000000000000e+01 5.800000000000000000e+01 1.254900000000000000e+04
-1.247283554077148438e+01 -1.371298909187316895e+00 1.533027086406946182e-02 3.000000000000000000e+01 4.908506000000000000e+07 4.500000000000000000e+02 3.100000000000000000e+01 5.000000000000000000e+01 1.254800000000000000e+04
-1.248002052307128906e+01 -1.294638037681579590e+00 1.532904990017414093e-02 3.400000000000000000e+01 4.918186000000000000e+07 5.120000000000000000e+02 3.100000000000000000e+01 5.500000000000000000e+01 1.254700000000000000e+04
-1.259322834014892578e+01 -1.228327989578247070e+00 1.545855309814214706e-02 5.000000000000000000e+01 4.927980800000000000e+07 7.780000000000000000e+02 3.100000000000000000e+01 4.900000000000000000e+01 1.265300000000000000e+04
-1.254675197601318359e+01 -1.146121978759765625e+00 1.539257913827896118e-02 7.100000000000000000e+01 4.937656800000000000e+07 1.118000000000000000e+03 3.100000000000000000e+01 6.500000000000000000e+01 1.259900000000000000e+04
-1.194076633453369141e+01 -1.016927719116210938e+00 1.464121509343385696e-02 7.400000000000000000e+01 4.947502000000000000e+07 1.055000000000000000e+03 3.100000000000000000e+01 6.100000000000000000e+01 1.198400000000000000e+04
-1.257482528686523438e+01 -9.932487607002258301e-01 1.541090477257966995e-02 4.100000000000000000e+01 4.957295200000000000e+07 6.290000000000000000e+02 3.100000000000000000e+01 5.700000000000000000e+01 1.261400000000000000e+04
-1.227549076080322266e+01 -8.938496708869934082e-01 1.503705605864524841e-02 9.900000000000000000e+01 4.967054000000000000e+07 1.488000000000000000e+03 3.100000000000000000e+01 8.600000000000000000e+01 1.230800000000000000e+04
-1.288141155242919922e+01 -8.585463166236877441e-01 1.577253825962543488e-02 3.000000000000000000e+01 4.976735200000000000e+07 4.920000000000000000e+02 3.100000000000000000e+01 5.800000000000000000e+01 1.291000000000000000e+04
-1.286447715759277344e+01 -7.781628966331481934e-01 1.574565842747688293e-02 4.500000000000000000e+01 4.986431200000000000e+07 7.390000000000000000e+02 3.100000000000000000e+01 5.800000000000000000e+01 1.288800000000000000e+04
-1.293990516662597656e+01 -7.030652761459350586e-01 1.583240181207656860e-02 3.600000000000000000e+01 4.996204800000000000e+07 5.800000000000000000e+02 3.100000000000000000e+01 5.300000000000000000e+01 1.295900000000000000e+04
-1.291700649261474609e+01 -6.223549246788024902e-01 1.579941436648368835e-02 3.600000000000000000e+01 5.005978000000000000e+07 5.780000000000000000e+02 3.100000000000000000e+01 5.000000000000000000e+01 1.293200000000000000e+04
-1.290859317779541016e+01 -5.425820350646972656e-01 1.578475534915924072e-02 1.010000000000000000e+02 5.015740000000000000e+07 1.664000000000000000e+03 3.100000000000000000e+01 3.500000000000000000e+01 1.292000000000000000e+04
-1.290968036651611328e+01 -4.632943868637084961e-01 1.578231155872344971e-02 3.400000000000000000e+01 5.025606000000000000e+07 5.440000000000000000e+02 3.100000000000000000e+01 4.800000000000000000e+01 1.291800000000000000e+04
-1.355799484252929688e+01 -4.032800495624542236e-01 1.657154969871044159e-02 2.200000000000000000e+01 5.035344000000000000e+07 3.790000000000000000e+02 3.100000000000000000e+01 4.900000000000000000e+01 1.356400000000000000e+04
-1.327029418945312500e+01 -3.132387399673461914e-01 1.621724665164947510e-02 8.600000000000000000e+01 5.044984800000000000e+07 1.506000000000000000e+03 3.100000000000000000e+01 6.100000000000000000e+01 1.327400000000000000e+04
-1.331396007537841797e+01 -2.325413227081298828e-01 1.626856066286563873e-02 3.100000000000000000e+01 5.054747200000000000e+07 5.400000000000000000e+02 3.100000000000000000e+01 6.000000000000000000e+01 1.331600000000000000e+04
-1.256718540191650391e+01 -1.423706561326980591e-01 1.535470597445964813e-02 5.300000000000000000e+01 5.064530000000000000e+07 8.250000000000000000e+02 3.100000000000000000e+01 8.700000000000000000e+01 1.256800000000000000e+04
-1.254882240295410156e+01 -6.515851616859436035e-02 1.533149275928735733e-02 8.200000000000000000e+01 5.074156000000000000e+07 1.275000000000000000e+03 3.100000000000000000e+01 1.170000000000000000e+02 1.254900000000000000e+04
-1.308898544311523438e+01 1.235035900026559830e-02 1.599122770130634308e-02 7.400000000000000000e+01 5.083912800000000000e+07 1.253000000000000000e+03 3.100000000000000000e+01 9.900000000000000000e+01 1.308900000000000000e+04
-1.311266231536865234e+01 9.283253550529479980e-02 1.602054946124553680e-02 9.900000000000000000e+01 5.093707200000000000e+07 1.686000000000000000e+03 3.100000000000000000e+01 1.070000000000000000e+02 1.311300000000000000e+04
-1.355580711364746094e+01 1.791560500860214233e-01 1.656299643218517303e-02 5.800000000000000000e+01 5.103512000000000000e+07 1.039000000000000000e+03 3.100000000000000000e+01 5.200000000000000000e+01 1.355700000000000000e+04
-1.364943408966064453e+01 2.641677856445312500e-01 1.667906157672405243e-02 2.200000000000000000e+01 5.113182000000000000e+07 3.840000000000000000e+02 3.100000000000000000e+01 4.800000000000000000e+01 1.365200000000000000e+04
-1.354259109497070312e+01 3.452382981777191162e-01 1.655077934265136719e-02 3.400000000000000000e+01 5.122920000000000000e+07 6.140000000000000000e+02 3.100000000000000000e+01 6.200000000000000000e+01 1.354700000000000000e+04
-1.352922248840332031e+01 4.279797673225402832e-01 1.653734035789966583e-02 4.600000000000000000e+01 5.132768800000000000e+07 8.170000000000000000e+02 3.100000000000000000e+01 4.600000000000000000e+01 1.353600000000000000e+04
-1.369522190093994141e+01 5.173652768135070801e-01 1.674381271004676819e-02 1.020000000000000000e+02 5.142482000000000000e+07 1.905000000000000000e+03 3.100000000000000000e+01 6.400000000000000000e+01 1.370500000000000000e+04
-1.300345325469970703e+01 5.711538791656494141e-01 1.590204052627086639e-02 9.600000000000000000e+01 5.152219200000000000e+07 1.613000000000000000e+03 3.100000000000000000e+01 9.200000000000000000e+01 1.301600000000000000e+04
-1.347610759735107422e+01 6.747856140136718750e-01 1.648480631411075592e-02 4.100000000000000000e+01 5.162064000000000000e+07 7.360000000000000000e+02 3.100000000000000000e+01 6.500000000000000000e+01 1.349300000000000000e+04
-1.347171306610107422e+01 7.574607729911804199e-01 1.648480631411075592e-02 8.000000000000000000e+01 5.171766000000000000e+07 1.446000000000000000e+03 3.100000000000000000e+01 6.600000000000000000e+01 1.349300000000000000e+04
-1.348178195953369141e+01 8.410412669181823730e-01 1.650313101708889008e-02 4.000000000000000000e+01 5.181584800000000000e+07 7.190000000000000000e+02 3.100000000000000000e+01 7.100000000000000000e+01 1.350800000000000000e+04
-1.362801265716552734e+01 9.341427087783813477e-01 1.668883487582206726e-02 7.600000000000000000e+01 5.191311200000000000e+07 1.408000000000000000e+03 3.100000000000000000e+01 6.300000000000000000e+01 1.366000000000000000e+04
-1.361903190612792969e+01 1.017521500587463379e+00 1.668516919016838074e-02 4.000000000000000000e+01 5.200904800000000000e+07 7.320000000000000000e+02 3.100000000000000000e+01 8.400000000000000000e+01 1.365700000000000000e+04
-1.361950969696044922e+01 1.101631522178649902e+00 1.669372245669364929e-02 5.900000000000000000e+01 5.210720000000000000e+07 1.086000000000000000e+03 3.100000000000000000e+01 9.700000000000000000e+01 1.366400000000000000e+04
-1.375595092773437500e+01 1.197668671607971191e+00 1.686965115368366241e-02 3.100000000000000000e+01 5.220564800000000000e+07 5.810000000000000000e+02 3.100000000000000000e+01 6.000000000000000000e+01 1.380800000000000000e+04
-1.372444629669189453e+01 1.279822707176208496e+00 1.684032939374446869e-02 1.000000000000000000e+02 5.230236000000000000e+07 1.874000000000000000e+03 3.100000000000000000e+01 4.100000000000000000e+01 1.378400000000000000e+04
-1.363971424102783203e+01 1.356390595436096191e+00 1.674625650048255920e-02 4.300000000000000000e+01 5.240046000000000000e+07 7.980000000000000000e+02 3.100000000000000000e+01 5.800000000000000000e+01 1.370700000000000000e+04
-1.398516368865966797e+01 1.477458119392395020e+00 1.718119159340858459e-02 5.200000000000000000e+01 5.249690000000000000e+07 9.990000000000000000e+02 3.100000000000000000e+01 5.400000000000000000e+01 1.406300000000000000e+04
-1.383968448638916016e+01 1.548012733459472656e+00 1.701381430029869080e-02 5.000000000000000000e+01 5.259439200000000000e+07 9.600000000000000000e+02 3.100000000000000000e+01 5.800000000000000000e+01 1.392600000000000000e+04
-1.388653182983398438e+01 1.639585971832275391e+00 1.708345301449298859e-02 3.600000000000000000e+01 5.269263200000000000e+07 6.940000000000000000e+02 3.100000000000000000e+01 5.900000000000000000e+01 1.398300000000000000e+04
-1.387124824523925781e+01 1.724144458770751953e+00 1.707734540104866028e-02 4.200000000000000000e+01 5.278964000000000000e+07 7.930000000000000000e+02 3.100000000000000000e+01 4.900000000000000000e+01 1.397800000000000000e+04
-1.384850883483886719e+01 1.807671189308166504e+00 1.706268452107906342e-02 4.900000000000000000e+01 5.288758000000000000e+07 9.270000000000000000e+02 3.100000000000000000e+01 5.700000000000000000e+01 1.396600000000000000e+04
-1.406602573394775391e+01 1.923914074897766113e+00 1.734490320086479187e-02 6.500000000000000000e+01 5.298526000000000000e+07 1.281000000000000000e+03 3.100000000000000000e+01 5.000000000000000000e+01 1.419700000000000000e+04
-1.385894107818603516e+01 1.982291698455810547e+00 1.710422337055206299e-02 4.700000000000000000e+01 5.308304800000000000e+07 9.090000000000000000e+02 3.100000000000000000e+01 7.100000000000000000e+01 1.400000000000000000e+04
-1.385047340393066406e+01 2.067881822586059570e+00 1.710911095142364502e-02 8.200000000000000000e+01 5.317899200000000000e+07 1.580000000000000000e+03 3.100000000000000000e+01 5.300000000000000000e+01 1.400400000000000000e+04
-1.378219032287597656e+01 2.144219160079956055e+00 1.704069413244724274e-02 1.810000000000000000e+02 5.327636800000000000e+07 3.476000000000000000e+03 3.100000000000000000e+01 3.900000000000000000e+01 1.394800000000000000e+04
-1.377568435668945312e+01 2.229863166809082031e+00 1.704924553632736206e-02 4.700000000000000000e+01 5.337291200000000000e+07 9.010000000000000000e+02 3.100000000000000000e+01 8.400000000000000000e+01 1.395500000000000000e+04
-1.373511600494384766e+01 2.309869289398193359e+00 1.701625809073448181e-02 8.000000000000000000e+01 5.347147200000000000e+07 1.539000000000000000e+03 3.100000000000000000e+01 7.500000000000000000e+01 1.392800000000000000e+04
-1.358769321441650391e+01 2.370897531509399414e+00 1.685132458806037903e-02 1.230000000000000000e+02 5.356751200000000000e+07 2.325000000000000000e+03 3.100000000000000000e+01 8.900000000000000000e+01 1.379300000000000000e+04
-1.363488578796386719e+01 2.465435266494750977e+00 1.692829467356204987e-02 1.730000000000000000e+02 5.366575200000000000e+07 3.293000000000000000e+03 3.100000000000000000e+01 5.600000000000000000e+01 1.385600000000000000e+04
-1.368732261657714844e+01 2.561744689941406250e+00 1.701259240508079529e-02 7.900000000000000000e+01 5.376360000000000000e+07 1.519000000000000000e+03 3.100000000000000000e+01 7.300000000000000000e+01 1.392500000000000000e+04
-1.456441688537597656e+01 4.481295108795166016e+00 3.870022296905517578e+00 6.800000000000000000e+01 5.386144000000000000e+07 1.666000000000000000e+03 4.000000000000000000e+00 7.000000000000000000e+01 1.572200000000000000e+04
-1.378621578216552734e+01 2.667909860610961914e+00 1.715553551912307739e-02 7.400000000000000000e+01 5.386144000000000000e+07 1.445000000000000000e+03 3.100000000000000000e+01 8.200000000000000000e+01 1.404200000000000000e+04
-1.433415794372558594e+01 4.506910800933837891e+00 3.816114902496337891e+00 1.540000000000000000e+02 5.395946000000000000e+07 3.669000000000000000e+03 4.000000000000000000e+00 3.900000000000000000e+01 1.550300000000000000e+04
-1.392354011535644531e+01 2.783224582672119141e+00 1.734734699130058289e-02 4.700000000000000000e+01 5.395946000000000000e+07 9.370000000000000000e+02 3.100000000000000000e+01 6.100000000000000000e+01 1.419900000000000000e+04
-1.407184123992919922e+01 4.519497871398925781e+00 3.753591775894165039e+00 2.460000000000000000e+02 5.405816800000000000e+07 5.703000000000000000e+03 4.000000000000000000e+00 8.600000000000000000e+01 1.524900000000000000e+04
-1.474778175354003906e+01 4.733752727508544922e+00 3.326184272766113281e+00 3.450000000000000000e+02 5.405816800000000000e+07 8.572000000000000000e+03 8.000000000000000000e+00 5.200000000000000000e+01 1.584200000000000000e+04
-1.498248195648193359e+01 4.811971187591552734e+00 2.780391216278076172e+00 3.170000000000000000e+02 5.405816800000000000e+07 8.054000000000000000e+03 1.200000000000000000e+01 6.900000000000000000e+01 1.598000000000000000e+04
-6.414893627166748047e+00 1.814702868461608887e+00 1.349899023771286011e-01 2.900000000000000000e+01 5.405816800000000000e+07 1.260000000000000000e+02 2.900000000000000000e+01 6.600000000000000000e+01 6.668000000000000000e+03
-1.399630355834960938e+01 2.887192010879516602e+00 1.745974645018577576e-02 6.900000000000000000e+01 5.405816800000000000e+07 1.399000000000000000e+03 3.100000000000000000e+01 5.800000000000000000e+01 1.429100000000000000e+04
-1.403555679321289062e+01 4.603037834167480469e+00 3.751376390457153320e+00 2.610000000000000000e+02 5.415564800000000000e+07 6.041000000000000000e+03 4.000000000000000000e+00 1.050000000000000000e+02 1.524000000000000000e+04
-6.464140415191650391e+00 1.871546864509582520e+00 1.362653076648712158e-01 2.580000000000000000e+02 5.415564800000000000e+07 1.166000000000000000e+03 2.900000000000000000e+01 7.100000000000000000e+01 6.731000000000000000e+03
-1.376705074310302734e+01 2.928081989288330078e+00 1.719585247337818146e-02 8.000000000000000000e+01 5.415564800000000000e+07 1.572000000000000000e+03 3.100000000000000000e+01 7.200000000000000000e+01 1.407500000000000000e+04
-1.398682785034179688e+01 4.682302474975585938e+00 3.745960950851440430e+00 1.900000000000000000e+02 5.425292000000000000e+07 4.362000000000000000e+03 4.000000000000000000e+00 7.500000000000000000e+01 1.521800000000000000e+04
-6.418024063110351562e+00 1.900953054428100586e+00 1.355365067720413208e-01 2.400000000000000000e+01 5.425292000000000000e+07 1.050000000000000000e+02 2.900000000000000000e+01 5.800000000000000000e+01 6.695000000000000000e+03
-1.376152324676513672e+01 3.015282392501831055e+00 1.721173524856567383e-02 5.200000000000000000e+01 5.425292000000000000e+07 1.021000000000000000e+03 3.100000000000000000e+01 6.400000000000000000e+01 1.408800000000000000e+04
-1.373495960235595703e+01 3.097904682159423828e+00 1.720196194946765900e-02 5.400000000000000000e+01 5.435087200000000000e+07 1.057000000000000000e+03 3.100000000000000000e+01 8.100000000000000000e+01 1.408000000000000000e+04
-1.376634693145751953e+01 3.193874597549438477e+00 1.726549118757247925e-02 1.120000000000000000e+02 5.444747200000000000e+07 2.227000000000000000e+03 3.100000000000000000e+01 5.900000000000000000e+01 1.413200000000000000e+04
-1.381555461883544922e+01 3.294753551483154297e+00 1.735223457217216492e-02 5.500000000000000000e+01 5.454632800000000000e+07 1.098000000000000000e+03 3.100000000000000000e+01 6.500000000000000000e+01 1.420300000000000000e+04
-1.449197483062744141e+01 4.648679256439208984e+00 3.701627731323242188e+00 3.140000000000000000e+02 5.464272800000000000e+07 7.691000000000000000e+03 5.000000000000000000e+00 5.900000000000000000e+01 1.566300000000000000e+04
-1.482669258117675781e+01 4.761757373809814453e+00 3.185262680053710938e+00 3.780000000000000000e+02 5.464272800000000000e+07 9.510000000000000000e+03 9.000000000000000000e+00 6.700000000000000000e+01 1.589500000000000000e+04
-6.444417953491210938e+00 1.827839136123657227e+00 7.131961733102798462e-02 2.250000000000000000e+02 5.464272800000000000e+07 1.002000000000000000e+03 3.000000000000000000e+01 8.300000000000000000e+01 6.699000000000000000e+03
-1.381353187561035156e+01 3.383982896804809570e+00 1.737544871866703033e-02 7.700000000000000000e+01 5.464272800000000000e+07 1.529000000000000000e+03 3.100000000000000000e+01 4.800000000000000000e+01 1.422200000000000000e+04
-1.405041885375976562e+01 4.602310657501220703e+00 3.595988512039184570e+00 1.590000000000000000e+02 5.473948800000000000e+07 3.648000000000000000e+03 5.000000000000000000e+00 4.800000000000000000e+01 1.521600000000000000e+04
-6.419637203216552734e+00 1.863444447517395020e+00 7.117056846618652344e-02 2.770000000000000000e+02 5.473948800000000000e+07 1.235000000000000000e+03 3.000000000000000000e+01 6.100000000000000000e+01 6.685000000000000000e+03
-1.380220603942871094e+01 3.471116304397583008e+00 1.738766394555568695e-02 8.800000000000000000e+01 5.473948800000000000e+07 1.771000000000000000e+03 3.100000000000000000e+01 6.800000000000000000e+01 1.423200000000000000e+04
-1.396109485626220703e+01 4.668099880218505859e+00 3.580390691757202148e+00 1.360000000000000000e+02 5.483834000000000000e+07 3.090000000000000000e+03 5.000000000000000000e+00 4.400000000000000000e+01 1.515000000000000000e+04
-6.391786575317382812e+00 1.897960662841796875e+00 7.098957896232604980e-02 4.400000000000000000e+01 5.483834000000000000e+07 1.920000000000000000e+02 3.000000000000000000e+01 9.100000000000000000e+01 6.668000000000000000e+03
-1.384939575195312500e+01 3.573478460311889648e+00 1.747440733015537262e-02 1.040000000000000000e+02 5.483834000000000000e+07 2.117000000000000000e+03 3.100000000000000000e+01 6.300000000000000000e+01 1.430300000000000000e+04
-1.384171009063720703e+01 3.662226200103759766e+00 1.749273389577865601e-02 6.900000000000000000e+01 5.493542000000000000e+07 1.403000000000000000e+03 3.100000000000000000e+01 6.600000000000000000e+01 1.431800000000000000e+04
-1.415774536132812500e+01 3.838946819305419922e+00 1.792156137526035309e-02 5.600000000000000000e+01 5.503243200000000000e+07 1.193000000000000000e+03 3.100000000000000000e+01 6.500000000000000000e+01 1.466900000000000000e+04
-1.437658023834228516e+01 4.503366470336914062e+00 4.110125064849853516e+00 6.900000000000000000e+01 5.513140000000000000e+07 1.667000000000000000e+03 2.000000000000000000e+00 7.500000000000000000e+01 1.561600000000000000e+04
-1.415704822540283203e+01 3.932167768478393555e+00 1.795088313519954681e-02 2.700000000000000000e+01 5.513140000000000000e+07 5.700000000000000000e+02 3.100000000000000000e+01 6.800000000000000000e+01 1.469300000000000000e+04
-1.435235214233398438e+01 4.592670917510986328e+00 4.111177921295166016e+00 3.090000000000000000e+02 5.522860800000000000e+07 7.455000000000000000e+03 2.000000000000000000e+00 5.000000000000000000e+01 1.562000000000000000e+04
-1.462152767181396484e+01 4.687246799468994141e+00 3.578744649887084961e+00 3.750000000000000000e+02 5.522860800000000000e+07 9.261000000000000000e+03 6.000000000000000000e+00 5.000000000000000000e+01 1.576600000000000000e+04
-1.490336418151855469e+01 4.789071559906005859e+00 3.048486471176147461e+00 3.920000000000000000e+02 5.522860800000000000e+07 9.929000000000000000e+03 1.000000000000000000e+01 6.900000000000000000e+01 1.594800000000000000e+04
-6.432940006256103516e+00 1.829361081123352051e+00 8.170931600034236908e-03 1.980000000000000000e+02 5.522860800000000000e+07 8.790000000000000000e+02 3.100000000000000000e+01 5.500000000000000000e+01 6.688000000000000000e+03
-6.431196212768554688e+00 1.871592760086059570e+00 8.183149620890617371e-03 2.300000000000000000e+02 5.532619200000000000e+07 1.030000000000000000e+03 3.100000000000000000e+01 6.200000000000000000e+01 6.698000000000000000e+03
-6.422466278076171875e+00 1.911874413490295410e+00 8.186814375221729279e-03 9.200000000000000000e+01 5.542480000000000000e+07 4.090000000000000000e+02 3.100000000000000000e+01 1.060000000000000000e+02 6.701000000000000000e+03
-1.343923473358154297e+01 4.090599060058593750e+00 1.716286502778530121e-02 1.040000000000000000e+02 5.552099200000000000e+07 2.035000000000000000e+03 3.100000000000000000e+01 1.020000000000000000e+02 1.404800000000000000e+04
-1.380919456481933594e+01 4.295962810516357422e+00 1.766866259276866913e-02 1.060000000000000000e+02 5.561791200000000000e+07 2.205000000000000000e+03 3.100000000000000000e+01 6.900000000000000000e+01 1.446200000000000000e+04
-1.380354213714599609e+01 4.387277603149414062e+00 1.769554056227207184e-02 1.530000000000000000e+02 5.571584000000000000e+07 3.191000000000000000e+03 3.100000000000000000e+01 1.050000000000000000e+02 1.448400000000000000e+04
-1.444408130645751953e+01 4.619071006774902344e+00 3.986865282058715820e+00 3.690000000000000000e+02 5.581343200000000000e+07 9.035000000000000000e+03 3.000000000000000000e+00 6.100000000000000000e+01 1.568000000000000000e+04
-1.468918704986572266e+01 4.711586952209472656e+00 3.448190450668334961e+00 3.940000000000000000e+02 5.581343200000000000e+07 9.757000000000000000e+03 7.000000000000000000e+00 5.600000000000000000e+01 1.580700000000000000e+04
-1.493685626983642578e+01 4.805407524108886719e+00 2.902455568313598633e+00 3.770000000000000000e+02 5.581343200000000000e+07 9.537000000000000000e+03 1.100000000000000000e+01 5.400000000000000000e+01 1.595700000000000000e+04
-1.381916332244873047e+01 4.485785484313964844e+00 1.775051839649677277e-02 1.180000000000000000e+02 5.581343200000000000e+07 2.476000000000000000e+03 3.100000000000000000e+01 8.300000000000000000e+01 1.452900000000000000e+04
-1.375625705718994141e+01 4.558854579925537109e+00 1.770531386137008667e-02 9.600000000000000000e+01 5.591019200000000000e+07 2.002000000000000000e+03 3.100000000000000000e+01 7.800000000000000000e+01 1.449200000000000000e+04
-1.413725185394287109e+01 4.781586647033691406e+00 1.823310181498527527e-02 5.500000000000000000e+01 5.600598000000000000e+07 1.211000000000000000e+03 3.100000000000000000e+01 7.300000000000000000e+01 1.492400000000000000e+04
-1.333344650268554688e+01 4.601081371307373047e+00 1.723250560462474823e-02 5.200000000000000000e+01 5.610418000000000000e+07 1.021000000000000000e+03 3.100000000000000000e+01 7.900000000000000000e+01 1.410500000000000000e+04
-1.340966796875000000e+01 4.719658851623535156e+00 1.736811734735965729e-02 9.400000000000000000e+01 5.620190000000000000e+07 1.885000000000000000e+03 3.100000000000000000e+01 8.700000000000000000e+01 1.421600000000000000e+04
-1.383224487304687500e+01 4.963984012603759766e+00 1.795454882085323334e-02 1.000000000000000000e+02 5.629903200000000000e+07 2.145000000000000000e+03 3.100000000000000000e+01 7.600000000000000000e+01 1.469600000000000000e+04
-1.439036273956298828e+01 5.264167308807373047e+00 1.872057281434535980e-02 5.200000000000000000e+01 5.639680000000000000e+07 1.207000000000000000e+03 3.100000000000000000e+01 7.100000000000000000e+01 1.532300000000000000e+04
-1.413290977478027344e+01 5.268533229827880859e+00 1.842735707759857178e-02 4.500000000000000000e+01 5.649536000000000000e+07 1.008000000000000000e+03 3.100000000000000000e+01 7.900000000000000000e+01 1.508300000000000000e+04
-1.401337528228759766e+01 5.322132587432861328e+00 1.831373572349548340e-02 6.800000000000000000e+01 5.659264000000000000e+07 1.510000000000000000e+03 3.100000000000000000e+01 9.300000000000000000e+01 1.499000000000000000e+04
-1.418284130096435547e+01 5.486304759979248047e+00 1.857885159552097321e-02 3.200000000000000000e+01 5.668980000000000000e+07 7.230000000000000000e+02 3.100000000000000000e+01 8.400000000000000000e+01 1.520700000000000000e+04
-1.327152442932128906e+01 5.227625370025634766e+00 1.742676086723804474e-02 1.080000000000000000e+02 5.678736800000000000e+07 2.178000000000000000e+03 3.100000000000000000e+01 1.110000000000000000e+02 1.426400000000000000e+04
-1.435112762451171875e+01 5.754846096038818359e+00 1.889039203524589539e-02 7.200000000000000000e+01 5.688455200000000000e+07 1.686000000000000000e+03 3.100000000000000000e+01 5.400000000000000000e+01 1.546200000000000000e+04
-1.405630779266357422e+01 5.736988067626953125e+00 1.854830794036388397e-02 5.600000000000000000e+01 5.698259200000000000e+07 1.275000000000000000e+03 3.100000000000000000e+01 7.800000000000000000e+01 1.518200000000000000e+04
-1.397189426422119141e+01 5.802799701690673828e+00 1.848355680704116821e-02 1.010000000000000000e+02 5.707971200000000000e+07 2.294000000000000000e+03 3.100000000000000000e+01 9.000000000000000000e+01 1.512900000000000000e+04
-1.429987907409667969e+01 6.042160034179687500e+00 1.896614022552967072e-02 6.600000000000000000e+01 5.717826000000000000e+07 1.576000000000000000e+03 3.100000000000000000e+01 7.100000000000000000e+01 1.552400000000000000e+04
-1.372507286071777344e+01 5.898796081542968750e+00 1.825142838060855865e-02 7.800000000000000000e+01 5.727583200000000000e+07 1.717000000000000000e+03 3.100000000000000000e+01 1.210000000000000000e+02 1.493900000000000000e+04
-1.396167755126953125e+01 6.102246284484863281e+00 1.861550286412239075e-02 1.550000000000000000e+02 5.737280800000000000e+07 3.583000000000000000e+03 3.100000000000000000e+01 7.700000000000000000e+01 1.523700000000000000e+04
-1.416248130798339844e+01 6.293791770935058594e+00 1.893437467515468597e-02 1.100000000000000000e+02 5.746976800000000000e+07 2.628000000000000000e+03 3.100000000000000000e+01 6.800000000000000000e+01 1.549800000000000000e+04
-1.402335071563720703e+01 6.335285186767578125e+00 1.879998482763767242e-02 1.260000000000000000e+02 5.756728800000000000e+07 2.965000000000000000e+03 3.100000000000000000e+01 9.200000000000000000e+01 1.538800000000000000e+04
-1.376974391937255859e+01 6.322731494903564453e+00 1.851165667176246643e-02 1.480000000000000000e+02 5.766600000000000000e+07 3.372000000000000000e+03 3.100000000000000000e+01 1.300000000000000000e+02 1.515200000000000000e+04
-1.385574436187744141e+01 6.465456485748291016e+00 1.868025586009025574e-02 1.910000000000000000e+02 5.776348000000000000e+07 4.444000000000000000e+03 3.100000000000000000e+01 1.060000000000000000e+02 1.529000000000000000e+04
-1.402092647552490234e+01 6.647600650787353516e+00 1.895758882164955139e-02 1.170000000000000000e+02 5.786136800000000000e+07 2.803000000000000000e+03 3.100000000000000000e+01 6.500000000000000000e+01 1.551700000000000000e+04
-1.396816062927246094e+01 6.727864742279052734e+00 1.894170604646205902e-02 1.570000000000000000e+02 5.795956000000000000e+07 3.760000000000000000e+03 3.100000000000000000e+01 6.800000000000000000e+01 1.550400000000000000e+04
-1.384397602081298828e+01 6.773014545440673828e+00 1.882930658757686615e-02 1.940000000000000000e+02 5.805784800000000000e+07 4.568000000000000000e+03 3.100000000000000000e+01 8.100000000000000000e+01 1.541200000000000000e+04
-1.379588890075683594e+01 6.854717254638671875e+00 1.882075332105159760e-02 1.840000000000000000e+02 5.815538000000000000e+07 4.345000000000000000e+03 3.100000000000000000e+01 1.050000000000000000e+02 1.540500000000000000e+04
-8.743202209472656250e+00 4.815127372741699219e+00 1.062714457511901855e-01 3.700000000000000000e+02 5.825270000000000000e+07 3.659000000000000000e+03 3.000000000000000000e+01 8.400000000000000000e+01 9.982000000000000000e+03
-1.384195613861083984e+01 6.983833312988281250e+00 1.894170604646205902e-02 1.430000000000000000e+02 5.825270000000000000e+07 3.420000000000000000e+03 3.100000000000000000e+01 8.100000000000000000e+01 1.550400000000000000e+04
-1.380863380432128906e+01 7.073649406433105469e+00 1.895514316856861115e-02 1.690000000000000000e+02 5.834983200000000000e+07 4.044000000000000000e+03 3.100000000000000000e+01 1.160000000000000000e+02 1.551500000000000000e+04
-1.375698566436767578e+01 7.154091835021972656e+00 1.894414797425270081e-02 1.910000000000000000e+02 5.844720000000000000e+07 4.570000000000000000e+03 3.100000000000000000e+01 1.080000000000000000e+02 1.550600000000000000e+04
-1.376058578491210938e+01 7.263576507568359375e+00 1.901012286543846130e-02 1.460000000000000000e+02 5.854483200000000000e+07 3.511000000000000000e+03 3.100000000000000000e+01 1.130000000000000000e+02 1.556000000000000000e+04
-1.376512145996093750e+01 7.374318122863769531e+00 1.907853968441486359e-02 1.180000000000000000e+02 5.864164000000000000e+07 2.857000000000000000e+03 3.100000000000000000e+01 9.600000000000000000e+01 1.561600000000000000e+04
-1.371785640716552734e+01 7.457684993743896484e+00 1.907609589397907257e-02 9.200000000000000000e+01 5.873928000000000000e+07 2.211000000000000000e+03 3.100000000000000000e+01 1.490000000000000000e+02 1.561400000000000000e+04
-8.712360382080078125e+00 4.805948257446289062e+00 1.215621642768383026e-02 3.300000000000000000e+02 5.883731200000000000e+07 3.261000000000000000e+03 3.100000000000000000e+01 6.500000000000000000e+01 9.950000000000000000e+03
-1.376754570007324219e+01 7.705067634582519531e+00 1.927523687481880188e-02 9.500000000000000000e+01 5.893472800000000000e+07 2.333000000000000000e+03 3.100000000000000000e+01 1.450000000000000000e+02 1.577700000000000000e+04
-1.378610038757324219e+01 7.826920986175537109e+00 1.936808973550796509e-02 2.560000000000000000e+02 5.903196000000000000e+07 6.416000000000000000e+03 3.100000000000000000e+01 8.000000000000000000e+01 1.585300000000000000e+04
-1.372828388214111328e+01 7.905874252319335938e+00 1.935465075075626373e-02 1.410000000000000000e+02 5.913020000000000000e+07 3.519000000000000000e+03 3.100000000000000000e+01 9.200000000000000000e+01 1.584200000000000000e+04
-1.332202720642089844e+01 7.781158447265625000e+00 1.884885318577289581e-02 1.360000000000000000e+02 5.922851200000000000e+07 3.224000000000000000e+03 3.100000000000000000e+01 1.800000000000000000e+02 1.542800000000000000e+04
-3.601076841354370117e+00 4.675671577453613281e+00 6.283450871706008911e-02 4.190000000000000000e+02 6.479856000000000000e+07 1.457000000000000000e+03 3.000000000000000000e+01 7.100000000000000000e+01 5.902000000000000000e+03
-3.576726675033569336e+00 4.650662899017333984e+00 7.167891133576631546e-03 1.110000000000000000e+02 6.538311200000000000e+07 3.780000000000000000e+02 3.100000000000000000e+01 3.100000000000000000e+01 5.867000000000000000e+03
-4.621432781219482422e+00 7.835664749145507812e+00 1.111407950520515442e-02 2.470000000000000000e+02 6.733444000000000000e+07 2.026000000000000000e+03 3.100000000000000000e+01 1.370000000000000000e+02 9.097000000000000000e+03
-4.545114994049072266e+00 7.815464973449707031e+00 1.104566268622875214e-02 1.550000000000000000e+02 6.743257600000000000e+07 1.260000000000000000e+03 3.100000000000000000e+01 2.120000000000000000e+02 9.041000000000000000e+03
-1.095325469970703125e+00 2.830096721649169922e+00 9.006672352552413940e-02 2.110000000000000000e+02 6.821574400000000000e+07 1.940000000000000000e+02 2.800000000000000000e+01 8.500000000000000000e+01 3.036000000000000000e+03
-1.081135153770446777e+00 2.845173358917236328e+00 9.033371508121490479e-02 3.490000000000000000e+02 6.831368000000000000e+07 3.230000000000000000e+02 2.800000000000000000e+01 9.600000000000000000e+01 3.045000000000000000e+03
-1.048986077308654785e+00 2.812419176101684570e+00 8.908773958683013916e-02 2.430000000000000000e+02 6.841012000000000000e+07 2.190000000000000000e+02 2.800000000000000000e+01 5.900000000000000000e+01 3.003000000000000000e+03
-1.116114020347595215e+00 2.837776899337768555e+00 6.174553558230400085e-02 2.400000000000000000e+01 6.870526400000000000e+07 2.200000000000000000e+01 2.900000000000000000e+01 7.400000000000000000e+01 3.050000000000000000e+03
-1.096159219741821289e+00 2.838043451309204102e+00 6.160382553935050964e-02 2.550000000000000000e+02 6.880233600000000000e+07 2.340000000000000000e+02 2.900000000000000000e+01 8.500000000000000000e+01 3.043000000000000000e+03
-1.081915020942687988e+00 2.853129386901855469e+00 6.178602203726768494e-02 3.350000000000000000e+02 6.890011200000000000e+07 3.100000000000000000e+02 2.900000000000000000e+01 7.900000000000000000e+01 3.052000000000000000e+03
-1.061598181724548340e+00 2.852218151092529297e+00 6.162406876683235168e-02 2.370000000000000000e+02 6.899734400000000000e+07 2.180000000000000000e+02 2.900000000000000000e+01 7.500000000000000000e+01 3.044000000000000000e+03
-1.045106291770935059e+00 2.861495733261108398e+00 6.168480217456817627e-02 3.000000000000000000e+01 6.909508000000000000e+07 2.700000000000000000e+01 2.900000000000000000e+01 7.600000000000000000e+01 3.047000000000000000e+03
-1.088976263999938965e+00 2.825221538543701172e+00 3.223701938986778259e-02 1.800000000000000000e+01 6.938479200000000000e+07 1.500000000000000000e+01 3.000000000000000000e+01 4.100000000000000000e+01 3.028000000000000000e+03
-1.076221227645874023e+00 2.844007968902587891e+00 3.237542137503623962e-02 3.900000000000000000e+01 6.948288000000000000e+07 3.500000000000000000e+01 3.000000000000000000e+01 3.700000000000000000e+01 3.041000000000000000e+03
-1.062928438186645508e+00 2.861806631088256836e+00 3.250318020582199097e-02 3.600000000000000000e+01 6.957948800000000000e+07 3.200000000000000000e+01 3.000000000000000000e+01 5.300000000000000000e+01 3.053000000000000000e+03
-1.031652688980102539e+00 2.830694913864135742e+00 3.207732737064361572e-02 1.300000000000000000e+01 6.967793600000000000e+07 1.000000000000000000e+01 3.000000000000000000e+01 5.500000000000000000e+01 3.013000000000000000e+03
-1.089249372482299805e+00 2.831727266311645508e+00 3.706729505211114883e-03 1.300000000000000000e+01 6.997078400000000000e+07 1.100000000000000000e+01 3.100000000000000000e+01 2.000000000000000000e+01 3.034000000000000000e+03
-1.058782339096069336e+00 2.803743362426757812e+00 3.661525668576359749e-03 1.600000000000000000e+01 7.006948800000000000e+07 1.300000000000000000e+01 3.100000000000000000e+01 2.200000000000000000e+01 2.997000000000000000e+03
-1.034722104668617249e-01 7.296581268310546875e-01 7.846329361200332642e-03 9.900000000000000000e+01 7.300289600000000000e+07 5.000000000000000000e+00 3.000000000000000000e+01 2.300000000000000000e+01 7.370000000000000000e+02
-9.482927620410919189e-02 6.995619535446166992e-01 7.516293320804834366e-03 1.120000000000000000e+02 7.309926400000000000e+07 5.000000000000000000e+00 3.000000000000000000e+01 2.700000000000000000e+01 7.060000000000000000e+02
-4.811267182230949402e-02 7.072200775146484375e-01 1.435330603271722794e-02 6.900000000000000000e+01 7.358336800000000000e+07 3.000000000000000000e+00 2.900000000000000000e+01 1.800000000000000000e+01 7.090000000000000000e+02
-3.660471737384796143e-02 6.529342532157897949e-01 3.690550476312637329e-02 4.800000000000000000e+01 7.377836800000000000e+07 2.000000000000000000e+00 2.500000000000000000e+01 1.000000000000000000e+01 6.550000000000000000e+02
-1.340263895690441132e-02 7.044238448143005371e-01 5.879134312272071838e-02 6.000000000000000000e+01 7.495760800000000000e+07 3.000000000000000000e+00 2.200000000000000000e+01 2.000000000000000000e+01 7.070000000000000000e+02
-5.210362840443849564e-03 7.337064146995544434e-01 8.814086765050888062e-02 2.260000000000000000e+02 7.515400800000000000e+07 1.000000000000000000e+01 1.800000000000000000e+01 1.090000000000000000e+02 7.390000000000000000e+02
