-2.916888892650604248e-02 -7.056999206542968750e-01 7.236636430025100708e-02
-3.522839024662971497e-02 -7.338314056396484375e-01 2.180469036102294922e-02
-3.047377429902553558e-02 -7.282213568687438965e-01 6.774248927831649780e-02
-3.026418201625347137e-02 -7.172195911407470703e-01 4.051154106855392456e-02
-8.467258885502815247e-03 -7.264258265495300293e-01 6.062077730894088745e-02
-2.593143098056316376e-02 -7.160404324531555176e-01 5.978921800851821899e-02
-5.800462514162063599e-02 -6.825873851776123047e-01 6.367053091526031494e-02
-5.286286771297454834e-02 -7.192645072937011719e-01 3.388498723506927490e-02
-1.063413992524147034e-01 -7.190299034118652344e-01 1.471770647913217545e-02
-9.721032530069351196e-02 -7.143754363059997559e-01 7.675987668335437775e-03
-9.819419980049133301e-01 -1.737897992134094238e+00 5.924349278211593628e-02
-1.002478241920471191e+00 -1.749805927276611328e+00 1.328836828470230103e-01
-9.910959005355834961e-01 -1.729238510131835938e+00 5.915449187159538269e-02
-1.017707943916320801e+00 -1.751386761665344238e+00 1.334754377603530884e-01
-9.946547746658325195e-01 -1.711026668548583984e+00 5.873916670680046082e-02
-1.032487988471984863e+00 -1.751986384391784668e+00 1.340014487504959106e-01
-1.007672905921936035e+00 -1.709196567535400391e+00 5.888750031590461731e-02
-1.043218612670898438e+00 -1.745618224143981934e+00 1.340014487504959106e-01
-1.015576839447021484e+00 -1.698691844940185547e+00 5.873916670680046082e-02
-1.055461287498474121e+00 -1.741744399070739746e+00 1.341987103223800659e-01
-1.029607892036437988e+00 -1.698411703109741211e+00 5.894682928919792175e-02
-9.809672832489013672e-01 -1.758475899696350098e+00 4.077229648828506470e-02
-9.936866164207458496e-01 -1.757296681404113770e+00 1.139281392097473145e-01
-1.037916064262390137e+00 -1.688655853271484375e+00 5.882816389203071594e-02
-9.833673834800720215e-01 -1.737631559371948242e+00 4.042814299464225769e-02
-1.009418129920959473e+00 -1.759827017784118652e+00 1.144915819168090820e-01
-9.865444898605346680e-01 -1.718558788299560547e+00 4.012447595596313477e-02
-1.023711681365966797e+00 -1.759641170501708984e+00 1.148859858512878418e-01
-9.995861649513244629e-01 -1.716793179512023926e+00 4.022569581866264343e-02
-1.033474683761596680e+00 -1.751606941223144531e+00 1.147733107209205627e-01
-1.011626482009887695e+00 -1.713210225105285645e+00 4.028642922639846802e-02
-1.040101885795593262e+00 -1.738378405570983887e+00 1.143225431442260742e-01
-1.019551277160644531e+00 -1.702681899070739746e+00 4.018520936369895935e-02
-9.792335033416748047e-01 -1.778070688247680664e+00 2.161200530827045441e-02
-1.055409550666809082e+00 -1.739646315574645996e+00 1.148296445608139038e-01
-9.978986978530883789e-01 -1.788139343261718750e+00 9.621083736419677734e-02
-1.033092856407165527e+00 -1.701521635055541992e+00 4.030667245388031006e-02
-9.740294218063354492e-01 -1.743222355842590332e+00 2.126067690551280975e-02
-9.906431436538696289e-01 -1.749819993972778320e+00 9.447433799505233765e-02
-1.024645566940307617e+00 -1.664499998092651367e+00 3.957787528634071350e-02
-9.753385186195373535e-01 -1.720684647560119629e+00 2.105839550495147705e-02
-1.007827997207641602e+00 -1.754969477653503418e+00 9.508445858955383301e-02
-9.833859801292419434e-01 -1.710333347320556641e+00 2.100516483187675476e-02
-1.022599458694458008e+00 -1.755657911300659180e+00 9.545992314815521240e-02
-9.888245463371276855e-01 -1.695629239082336426e+00 2.089870162308216095e-02
-1.032844543457031250e+00 -1.748490095138549805e+00 9.541298449039459229e-02
-1.009390592575073242e+00 -1.706743717193603516e+00 2.111162804067134857e-02
-1.043553590774536133e+00 -1.742119669914245605e+00 9.541298449039459229e-02
-1.019329667091369629e+00 -1.699660658836364746e+00 2.110098302364349365e-02
-9.636046886444091797e-01 -1.746850252151489258e+00 2.437351737171411514e-03
-1.053186416625976562e+00 -1.733976364135742188e+00 9.531912207603454590e-02
-9.798406362533569336e-01 -1.752230882644653320e+00 7.536919414997100830e-02
-1.044806241989135742e+00 -1.718151092529296875e+00 2.140972577035427094e-02
-9.752817153930664062e-01 -1.742650032043457031e+00 2.439795294776558876e-03
-9.999491572380065918e-01 -1.764865398406982422e+00 1.500286310911178589e-01
-9.866291880607604980e-01 -1.739232301712036133e+00 7.506906986236572266e-02
-1.021218299865722656e+00 -1.656381726264953613e+00 2.071771584451198578e-02
-9.844748973846435547e-01 -1.734024047851562500e+00 2.436130074784159660e-03
-1.008771657943725586e+00 -1.755238056182861328e+00 1.497335880994796753e-01
-9.987775683403015137e-01 -1.735744237899780273e+00 7.518161833286285400e-02
-1.000086665153503418e+00 -1.736616611480712891e+00 2.448347397148609161e-03
-1.023540377616882324e+00 -1.755907893180847168e+00 1.503236591815948486e-01
-1.009912729263305664e+00 -1.730446100234985352e+00 7.521913200616836548e-02
-1.008201718330383301e+00 -1.726130008697509766e+00 2.442238619551062584e-03
-1.033280134201049805e+00 -1.747877359390258789e+00 1.501761376857757568e-01
-1.025092363357543945e+00 -1.731956481933593750e+00 7.555677741765975952e-02
-1.019283652305603027e+00 -1.720771551132202148e+00 2.443460281938314438e-03
-1.050138592720031738e+00 -1.751768708229064941e+00 1.510612666606903076e-01
-1.038785576820373535e+00 -1.730774879455566406e+00 7.578185945749282837e-02
-1.027763247489929199e+00 -1.711056113243103027e+00 2.438573399558663368e-03
-1.040035009384155273e+00 -1.709002852439880371e+00 7.510658353567123413e-02
-1.056968569755554199e+00 -1.735464096069335938e+00 2.482555806636810303e-03
-1.050784707069396973e+00 -1.701718330383300781e+00 2.443460281938314438e-03
-5.063788890838623047e+00 -6.991897106170654297e+00 1.054719742387533188e-02
-4.984150409698486328e+00 -6.793793201446533203e+00 1.029429957270622253e-02
-5.192153930664062500e+00 -6.987020969390869141e+00 1.063516177237033844e-02
-5.251164436340332031e+00 -6.976602554321289062e+00 1.066814828664064407e-02
-5.276291847229003906e+00 -6.921187877655029297e+00 1.063271798193454742e-02
-5.312549114227294922e+00 -6.880768299102783203e+00 1.062050182372331619e-02
-5.401482105255126953e+00 -6.907911300659179688e+00 1.071335189044475555e-02
-5.396586894989013672e+00 -6.815056800842285156e+00 1.062050182372331619e-02
-5.546529293060302734e+00 -6.916780948638916016e+00 1.083185989409685135e-02
-5.419926166534423828e+00 -6.674571514129638672e+00 1.050443667918443680e-02
-5.507142543792724609e+00 -6.697575569152832031e+00 1.059362292289733887e-02
-5.412486553192138672e+00 -6.500736713409423828e+00 1.033461652696132660e-02
-5.195095539093017578e+00 -6.162344455718994141e+00 9.847145527601242065e-03
-5.417840003967285156e+00 -6.347120285034179688e+00 1.019533816725015640e-02
-5.459298610687255859e+00 -6.316783428192138672e+00 1.020022481679916382e-02
-5.561830997467041016e+00 -6.356165885925292969e+00 1.031873282045125961e-02
-5.619294643402099609e+00 -6.342877864837646484e+00 1.035294122993946075e-02
-5.436430931091308594e+00 -6.061129093170166016e+00 9.947326965630054474e-03
-5.289320945739746094e+00 -5.824811458587646484e+00 9.612573310732841492e-03
-5.297890186309814453e+00 -5.762799739837646484e+00 9.563704021275043488e-03
-5.445563316345214844e+00 -5.850965976715087891e+00 9.765289723873138428e-03
-5.445015907287597656e+00 -5.778868198394775391e+00 9.700538590550422668e-03
-5.708145141601562500e+00 -5.984136104583740234e+00 1.010370906442403793e-02
-5.749618530273437500e+00 -5.954034328460693359e+00 1.011226139962673187e-02
-5.619669437408447266e+00 -5.748456001281738281e+00 9.821489453315734863e-03
-5.727288246154785156e+00 -5.787075042724609375e+00 9.947326965630054474e-03
-5.781799316406250000e+00 -5.770898342132568359e+00 9.980314411222934723e-03
-5.745890140533447266e+00 -5.665104866027832031e+00 9.858140721917152405e-03
-7.693906307220458984e+00 -6.969758510589599609e+00 1.105299741029739380e-01
-5.877254962921142578e+00 -5.723931789398193359e+00 1.002307515591382980e-02
-5.967035770416259766e+00 -5.740452289581298828e+00 1.011592708528041840e-02
-5.953577995300292969e+00 -5.657577514648437500e+00 1.003407035022974014e-02
-7.477382183074951172e+00 -6.527102947235107422e+00 1.056752502918243408e-01
-5.975785255432128906e+00 -5.609305381774902344e+00 1.001330092549324036e-02
-7.936853885650634766e+00 -6.842829227447509766e+00 1.115733087062835693e-01
-5.987358570098876953e+00 -5.551455974578857422e+00 9.975426830351352692e-03
-8.005337715148925781e+00 -6.816690921783447266e+00 1.119459271430969238e-01
-5.932814598083496094e+00 -5.433566093444824219e+00 9.828818961977958679e-03
-7.864874362945556641e+00 -6.614265918731689453e+00 1.094121038913726807e-01
-5.916356563568115234e+00 -5.352113246917724609e+00 9.746963158249855042e-03
-7.366854667663574219e+00 -6.118659973144531250e+00 1.019596904516220093e-01
-5.927460193634033203e+00 -5.296388149261474609e+00 9.711533784866333008e-03
-7.498580932617187500e+00 -6.150710105895996094e+00 1.032585352659225464e-01
-5.959846973419189453e+00 -5.259918212890625000e+00 9.711533784866333008e-03
-7.840765953063964844e+00 -6.351309776306152344e+00 1.074318960309028625e-01
-5.978440284729003906e+00 -5.211422443389892578e+00 9.689542464911937714e-03
-7.564905643463134766e+00 -6.051357269287109375e+00 1.031414344906806946e-01
-6.005757331848144531e+00 -5.170726299285888672e+00 9.682212024927139282e-03
-7.884375095367431641e+00 -6.227961063385009766e+00 1.069741025567054749e-01
-6.023658752441406250e+00 -5.122118473052978516e+00 9.660220704972743988e-03
-7.963440418243408203e+00 -6.211445808410644531e+00 1.075277104973793030e-01
-6.075650215148925781e+00 -5.102425575256347656e+00 9.693208150565624237e-03
-7.932480335235595703e+00 -6.109383583068847656e+00 1.066014766693115234e-01
-6.107613086700439453e+00 -5.065688133239746094e+00 9.694429114460945129e-03
-7.973797321319580078e+00 -6.063622474670410156e+00 1.066547110676765442e-01
-6.015577316284179688e+00 -4.927364826202392578e+00 9.500174783170223236e-03
-8.013252258300781250e+00 -6.016383171081542969e+00 1.066866517066955566e-01
-6.002935886383056641e+00 -4.855771541595458984e+00 9.432978928089141846e-03
-7.641129493713378906e+00 -5.664011955261230469e+00 1.012676730751991272e-01
-6.019335269927978516e+00 -4.808236598968505859e+00 9.412209503352642059e-03
-1.023451900482177734e+01 -6.936130523681640625e+00 2.503426969051361084e-01
-7.718508243560791016e+00 -5.648318290710449219e+00 1.018319353461265564e-01
-6.016533851623535156e+00 -4.745820522308349609e+00 9.362119249999523163e-03
-1.024115085601806641e+01 -6.849302768707275391e+00 2.494722008705139160e-01
-8.115341186523437500e+00 -5.862595558166503906e+00 1.065908297896385193e-01
-6.004516124725341797e+00 -4.676860809326171875e+00 9.298589080572128296e-03
-1.023375129699707031e+01 -6.753843784332275391e+00 2.482777833938598633e-01
-8.073002815246582031e+00 -5.756955623626708984e+00 1.055687889456748962e-01
-6.134562969207763672e+00 -4.717962741851806641e+00 9.454970248043537140e-03
-1.019373130798339844e+01 -6.638002872467041016e+00 2.463140785694122314e-01
-7.694426536560058594e+00 -5.416076183319091797e+00 1.001817584037780762e-01
-6.122779369354248047e+00 -4.649390220642089844e+00 9.392661973834037781e-03
-1.015604209899902344e+01 -6.525070667266845703e+00 2.444313317537307739e-01
-8.010828018188476562e+00 -5.565597534179687500e+00 1.038547307252883911e-01
-6.050379276275634766e+00 -4.536151885986328125e+00 9.238723665475845337e-03
-1.017308807373046875e+01 -6.448179721832275391e+00 2.438847422599792480e-01
-8.047301292419433594e+00 -5.518035888671875000e+00 1.038866713643074036e-01
-5.902877330780029297e+00 -4.369244575500488281e+00 8.972386829555034637e-03
-1.020483207702636719e+01 -6.380866527557373047e+00 2.437025308609008789e-01
-8.065273284912109375e+00 -5.457906723022460938e+00 1.036843881011009216e-01
-5.903738498687744141e+00 -4.314063072204589844e+00 8.933291770517826080e-03
-1.215162372589111328e+01 -6.901768207550048828e+00 4.147637784481048584e-01
-1.023783588409423828e+01 -6.314456939697265625e+00 2.435608208179473877e-01
-8.057032585144042969e+00 -5.380549907684326172e+00 1.031520739197731018e-01
-5.966593265533447266e+00 -4.304083824157714844e+00 8.988269604742527008e-03
-1.205506896972656250e+01 -6.749435424804687500e+00 4.100468456745147705e-01
-1.023111724853515625e+01 -6.223980426788330078e+00 2.424878776073455811e-01
-8.086555480957031250e+00 -5.328810691833496094e+00 1.031094938516616821e-01
-6.077607154846191406e+00 -4.327717304229736328e+00 9.115329012274742126e-03
-1.221002483367919922e+01 -6.738123416900634766e+00 4.139034450054168701e-01
-1.023482131958007812e+01 -6.140511512756347656e+00 2.416780889034271240e-01
-8.186165809631347656e+00 -5.322698593139648438e+00 1.039611920714378357e-01
-6.117955207824707031e+00 -4.300119876861572266e+00 9.136098437011241913e-03
-1.212469387054443359e+01 -6.594306945800781250e+00 4.096315205097198486e-01
-1.023100280761718750e+01 -6.053159713745117188e+00 2.407063543796539307e-01
-8.185005187988281250e+00 -5.250771999359130859e+00 1.035353392362594604e-01
-6.171339035034179688e+00 -4.281310081481933594e+00 9.176415391266345978e-03
-1.206537342071533203e+01 -6.466431617736816406e+00 4.062792360782623291e-01
-1.021441078186035156e+01 -5.959033489227294922e+00 2.394512146711349487e-01
-8.265231132507324219e+00 -5.230931758880615234e+00 1.041421815752983093e-01
-6.229672431945800781e+00 -4.265395641326904297e+00 9.224062785506248474e-03
-1.211012649536132812e+01 -6.395078182220458984e+00 4.064572155475616455e-01
-1.022564888000488281e+01 -5.881790637969970703e+00 2.388641238212585449e-01
-8.001995086669921875e+00 -4.995832920074462891e+00 1.004372611641883850e-01
-6.255726814270019531e+00 -4.227090835571289062e+00 9.224062785506248474e-03
-1.212785720825195312e+01 -6.309580326080322266e+00 4.057452380657196045e-01
-1.021023464202880859e+01 -5.789839267730712891e+00 2.376696914434432983e-01
-8.135522842407226562e+00 -5.010085105895996094e+00 1.017254665493965149e-01
-6.233290672302246094e+00 -4.156449794769287109e+00 9.153203107416629791e-03
-1.215122127532958984e+01 -6.227296352386474609e+00 4.052409231662750244e-01
-1.021589565277099609e+01 -5.710494995117187500e+00 2.369813770055770874e-01
-8.249866485595703125e+00 -5.010944843292236328e+00 1.027688160538673401e-01
-6.037300586700439453e+00 -3.972462177276611328e+00 8.829444646835327148e-03
-1.220258712768554688e+01 -6.159376621246337891e+00 4.056859016418457031e-01
-1.018243885040283203e+01 -5.610071659088134766e+00 2.354023158550262451e-01
-8.265016555786132812e+00 -4.950980663299560547e+00 1.025771722197532654e-01
-6.115241050720214844e+00 -3.970193386077880859e+00 8.907634764909744263e-03
-1.011971855163574219e+01 -5.030353069305419922e+00 3.354065716266632080e-01
-1.016834640502929688e+01 -5.521248817443847656e+00 2.342888861894607544e-01
-7.795028686523437500e+00 -4.604689598083496094e+00 9.639167785644531250e-02
-6.239692211151123047e+00 -3.996782064437866211e+00 9.053020738065242767e-03
-1.230598258972167969e+01 -6.023230075836181641e+00 4.066352248191833496e-01
-1.020467662811279297e+01 -5.460167884826660156e+00 2.343495935201644897e-01
-8.069391250610351562e+00 -4.700210571289062500e+00 9.942587465047836304e-02
-6.291995048522949219e+00 -3.976049423217773438e+00 9.093337692320346832e-03
-1.226887130737304688e+01 -5.912027835845947266e+00 4.042026102542877197e-01
-1.010355663299560547e+01 -5.326578617095947266e+00 2.312724590301513672e-01
-8.170050621032714844e+00 -4.691941261291503906e+00 1.003095135092735291e-01
-6.160975933074951172e+00 -3.840559959411621094e+00 8.869761601090431213e-03
-1.227059745788574219e+01 -5.820357799530029297e+00 4.030752778053283691e-01
-1.011653041839599609e+01 -5.254345893859863281e+00 2.308270633220672607e-01
-8.237842559814453125e+00 -4.663891315460205078e+00 1.007885932922363281e-01
-5.853907585144042969e+00 -3.599455833435058594e+00 8.395729586482048035e-03
-1.246639251708984375e+01 -5.819797992706298828e+00 4.083262085914611816e-01
-1.013255882263183594e+01 -5.183976650238037109e+00 2.304626852273941040e-01
-8.232251167297363281e+00 -4.594252586364746094e+00 1.003733873367309570e-01
-6.140092849731445312e+00 -3.723700761795043945e+00 8.773244917392730713e-03
-1.244464397430419922e+01 -5.716908454895019531e+00 4.064572155475616455e-01
-1.013560485839843750e+01 -5.107309818267822266e+00 2.298148423433303833e-01
-8.408353805541992188e+00 -4.625100135803222656e+00 1.021726131439208984e-01
-6.208310604095458984e+00 -3.713160276412963867e+00 8.837996050715446472e-03
-1.233830738067626953e+01 -5.576631069183349609e+00 4.018589556217193604e-01
-1.014973545074462891e+01 -5.036578655242919922e+00 2.294301986694335938e-01
-8.356578826904296875e+00 -4.530055046081542969e+00 1.012037992477416992e-01
-6.234422683715820312e+00 -3.677029132843017578e+00 8.842883631587028503e-03
-9.495697021484375000e+00 -4.231791019439697266e+00 3.063645839691162109e+00
-1.234671878814697266e+01 -5.489449501037597656e+00 4.010283052921295166e-01
-1.018673610687255859e+01 -4.977278709411621094e+00 2.295719087123870850e-01
-8.470651626586914062e+00 -4.524866580963134766e+00 1.022471338510513306e-01
-6.150540351867675781e+00 -3.576871156692504883e+00 8.692610077559947968e-03
-9.547841072082519531e+00 -4.184999465942382812e+00 3.072126388549804688e+00
-9.739108085632324219e+00 -4.270862102508544922e+00 2.700793981552124023e+00
-1.229041767120361328e+01 -5.374341964721679688e+00 3.981210291385650635e-01
-1.022339153289794922e+01 -4.917714118957519531e+00 2.297136187553405762e-01
-8.456667900085449219e+00 -4.450917243957519531e+00 1.017467603087425232e-01
-6.336332321166992188e+00 -3.633075237274169922e+00 8.923517540097236633e-03
-9.753561019897460938e+00 -4.206034660339355469e+00 2.697594165802001953e+00
-9.917146682739257812e+00 -4.278630733489990234e+00 2.319426774978637695e+00
-1.010140514373779297e+01 -4.356035709381103516e+00 1.943663954734802246e+00
-1.240764331817626953e+01 -5.335154056549072266e+00 4.008503258228302002e-01
-1.020909595489501953e+01 -4.833927154541015625e+00 2.287216484546661377e-01
-8.351551055908203125e+00 -4.330361843109130859e+00 1.001604571938514709e-01
-6.299307823181152344e+00 -3.560666561126708984e+00 8.840439841151237488e-03
-9.900009155273437500e+00 -4.199373722076416016e+00 2.309348583221435547e+00
-1.011978340148925781e+01 -4.290513038635253906e+00 1.942098021507263184e+00
-1.032309818267822266e+01 -4.374587535858154297e+00 1.561743021011352539e+00
-1.045521545410156250e+01 -4.426270008087158203e+00 1.163263797760009766e+00
-1.248802089691162109e+01 -5.279160499572753906e+00 4.023929536342620850e-01
-1.024581432342529297e+01 -4.774572849273681641e+00 2.288836091756820679e-01
-8.328095436096191406e+00 -4.253565788269042969e+00 9.956426918506622314e-02
-6.346369743347167969e+00 -3.536062717437744141e+00 8.875870145857334137e-03
-1.031043148040771484e+01 -4.294787406921386719e+00 1.555810570716857910e+00
-1.053452873229980469e+01 -4.383820056915283203e+00 1.169073581695556641e+00
-1.071203327178955078e+01 -4.453300476074218750e+00 7.644262909889221191e-01
-1.094361782073974609e+01 -4.547337055206298828e+00 3.517230153083801270e-01
-1.026583003997802734e+01 -4.707448005676269531e+00 2.286811619997024536e-01
-8.150368690490722656e+00 -4.099932193756103516e+00 9.713691473007202148e-02
-6.023473262786865234e+00 -3.307882308959960938e+00 8.395729586482048035e-03
-1.073638534545898438e+01 -4.386356830596923828e+00 7.642290592193603516e-01
-1.017545795440673828e+01 -5.047267913818359375e+00 5.336650609970092773e-01
-1.096020889282226562e+01 -4.475568294525146484e+00 3.513670265674591064e-01
-1.026080131530761719e+01 -4.629157066345214844e+00 2.279321253299713135e-01
-7.818752288818359375e+00 -3.873186349868774414e+00 9.289968758821487427e-02
-6.380490303039550781e+00 -3.453156948089599609e+00 8.863652125000953674e-03
-1.101251125335693359e+01 -4.418282508850097656e+00 3.521679937839508057e-01
-1.029449462890625000e+01 -4.568543910980224609e+00 2.280535846948623657e-01
-8.332181930541992188e+00 -4.064045429229736328e+00 9.870192408561706543e-02
-6.396264553070068359e+00 -3.411118745803833008e+00 8.856322616338729858e-03
-9.610064506530761719e+00 -4.222399711608886719e+00 2.974241971969604492e+00
-9.779900550842285156e+00 -4.292948722839355469e+00 2.597733020782470703e+00
-1.296440696716308594e+01 -5.109266281127929688e+00 4.135771393775939941e-01
-1.031866836547851562e+01 -4.503692626953125000e+00 2.279726117849349976e-01
-8.340735435485839844e+00 -4.005052089691162109e+00 9.851028770208358765e-02
-6.402025222778320312e+00 -3.363900423049926758e+00 8.835553191602230072e-03
-9.811409950256347656e+00 -4.235169887542724609e+00 2.599150896072387695e+00
-9.981370925903320312e+00 -4.304402351379394531e+00 2.223371505737304688e+00
-1.014248847961425781e+01 -4.369685173034667969e+00 1.840163469314575195e+00
-1.266365718841552734e+01 -4.901185035705566406e+00 4.030159413814544678e-01
-1.030752086639404297e+01 -4.423732757568359375e+00 2.271223515272140503e-01
-8.230449676513671875e+00 -3.890131235122680664e+00 9.692398458719253540e-02
-6.400342941284179688e+00 -3.313062429428100586e+00 8.805009536445140839e-03
-9.981437683105468750e+00 -4.231986522674560547e+00 2.217560291290283203e+00
-1.019090843200683594e+01 -4.316603183746337891e+00 1.844108104705810547e+00
-1.037154960632324219e+01 -4.388848781585693359e+00 1.458671808242797852e+00
-1.054690742492675781e+01 -4.458713531494140625e+00 1.064260363578796387e+00
-1.482013034820556641e+01 -5.631489753723144531e+00 4.705363214015960693e-01
-1.031881046295166016e+01 -4.353796482086181641e+00 2.267781943082809448e-01
-8.264138221740722656e+00 -3.844196319580078125e+00 9.704110026359558105e-02
-6.410751819610595703e+00 -3.268731832504272461e+00 8.791571483016014099e-03
-1.039736747741699219e+01 -4.324746608734130859e+00 1.458543300628662109e+00
-1.059521484375000000e+01 -4.402702808380126953e+00 1.066388845443725586e+00
-1.079610633850097656e+01 -4.481761932373046875e+00 6.596788167953491211e-01
-1.251868343353271484e+01 -4.669262886047363281e+00 3.965486884117126465e-01
-1.018925476074218750e+01 -4.225672245025634766e+00 2.233568876981735229e-01
-8.317574501037597656e+00 -3.807149887084960938e+00 9.739242494106292725e-02
-6.417282581329345703e+00 -3.222602844238281250e+00 8.773244917392730713e-03
-1.081138515472412109e+01 -4.410531044006347656e+00 6.589463949203491211e-01
-1.254522037506103516e+01 -4.591674804687500000e+00 3.964893817901611328e-01
-1.020110321044921875e+01 -4.157412528991699219e+00 2.230532169342041016e-01
-8.255072593688964844e+00 -3.717447519302368164e+00 9.639167785644531250e-02
-6.437831878662109375e+00 -3.183609724044799805e+00 8.774465881288051605e-03
-1.359669780731201172e+01 -4.882132053375244141e+00 4.287662506103515625e-01
-1.011782646179199219e+01 -4.051259517669677734e+00 2.206846177577972412e-01
-8.277727127075195312e+00 -3.666725397109985352e+00 9.639167785644531250e-02
-6.440162181854248047e+00 -3.135730504989624023e+00 8.751253597438335419e-03
-9.627629280090332031e+00 -4.234252929687500000e+00 2.869402170181274414e+00
-9.801485061645507812e+00 -4.304591655731201172e+00 2.495088338851928711e+00
-1.361131191253662109e+01 -4.793299674987792969e+00 4.282915592193603516e-01
-1.011923313140869141e+01 -3.979952812194824219e+00 2.201784998178482056e-01
-8.289985656738281250e+00 -3.611471891403198242e+00 9.627456218004226685e-02
-6.462888717651367188e+00 -3.097884416580200195e+00 8.756140246987342834e-03
-9.641918182373046875e+00 -4.170120716094970703e+00 2.865980625152587891e+00
-9.842018127441406250e+00 -4.250547885894775391e+00 2.498719930648803711e+00
-1.002611351013183594e+01 -4.321752071380615234e+00 2.126179695129394531e+00
-1.019148731231689453e+01 -4.390927314758300781e+00 1.741735577583312988e+00
-1.311419963836669922e+01 -4.527985572814941406e+00 4.117675125598907471e-01
-1.009589862823486328e+01 -3.899416208267211914e+00 2.191460430622100830e-01
-8.284414291381835938e+00 -3.548725605010986328e+00 9.595517069101333618e-02
-6.487201690673828125e+00 -3.060730695724487305e+00 8.763470686972141266e-03
-1.001719665527343750e+01 -4.245214462280273438e+00 2.118724822998046875e+00
-1.023643112182617188e+01 -4.336017131805419922e+00 1.744836688041687012e+00
-1.038852596282958984e+01 -4.389754295349121094e+00 1.354793071746826172e+00
-1.353371524810791016e+01 -4.580087184906005859e+00 4.240493178367614746e-01
-1.011402511596679688e+01 -3.835268259048461914e+00 2.190245538949966431e-01
-8.024035453796386719e+00 -3.379072189331054688e+00 9.269740432500839233e-02
-6.481370925903320312e+00 -3.009497642517089844e+00 8.730484172701835632e-03
-1.040426254272460938e+01 -4.321358680725097656e+00 1.353361845016479492e+00
-1.062653160095214844e+01 -4.409328460693359375e+00 9.600368142127990723e-01
-1.083042621612548828e+01 -4.489500999450683594e+00 5.508422255516052246e-01
-1.301887321472167969e+01 -4.317005634307861328e+00 4.070802330970764160e-01
-1.013268280029296875e+01 -3.771393775939941406e+00 2.189233303070068359e-01
-8.240489959716796875e+00 -3.410848140716552734e+00 9.495442360639572144e-02
-6.495166778564453125e+00 -2.967594146728515625e+00 8.724375627934932709e-03
-1.084019279479980469e+01 -4.415802001953125000e+00 5.499504804611206055e-01
-1.372104358673095703e+01 -4.456582546234130859e+00 4.281729161739349365e-01
-1.014718055725097656e+01 -3.706063032150268555e+00 2.187411338090896606e-01
-8.268672943115234375e+00 -3.363234996795654297e+00 9.503958374261856079e-02
-6.373703479766845703e+00 -2.864957332611083984e+00 8.537450805306434631e-03
-1.362429904937744141e+01 -4.332926273345947266e+00 4.243163168430328369e-01
-1.015749454498291016e+01 -3.639347553253173828e+00 2.184779644012451172e-01
-8.393151283264160156e+00 -3.353994607925415039e+00 9.623197466135025024e-02
-6.327140808105468750e+00 -2.797488451004028320e+00 8.451929315924644470e-03
-9.689676284790039062e+00 -4.263685703277587891e+00 2.783177852630615234e+00
-1.349888134002685547e+01 -4.202010631561279297e+00 4.195993840694427490e-01
-1.020887565612792969e+01 -3.587228536605834961e+00 2.191055566072463989e-01
-8.596011161804199219e+00 -3.374041557312011719e+00 9.831865131855010986e-02
-6.411131858825683594e+00 -2.787722587585449219e+00 8.541115559637546539e-03
-9.686364173889160156e+00 -4.191475868225097656e+00 2.774787187576293945e+00
-9.907928466796875000e+00 -4.277089595794677734e+00 2.412228107452392578e+00
-1.004372692108154297e+01 -4.325317382812500000e+00 2.022824287414550781e+00
-1.330066108703613281e+01 -4.050956726074218750e+00 4.126574695110321045e-01
-1.026566886901855469e+01 -3.536569595336914062e+00 2.198545932769775391e-01
-8.606288909912109375e+00 -3.317277669906616211e+00 9.820153564214706421e-02
-6.326973438262939453e+00 -2.705088615417480469e+00 8.406725712120532990e-03
-1.008909320831298828e+01 -4.271659851074218750e+00 2.026643991470336914e+00
-1.026826190948486328e+01 -4.339067935943603516e+00 1.644118070602416992e+00
-1.044237232208251953e+01 -4.406198978424072266e+00 1.253278613090515137e+00
-1.064697837829589844e+01 -4.485967636108398438e+00 8.545140624046325684e-01
-1.451601505279541016e+01 -4.323964118957519531e+00 4.495326280593872070e-01
-1.031843471527099609e+01 -3.484068870544433594e+00 2.205226570367813110e-01
-8.603100776672363281e+00 -3.255560398101806641e+00 9.793538600206375122e-02
-6.127732276916503906e+00 -2.575546979904174805e+00 8.120840415358543396e-03
-1.045452117919921875e+01 -4.335949897766113281e+00 1.251520037651062012e+00
-1.068535900115966797e+01 -4.425133228302001953e+00 8.553991317749023438e-01
-1.094111156463623047e+01 -4.524337768554687500e+00 4.444868862628936768e-01
-1.415935420989990234e+01 -4.123305320739746094e+00 4.376957714557647705e-01
-1.032632923126220703e+01 -3.416294097900390625e+00 2.202392369508743286e-01
-8.113919258117675781e+00 -3.013661384582519531e+00 9.215443581342697144e-02
-6.238617420196533203e+00 -2.577225923538208008e+00 8.246678858995437622e-03
-1.093533802032470703e+01 -4.443576335906982422e+00 4.431363344192504883e-01
-1.417862033843994141e+01 -4.034706115722656250e+00 4.375177919864654541e-01
-1.031571102142333984e+01 -3.342698335647583008e+00 2.195711731910705566e-01
-8.196144104003906250e+00 -2.987101793289184570e+00 9.287838637828826904e-02
-6.397930622100830078e+00 -2.597198486328125000e+00 8.436047472059726715e-03
-1.436297607421875000e+01 -3.992065191268920898e+00 4.424423873424530029e-01
-1.029028320312500000e+01 -3.264826297760009766e+00 2.185994237661361694e-01
-8.243507385253906250e+00 -2.947190523147583008e+00 9.320842474699020386e-02
-6.511276245117187500e+00 -2.596788883209228516e+00 8.564328774809837341e-03
-1.446437454223632812e+01 -3.924801111221313477e+00 4.448156654834747314e-01
-1.023373699188232422e+01 -3.177904605865478516e+00 2.169798761606216431e-01
-8.119892120361328125e+00 -2.846927165985107422e+00 9.161148220300674438e-02
-6.547571659088134766e+00 -2.564811944961547852e+00 8.591207675635814667e-03
-1.422632598876953125e+01 -3.766644477844238281e+00 4.367761313915252686e-01
-1.025304412841796875e+01 -3.115051746368408203e+00 2.169798761606216431e-01
-8.341464996337890625e+00 -2.867261409759521484e+00 9.391108155250549316e-02
-6.559452533721923828e+00 -2.523152351379394531e+00 8.586320094764232635e-03
-1.422594261169433594e+01 -3.673284769058227539e+00 4.360641241073608398e-01
-1.029209041595458984e+01 -3.058061599731445312e+00 2.174050062894821167e-01
-8.344687461853027344e+00 -2.811236619949340820e+00 9.375139325857162476e-02
-6.636554718017578125e+00 -2.506173372268676758e+00 8.666954003274440765e-03
-1.422785758972167969e+01 -3.580803871154785156e+00 4.354411363601684570e-01
-1.033082294464111328e+01 -3.000709295272827148e+00 2.178301364183425903e-01
-8.413055419921875000e+00 -2.776906251907348633e+00 9.432628750801086426e-02
-6.374258041381835938e+00 -2.362534999847412109e+00 8.305322378873825073e-03
-1.406122493743896484e+01 -3.447263240814208984e+00 4.296859204769134521e-01
-1.035096359252929688e+01 -2.937809944152832031e+00 2.178706228733062744e-01
-8.389022827148437500e+00 -2.712006092071533203e+00 9.386849403381347656e-02
-6.505167484283447266e+00 -2.365758895874023438e+00 8.456816896796226501e-03
-1.425711631774902344e+01 -3.402688026428222656e+00 4.350258111953735352e-01
-1.028786468505859375e+01 -2.851808309555053711e+00 2.161701023578643799e-01
-8.404551506042480469e+00 -2.660179138183593750e+00 9.385784715414047241e-02
-6.512026309967041016e+00 -2.323111295700073242e+00 8.447042666375637054e-03
-1.350658988952636719e+01 -3.136093616485595703e+00 4.115301668643951416e-01
-1.032543563842773438e+01 -2.794113874435424805e+00 2.165952324867248535e-01
-8.548708915710449219e+00 -2.648209095001220703e+00 9.528446197509765625e-02
-6.495008945465087891e+00 -2.272213459014892578e+00 8.406725712120532990e-03
-1.375275897979736328e+01 -3.104441881179809570e+00 4.184423983097076416e-01
-1.031918525695800781e+01 -2.724580049514770508e+00 2.161093652248382568e-01
-8.550442695617675781e+00 -2.591354846954345703e+00 9.512475878000259399e-02
-6.497478008270263672e+00 -2.228425025939941406e+00 8.392064832150936127e-03
-1.329996776580810547e+01 -2.916583776473999023e+00 4.041135907173156738e-01
-1.026406192779541016e+01 -2.642763853073120117e+00 2.146112918853759766e-01
-8.332253456115722656e+00 -2.469510078430175781e+00 9.252705425024032593e-02
-6.693022727966308594e+00 -2.249687910079956055e+00 8.626637049019336700e-03
-1.482906723022460938e+01 -3.156665325164794922e+00 4.499776363372802734e-01
-1.024614334106445312e+01 -2.571217775344848633e+00 2.139027267694473267e-01
-8.300187110900878906e+00 -2.404703140258789062e+00 9.200538694858551025e-02
-6.598421096801757812e+00 -2.172920465469360352e+00 8.487360551953315735e-03
-1.484228324890136719e+01 -3.064403533935546875e+00 4.497996270656585693e-01
-1.018694400787353516e+01 -2.490020751953125000e+00 2.123439013957977295e-01
-8.386945724487304688e+00 -2.374155759811401367e+00 9.280385822057723999e-02
-6.523118972778320312e+00 -2.103845834732055664e+00 8.373738266527652740e-03
-1.394634151458740234e+01 -2.790313720703125000e+00 4.221210181713104248e-01
-1.019133186340332031e+01 -2.424922227859497070e+00 2.121212184429168701e-01
-8.384007453918457031e+00 -2.317853689193725586e+00 9.261222928762435913e-02
-6.490132808685302734e+00 -2.049328088760375977e+00 8.315095677971839905e-03
-1.445385932922363281e+01 -2.799729585647583008e+00 4.369541406631469727e-01
-1.007257556915283203e+01 -2.331456184387207031e+00 2.093477249145507812e-01
-8.400002479553222656e+00 -2.266887903213500977e+00 9.263352304697036743e-02
-6.702268123626708984e+00 -2.071173906326293945e+00 8.570437319576740265e-03
-1.443932723999023438e+01 -2.705099582672119141e+00 4.360048174858093262e-01
-1.013253593444824219e+01 -2.279923439025878906e+00 2.102992087602615356e-01
-8.495947837829589844e+00 -2.236944913864135742e+00 9.353845566511154175e-02
-6.552124023437500000e+00 -1.980815768241882324e+00 8.362743072211742401e-03
-1.469761371612548828e+01 -2.660245180130004883e+00 4.433027207851409912e-01
-1.013559055328369141e+01 -2.215360164642333984e+00 2.100765258073806763e-01
-8.324523925781250000e+00 -2.137277603149414062e+00 9.150501340627670288e-02
-6.268791675567626953e+00 -1.853256583213806152e+00 7.986450567841529846e-03
-1.401357173919677734e+01 -2.447728872299194336e+00 4.222100079059600830e-01
-1.002478313446044922e+01 -2.126776456832885742e+00 2.075054943561553955e-01
-8.484928131103515625e+00 -2.123052358627319336e+00 9.312325716018676758e-02
-6.662400722503662109e+00 -1.925247192382812500e+00 8.472699671983718872e-03
-1.427179336547851562e+01 -2.402685165405273438e+00 4.295375645160675049e-01
-1.024427223205566406e+01 -2.107738733291625977e+00 2.117770612239837646e-01
-8.481279373168945312e+00 -2.066924810409545898e+00 9.294226765632629395e-02
-6.674088478088378906e+00 -1.884331226348876953e+00 8.472699671983718872e-03
-1.428429222106933594e+01 -2.314749956130981445e+00 4.294782280921936035e-01
-1.023250007629394531e+01 -2.039954662322998047e+00 2.112709581851959229e-01
-8.505476951599121094e+00 -2.017615318298339844e+00 9.307002276182174683e-02
-6.682632446289062500e+00 -1.842546820640563965e+00 8.469033986330032349e-03
-1.411946201324462891e+01 -2.199215650558471680e+00 4.241086542606353760e-01
-1.027427482604980469e+01 -1.982814311981201172e+00 2.118782848119735718e-01
-8.438775062561035156e+00 -1.947178125381469727e+00 9.220767021179199219e-02
-6.675465106964111328e+00 -1.796570420265197754e+00 8.445820771157741547e-03
-4.460457324981689453e+00 -6.667441725730895996e-01 1.338540911674499512e-01
-1.018796443939208984e+01 -1.901392579078674316e+00 2.098538279533386230e-01
-8.461297035217285156e+00 -1.897769570350646973e+00 9.232478588819503784e-02
-6.754068374633789062e+00 -1.773353457450866699e+00 8.531342260539531708e-03
-4.416970252990722656e+00 -6.325610876083374023e-01 1.324301213026046753e-01
-1.024962043762207031e+01 -1.847891688346862793e+00 2.108863145112991333e-01
-8.479620933532714844e+00 -1.847306132316589355e+00 9.239930659532546997e-02
-6.684415340423583984e+00 -1.711292743682861328e+00 8.429937995970249176e-03
-4.411855697631835938e+00 -6.042265295982360840e-01 1.321631222963333130e-01
-1.032971668243408203e+01 -1.796960949897766113e+00 2.123034149408340454e-01
-8.841032981872558594e+00 -1.869293332099914551e+00 9.621068835258483887e-02
-6.690908908843994141e+00 -1.669277548789978027e+00 8.425051346421241760e-03
-1.344863033294677734e+01 -1.757861495018005371e+00 4.025412797927856445e-01
-1.041943073272705078e+01 -1.746769547462463379e+00 2.139229625463485718e-01
-8.584915161132812500e+00 -1.760180711746215820e+00 9.330424666404724121e-02
-6.669929981231689453e+00 -1.620636105537414551e+00 8.385956287384033203e-03
-1.329946708679199219e+01 -1.655431270599365234e+00 3.977650403976440430e-01
-1.045166683197021484e+01 -1.686307787895202637e+00 2.143683433532714844e-01
-8.656361579895019531e+00 -1.719550728797912598e+00 9.396430850028991699e-02
-6.869514465332031250e+00 -1.624556899070739746e+00 8.624194189906120300e-03
-1.325676345825195312e+01 -1.567574977874755859e+00 3.961926996707916260e-01
-1.041538238525390625e+01 -1.614945888519287109e+00 2.134168595075607300e-01
-8.803241729736328125e+00 -1.692647933959960938e+00 9.544415026903152466e-02
-6.852065563201904297e+00 -1.576099157333374023e+00 8.589984849095344543e-03
-1.270489215850830078e+01 -1.423327922821044922e+00 3.794312775135040283e-01
-4.411530017852783203e+00 -6.563314795494079590e-01 9.031043946743011475e-02
-8.655183792114257812e+00 -1.609173297882080078e+00 9.373009949922561646e-02
-6.713269233703613281e+00 -1.500862598419189453e+00 8.404281921684741974e-03
-1.278694248199462891e+01 -1.353129148483276367e+00 3.816265761852264404e-01
-4.423392295837402344e+00 -6.303789019584655762e-01 9.047239273786544800e-02
-8.297787666320800781e+00 -1.490111112594604492e+00 8.975902199745178223e-02
-6.340256214141845703e+00 -1.376676917076110840e+00 7.926586084067821503e-03
-1.267266464233398438e+01 -1.262456893920898438e+00 3.779776096343994141e-01
-4.444017887115478516e+00 -6.055202484130859375e-01 9.081654250621795654e-02
-8.567870140075683594e+00 -1.484404087066650391e+00 9.258028864860534668e-02
-6.956239223480224609e+00 -1.465790629386901855e+00 8.685279637575149536e-03
-1.295385932922363281e+01 -1.210245013236999512e+00 3.861358463764190674e-01
-1.051929664611816406e+01 -1.367618322372436523e+00 2.147934883832931519e-01
-8.562023162841796875e+00 -1.429334998130798340e+00 9.242060035467147827e-02
-6.771110057830810547e+00 -1.383444786071777344e+00 8.443377912044525146e-03
-1.241734695434570312e+01 -1.083306193351745605e+00 3.699380755424499512e-01
-1.049573802947998047e+01 -1.299117326736450195e+00 2.141456454992294312e-01
-8.360339164733886719e+00 -1.342991471290588379e+00 9.015293419361114502e-02
-6.832443714141845703e+00 -1.352356791496276855e+00 8.509350940585136414e-03
-1.224741649627685547e+01 -9.927995800971984863e-01 3.646871447563171387e-01
-1.051443481445312500e+01 -1.235976219177246094e+00 2.143683433532714844e-01
-4.433248043060302734e+00 -6.842729449272155762e-01 4.775933548808097839e-02
-6.819005966186523438e+00 -1.306269168853759766e+00 8.482472971081733704e-03
-4.451153278350830078e+00 -6.614820361137390137e-01 2.114291638135910034e-01
-1.222038364410400391e+01 -9.151688218116760254e-01 3.637081682682037354e-01
-1.045623970031738281e+01 -1.164136171340942383e+00 2.130322158336639404e-01
-4.433406829833984375e+00 -6.564723253250122070e-01 4.771675169467926025e-02
-6.804277420043945312e+00 -1.260215401649475098e+00 8.454373106360435486e-03
-4.458095073699951172e+00 -6.345801353454589844e-01 2.115699797868728638e-01
-1.189669132232666016e+01 -8.175540566444396973e-01 3.539183139801025391e-01
-1.054074287414550781e+01 -1.108109235763549805e+00 2.146112918853759766e-01
-4.444281578063964844e+00 -6.302398443222045898e-01 4.779127612709999084e-02
-6.725256443023681641e+00 -1.202946782112121582e+00 8.346861228346824646e-03
-1.173987102508544922e+01 -7.344316840171813965e-01 3.491123914718627930e-01
-1.050456047058105469e+01 -1.039179205894470215e+00 2.137407660484313965e-01
-4.440137863159179688e+00 -6.018838286399841309e-01 4.770610854029655457e-02
-6.860618114471435547e+00 -1.183762907981872559e+00 8.505686186254024506e-03
-1.085196781158447266e+01 -6.120629310607910156e-01 3.225907683372497559e-01
-1.051073932647705078e+01 -9.747048616409301758e-01 2.137407660484313965e-01
-4.420938491821289062e+00 -5.716788768768310547e-01 4.746124148368835449e-02
-6.847036838531494141e+00 -1.138200998306274414e+00 8.480030111968517303e-03
-1.085451984405517578e+01 -5.454148054122924805e-01 3.225610852241516113e-01
-1.058923530578613281e+01 -9.164870977401733398e-01 2.152186185121536255e-01
-8.849719047546386719e+00 -1.089205622673034668e+00 9.493312984704971313e-02
-6.849941730499267578e+00 -1.095535278320312500e+00 8.475142531096935272e-03
-1.071186828613281250e+01 -4.723732173442840576e-01 3.182297945022583008e-01
-1.054582691192626953e+01 -8.475708365440368652e-01 2.142266333103179932e-01
-8.781745910644531250e+00 -1.026179909706115723e+00 9.413465112447738647e-02
-4.470535755157470703e+00 -6.868832111358642578e-01 5.525886081159114838e-03
-4.443609714508056641e+00 -6.564475893974304199e-01 1.686334162950515747e-01
-1.049382209777832031e+01 -3.982599079608917236e-01 3.116735816001892090e-01
-1.054285240173339844e+01 -7.822550535202026367e-01 2.140646725893020630e-01
-8.582143783569335938e+00 -9.495148658752441406e-01 9.193086624145507812e-02
-4.433115482330322266e+00 -6.533161997795104980e-01 5.474573466926813126e-03
-4.454480171203613281e+00 -6.301495432853698730e-01 1.688960194587707520e-01
-1.047708606719970703e+01 -3.332597315311431885e-01 3.111099302768707275e-01
-1.055044651031494141e+01 -7.177541851997375488e-01 2.141254097223281860e-01
-8.506257057189941406e+00 -8.883213996887207031e-01 9.105787426233291626e-02
-4.431099414825439453e+00 -6.252644658088684082e-01 5.467243026942014694e-03
-4.441427707672119141e+00 -6.005292534828186035e-01 1.682582497596740723e-01
-1.045894908905029297e+01 -2.684543430805206299e-01 3.105165958404541016e-01
-1.054267692565917969e+01 -6.522635221481323242e-01 2.138824760913848877e-01
-8.677738189697265625e+00 -8.524366021156311035e-01 9.283580631017684937e-02
-4.431879520416259766e+00 -5.976629853248596191e-01 5.463577341288328171e-03
-1.047239112854003906e+01 -2.045085579156875610e-01 3.108725845813751221e-01
-1.051154232025146484e+01 -5.856161117553710938e-01 2.131739258766174316e-01
-8.568295478820800781e+00 -7.886353731155395508e-01 9.161148220300674438e-02
-4.438438892364501953e+00 -5.708409547805786133e-01 5.467243026942014694e-03
-1.048444366455078125e+01 -1.403945386409759521e-01 3.111989200115203857e-01
-1.052592182159423828e+01 -5.216518044471740723e-01 2.133966088294982910e-01
-8.522163391113281250e+00 -7.316840887069702148e-01 9.106852114200592041e-02
-6.881653785705566406e+00 -8.421797156333923340e-01 8.470255881547927856e-03
-1.049410343170166016e+01 -7.612582296133041382e-02 3.114659190177917480e-01
-1.049895954132080078e+01 -4.557553529739379883e-01 2.127892822027206421e-01
-8.672022819519042969e+00 -6.909749507904052734e-01 9.262288361787796021e-02
-7.001916408538818359e+00 -8.133230209350585938e-01 8.611976169049739838e-03
-1.408361721038818359e+01 -5.297300219535827637e-01 7.953559160232543945e-01
-1.052036190032958984e+01 -1.176283787935972214e-02 3.122372329235076904e-01
-1.048956871032714844e+01 -3.908796310424804688e-01 2.125463485717773438e-01
-8.687068939208984375e+00 -6.385577321052551270e-01 9.273998439311981201e-02
-7.000811100006103516e+00 -7.696890234947204590e-01 8.604645729064941406e-03
-1.416543769836425781e+01 -4.457855224609375000e-01 7.998070716857910156e-01
-1.051023960113525391e+01 5.273895338177680969e-02 3.119405806064605713e-01
-1.044979858398437500e+01 -3.252033293247222900e-01 2.116960883140563965e-01
-8.585069656372070312e+00 -5.781213641166687012e-01 9.161148220300674438e-02
-6.925829410552978516e+00 -7.184637784957885742e-01 8.506907150149345398e-03
-1.049872398376464844e+01 1.171049475669860840e-01 3.116142451763153076e-01
-1.043960380554199219e+01 -2.607788443565368652e-01 2.114531546831130981e-01
-8.638359069824218750e+00 -5.284865498542785645e-01 9.214379638433456421e-02
-6.762901306152343750e+00 -6.596450805664062500e-01 8.301657624542713165e-03
-1.049980640411376953e+01 1.815562695264816284e-01 3.116735816001892090e-01
-1.046999645233154297e+01 -1.972639113664627075e-01 2.120402455329895020e-01
-8.724308967590332031e+00 -4.800323545932769775e-01 9.302744269371032715e-02
-6.859435558319091797e+00 -6.265963912010192871e-01 8.415278047323226929e-03
-1.347369289398193359e+01 -6.655297279357910156e-01 6.338182091712951660e-01
-1.051348495483398438e+01 2.463296502828598022e-01 3.121185898780822754e-01
-1.047300910949707031e+01 -1.330429017543792725e-01 2.120807319879531860e-01
-8.679150581359863281e+00 -4.241490960121154785e-01 9.251641482114791870e-02
-7.002645969390869141e+00 -5.963758826255798340e-01 8.586320094764232635e-03
-1.350646305084228516e+01 -5.840957164764404297e-01 6.351792216300964355e-01
-1.051577186584472656e+01 3.109527230262756348e-01 3.122372329235076904e-01
-1.047362804412841797e+01 -6.877922266721725464e-02 2.120807319879531860e-01
-8.743529319763183594e+00 -3.735330104827880859e-01 9.317649155855178833e-02
-7.028104782104492188e+00 -5.551295280456542969e-01 8.613198064267635345e-03
-1.203343772888183594e+01 -4.464381337165832520e-01 5.657666325569152832e-01
-1.050367641448974609e+01 3.751136660575866699e-01 3.119405806064605713e-01
-1.049084854125976562e+01 -4.520277958363294601e-03 2.124248743057250977e-01
-8.718675613403320312e+00 -3.188898563385009766e-01 9.288903325796127319e-02
-7.026392459869384766e+00 -5.116323232650756836e-01 8.607089519500732422e-03
-1.133905410766601562e+01 -3.510202765464782715e-01 5.330079793930053711e-01
-1.050017833709716797e+01 4.395141899585723877e-01 3.119109272956848145e-01
-1.039270114898681641e+01 5.929147079586982727e-02 2.104409188032150269e-01
-9.158241271972656250e+00 -2.787096202373504639e-01 9.755211323499679565e-02
-6.990485668182373047e+00 -4.659159779548645020e-01 8.559442125260829926e-03
-1.200610351562500000e+01 1.379790455102920532e-01 6.775963902473449707e-01
-1.147580432891845703e+01 -2.847839891910552979e-01 5.393438339233398438e-01
-1.051225948333740234e+01 5.046527385711669922e-01 3.123559057712554932e-01
-1.044512748718261719e+01 1.236862018704414368e-01 2.115138918161392212e-01
-9.192767143249511719e+00 -2.233118414878845215e-01 9.790344536304473877e-02
-6.934320926666259766e+00 -4.194520413875579834e-01 8.487360551953315735e-03
-1.310625457763671875e+01 -2.447880655527114868e-01 6.158901453018188477e-01
-1.260228252410888672e+01 -6.891332864761352539e-01 4.738242626190185547e-01
-1.050696945190429688e+01 5.690371394157409668e-01 3.122965693473815918e-01
-1.041618156433105469e+01 1.872707307338714600e-01 2.109470218420028687e-01
-8.987010002136230469e+00 -1.631449460983276367e-01 9.569966048002243042e-02
-7.139464855194091797e+00 -3.879093229770660400e-01 8.735371753573417664e-03
-1.178307533264160156e+01 -1.477569043636322021e-01 5.536581277847290039e-01
-1.102025794982910156e+01 -5.348233580589294434e-01 4.142116606235504150e-01
-1.051126194000244141e+01 6.339774131774902344e-01 3.125339150428771973e-01
-1.042283248901367188e+01 2.513725459575653076e-01 2.111089974641799927e-01
-9.155820846557617188e+00 -1.100170686841011047e-01 9.748823940753936768e-02
-7.124730110168457031e+00 -3.432769477367401123e-01 8.714601397514343262e-03
-1.202448844909667969e+01 -7.699597626924514771e-02 5.649687647819519043e-01
-1.050116920471191406e+01 -4.450637996196746826e-01 3.945909142494201660e-01
-1.050119018554687500e+01 6.980635523796081543e-01 3.123559057712554932e-01
-1.049504566192626953e+01 3.175587356090545654e-01 2.126070857048034668e-01
-9.163322448730468750e+00 -5.387708917260169983e-02 9.756276756525039673e-02
-7.045773983001708984e+00 -2.961523532867431641e-01 8.615641854703426361e-03
-1.178100395202636719e+01 -3.148515243083238602e-03 5.535173416137695312e-01
-1.044977569580078125e+01 -3.786673247814178467e-01 3.925650715827941895e-01
-1.051365661621093750e+01 7.637156248092651367e-01 3.128602206707000732e-01
-1.044693851470947266e+01 3.802761435508728027e-01 2.116758376359939575e-01
-8.931493759155273438e+00 2.289545955136418343e-03 9.509281814098358154e-02
-6.964511871337890625e+00 -2.499379813671112061e-01 8.514237590134143829e-03
-1.176282215118408203e+01 6.903290748596191406e-02 5.526725649833679199e-01
-1.042093849182128906e+01 -3.136097192764282227e-01 3.914020955562591553e-01
-1.053567790985107422e+01 8.303322196006774902e-01 3.136612176895141602e-01
-1.049635124206542969e+01 4.465801417827606201e-01 2.127285450696945190e-01
-8.857317924499511719e+00 5.661912262439727783e-02 9.430500119924545288e-02
-6.838970661163330078e+00 -2.034239172935485840e-01 8.359078317880630493e-03
-1.175718307495117188e+01 1.411469727754592896e-01 5.524379014968872070e-01
-1.041567325592041016e+01 -2.494946420192718506e-01 3.911394774913787842e-01
-1.051743698120117188e+01 8.938618898391723633e-01 3.132755458354949951e-01
-1.049940586090087891e+01 5.112679004669189453e-01 2.128500193357467651e-01
-8.903797149658203125e+00 1.115543097257614136e-01 9.480537474155426025e-02
-6.826094150543212891e+00 -1.611265838146209717e-01 8.341974578797817230e-03
-1.174710655212402344e+01 2.131219506263732910e-01 5.520154833793640137e-01
-1.041501045227050781e+01 -1.855449825525283813e-01 3.910644352436065674e-01
-1.053564453125000000e+01 9.605569839477539062e-01 3.139875531196594238e-01
-1.052901458740234375e+01 5.774883031845092773e-01 2.135180830955505371e-01
-9.239867210388183594e+00 1.724739670753479004e-01 9.839317947626113892e-02
-7.105911254882812500e+00 -1.241116821765899658e-01 8.682836778461933136e-03
-1.179650688171386719e+01 2.864334583282470703e-01 5.544090867042541504e-01
-1.041395378112792969e+01 -1.216128468513488770e-01 3.909894227981567383e-01
-1.054049587249755859e+01 1.026249885559082031e+00 3.143138587474822998e-01
-1.052826595306396484e+01 6.422648429870605469e-01 2.135788053274154663e-01
-8.931746482849121094e+00 2.215530723333358765e-01 9.512475878000259399e-02
-7.100539207458496094e+00 -8.044032007455825806e-02 8.675506338477134705e-03
-1.210703754425048828e+01 3.683171570301055908e-01 5.690987706184387207e-01
-1.042249774932861328e+01 -5.775603279471397400e-02 3.912895321846008301e-01
-1.054096031188964844e+01 1.091626524925231934e+00 3.145215213298797607e-01
-1.051215648651123047e+01 7.060489654541015625e-01 2.133358716964721680e-01
-9.021169662475585938e+00 2.791676223278045654e-01 9.609357267618179321e-02
-6.851902961730957031e+00 -3.557782620191574097e-02 8.371295407414436340e-03
-1.200871944427490234e+01 4.390936493873596191e-01 5.645933151245117188e-01
-1.041566085815429688e+01 6.192140281200408936e-03 3.910269141197204590e-01
-1.054002571105957031e+01 1.156938552856445312e+00 3.146995306015014648e-01
-1.053255462646484375e+01 7.723650932312011719e-01 2.138419896364212036e-01
-9.073247909545898438e+00 3.365165591239929199e-01 9.666848182678222656e-02
-6.824992179870605469e+00 6.439850199967622757e-03 8.338308893144130707e-03
-1.206667613983154297e+01 5.153695940971374512e-01 5.674561858177185059e-01
-1.042242145538330078e+01 7.014840096235275269e-02 3.912895321846008301e-01
-1.053868484497070312e+01 1.222280025482177734e+00 3.148775100708007812e-01
-1.053758430480957031e+01 8.377695083618164062e-01 2.140444368124008179e-01
-8.904176712036132812e+00 3.849695622920989990e-01 9.489053487777709961e-02
-7.048818588256835938e+00 4.990288615226745605e-02 8.611976169049739838e-03
-1.213611984252929688e+01 5.929581522941589355e-01 5.708822011947631836e-01
-1.041779899597167969e+01 1.340464353561401367e-01 3.911394774913787842e-01
-1.057960319519042969e+01 1.292862296104431152e+00 3.163311779499053955e-01
-1.052327919006347656e+01 9.016429185867309570e-01 2.138622254133224487e-01
-8.956577301025390625e+00 4.423099756240844727e-01 9.547609090805053711e-02
-7.100374698638916016e+00 9.383986145257949829e-02 8.675506338477134705e-03
-1.194474411010742188e+01 6.570976376533508301e-01 5.620589852333068848e-01
-1.044175720214843750e+01 1.984409987926483154e-01 3.920773565769195557e-01
-1.057246303558349609e+01 1.357880592346191406e+00 3.163608312606811523e-01
-1.055339050292968750e+01 9.694882035255432129e-01 2.145910263061523438e-01
-9.173343658447265625e+00 5.094567537307739258e-01 9.781827777624130249e-02
-7.167652606964111328e+00 1.387209892272949219e-01 8.758584037423133850e-03
-1.234129428863525391e+01 7.548934817314147949e-01 5.809257030487060547e-01
-1.047131156921386719e+01 2.632853388786315918e-01 3.932403624057769775e-01
-1.053421401977539062e+01 1.418724060058593750e+00 3.154708743095397949e-01
-1.056415843963623047e+01 1.035882949829101562e+00 2.149351984262466431e-01
-8.908556938171386719e+00 5.496016144752502441e-01 9.502894431352615356e-02
-7.130678176879882812e+00 1.817808300256729126e-01 8.714601397514343262e-03
-1.270917510986328125e+01 8.557006716728210449e-01 5.984783172607421875e-01
-1.047549247741699219e+01 3.277186453342437744e-01 3.934654593467712402e-01
-1.054312705993652344e+01 1.485844850540161133e+00 3.160048425197601318e-01
-1.054368209838867188e+01 1.099232554435729980e+00 2.146517634391784668e-01
-8.914994239807128906e+00 6.049301028251647949e-01 9.513541311025619507e-02
-7.243371486663818359e+00 2.291348576545715332e-01 8.853878825902938843e-03
-1.345084381103515625e+01 9.885795712471008301e-01 6.336774230003356934e-01
-1.044931793212890625e+01 3.910918831825256348e-01 3.925650715827941895e-01
-1.054370021820068359e+01 1.551963925361633301e+00 3.163015246391296387e-01
-1.051388263702392578e+01 1.161381959915161133e+00 2.141861468553543091e-01
-9.202301025390625000e+00 6.811743378639221191e-01 9.824413061141967773e-02
-7.138903141021728516e+00 2.696867883205413818e-01 8.728041313588619232e-03
-1.318762207031250000e+01 1.050626993179321289e+00 6.215689182281494141e-01
-1.045071506500244141e+01 4.553743302822113037e-01 3.927151262760162354e-01
-1.053397941589355469e+01 1.616629600524902344e+00 3.163015246391296387e-01
-1.053635025024414062e+01 1.229348063468933105e+00 2.147934883832931519e-01
-9.151101112365722656e+00 7.338688969612121582e-01 9.774375706911087036e-02
-7.232022285461425781e+00 3.176538646221160889e-01 8.844105526804924011e-03
-1.268529891967773438e+01 1.088977336883544922e+00 5.981966853141784668e-01
-1.044772434234619141e+01 5.194901227951049805e-01 3.927151262760162354e-01
-1.054458904266357422e+01 1.684545874595642090e+00 3.169245123863220215e-01
-1.058616352081298828e+01 1.301048278808593750e+00 2.159676551818847656e-01
-9.133474349975585938e+00 7.888865470886230469e-01 9.760534763336181641e-02
-7.155030727386474609e+00 3.582720160484313965e-01 8.752475492656230927e-03
-1.259880256652832031e+01 1.159469127655029297e+00 5.944421291351318359e-01
-1.045132350921630859e+01 5.839766263961791992e-01 3.929777443408966064e-01
-1.054490089416503906e+01 1.751015543937683105e+00 3.172508180141448975e-01
-1.056112575531005859e+01 1.363802552223205566e+00 2.156235128641128540e-01
-9.122488975524902344e+00 8.443607091903686523e-01 9.754147380590438843e-02
-7.139718532562255859e+00 4.014379084110260010e-01 8.736592717468738556e-03
-1.250993442535400391e+01 1.228745341300964355e+00 5.905936956405639648e-01
-1.046051025390625000e+01 6.488981246948242188e-01 3.934654593467712402e-01
-1.053198814392089844e+01 1.815345287322998047e+00 3.171914815902709961e-01
-1.057138156890869141e+01 1.431127071380615234e+00 2.160081416368484497e-01
-8.456386566162109375e+00 8.350702524185180664e-01 9.047231823205947876e-02
-7.233932018280029297e+00 4.512782990932464600e-01 8.855100721120834351e-03
-1.219218826293945312e+01 1.273114323616027832e+00 5.759508609771728516e-01
-1.046630096435546875e+01 7.137502431869506836e-01 3.938405811786651611e-01
-1.055607509613037109e+01 1.886263966560363770e+00 3.182594776153564453e-01
-1.054755401611328125e+01 1.493861913681030273e+00 2.157044857740402222e-01
-8.891658782958984375e+00 9.331781268119812012e-01 9.518863260746002197e-02
-7.181144237518310547e+00 4.922371208667755127e-01 8.794014342129230499e-03
-1.433464145660400391e+01 1.585803747177124023e+00 6.776058673858642578e-01
-1.044677734375000000e+01 7.768452763557434082e-01 3.932778835296630859e-01
-1.057083988189697266e+01 1.955909490585327148e+00 3.190604448318481445e-01
-1.054412269592285156e+01 1.559430003166198730e+00 2.158259451389312744e-01
-8.829118728637695312e+00 9.814220070838928223e-01 9.458180516958236694e-02
-7.137103080749511719e+00 5.332357883453369141e-01 8.743923157453536987e-03
-1.455382728576660156e+01 1.700508356094360352e+00 6.884471774101257324e-01
-1.048364830017089844e+01 8.443000316619873047e-01 3.948535323143005371e-01
-1.057631111145019531e+01 2.024116277694702148e+00 3.195944726467132568e-01
-1.049581909179687500e+01 1.618156909942626953e+00 2.150364220142364502e-01
-9.512159347534179688e+00 1.116475105285644531e+00 1.019703298807144165e-01
-7.041996479034423828e+00 5.696008801460266113e-01 8.631524629890918732e-03
-1.360523700714111328e+01 1.674354672431945801e+00 6.440494060516357422e-01
-1.048125743865966797e+01 9.088696241378784180e-01 3.949660956859588623e-01
-1.058722591400146484e+01 2.093626976013183594e+00 3.203064501285552979e-01
-1.052123165130615234e+01 1.688230037689208984e+00 2.157652229070663452e-01
-9.197488784790039062e+00 1.136795639991760254e+00 9.866998344659805298e-02
-7.034383773803710938e+00 6.124520897865295410e-01 8.626637049019336700e-03
-1.469829368591308594e+01 1.900497674942016602e+00 6.963317394256591797e-01
-1.045956230163574219e+01 9.716852307319641113e-01 3.943658173084259033e-01
-1.058691215515136719e+01 2.161148548126220703e+00 3.206921219825744629e-01
-1.052053546905517578e+01 1.754399776458740234e+00 2.159676551818847656e-01
-9.282560348510742188e+00 1.205182194709777832e+00 9.966008365154266357e-02
-7.305300712585449219e+00 6.812288761138916016e-01 8.963834494352340698e-03
-1.201574897766113281e+01 1.628664016723632812e+00 5.697089433670043945e-01
-1.044445419311523438e+01 1.034958720207214355e+00 3.940281867980957031e-01
-1.059790420532226562e+01 2.231215953826904297e+00 3.214337527751922607e-01
-1.053715705871582031e+01 1.823693513870239258e+00 2.165344953536987305e-01
-9.309669494628906250e+00 1.266835331916809082e+00 1.000327095389366150e-01
-7.286056995391845703e+00 7.245562076568603516e-01 8.945508860051631927e-03
-1.284816074371337891e+01 1.821843981742858887e+00 6.096950769424438477e-01
-1.050051689147949219e+01 1.105617642402648926e+00 3.963916897773742676e-01
-1.059964466094970703e+01 2.299592494964599609e+00 3.219084441661834717e-01
-1.051887989044189453e+01 1.887078166007995605e+00 2.163927853107452393e-01
-9.103727340698242188e+00 1.295753598213195801e+00 9.790344536304473877e-02
-7.183022022247314453e+00 7.588480710983276367e-01 8.824557997286319733e-03
-1.332289886474609375e+01 1.972626566886901855e+00 6.327856779098510742e-01
-1.051538372039794922e+01 1.172462821006774902e+00 3.972170054912567139e-01
-1.059899234771728516e+01 2.367638111114501953e+00 3.223237693309783936e-01
-1.055330276489257812e+01 1.960166454315185547e+00 2.173442691564559937e-01
-9.119343757629394531e+00 1.355116128921508789e+00 9.815895557403564453e-02
-7.058974266052246094e+00 7.895687222480773926e-01 8.677949197590351105e-03
-1.051196193695068359e+01 1.237429380416870117e+00 3.973671197891235352e-01
-1.057939434051513672e+01 2.431508302688598633e+00 3.221754431724548340e-01
-1.056660461425781250e+01 2.029787302017211914e+00 2.178706228733062744e-01
-9.430033683776855469e+00 1.460478305816650391e+00 1.015977114439010620e-01
-7.277444839477539062e+00 8.592495322227478027e-01 8.952839300036430359e-03
-1.050020408630371094e+01 1.301414489746093750e+00 3.972170054912567139e-01
-1.056330299377441406e+01 2.496146440505981445e+00 3.221457600593566895e-01
-1.056670093536376953e+01 2.097114801406860352e+00 2.181338071823120117e-01
-9.501845359802246094e+00 1.531358718872070312e+00 1.024707108736038208e-01
-7.347455024719238281e+00 9.132612347602844238e-01 9.045690298080444336e-03
-1.352079582214355469e+01 2.256995677947998047e+00 6.440494060516357422e-01
-1.047715759277343750e+01 1.363883137702941895e+00 3.966543078422546387e-01
-7.088843822479248047e+00 1.721112012863159180e+00 2.165042608976364136e-01
-1.056244945526123047e+01 2.163717031478881836e+00 2.183160036802291870e-01
-9.067214012145996094e+00 1.518449783325195312e+00 9.788215160369873047e-02
-7.351628780364990234e+00 9.596215486526489258e-01 9.057908318936824799e-03
-1.049235439300537109e+01 1.431385755538940430e+00 3.975546658039093018e-01
-7.058752536773681641e+00 1.759740233421325684e+00 2.159109413623809814e-01
-1.056951618194580078e+01 2.232825994491577148e+00 2.187411338090896606e-01
-9.570019721984863281e+00 1.663083076477050781e+00 1.034182384610176086e-01
-7.330740451812744141e+00 1.002679467201232910e+00 9.039581753313541412e-03
-1.055855941772460938e+01 1.506465911865234375e+00 4.004058539867401123e-01
-1.059884738922119141e+01 2.711464643478393555e+00 3.246970474720001221e-01
-1.056440925598144531e+01 2.299551010131835938e+00 2.189233303070068359e-01
-9.396272659301757812e+00 1.692349314689636230e+00 1.016509458422660828e-01
-7.319500923156738281e+00 1.046933293342590332e+00 9.033473208546638489e-03
-1.077348232269287109e+01 1.604641556739807129e+00 4.089219570159912109e-01
-1.060134696960449219e+01 2.781520366668701172e+00 3.252903819084167480e-01
-1.057644176483154297e+01 2.370233058929443359e+00 2.194699496030807495e-01
-9.100640296936035156e+00 1.696820259094238281e+00 9.856351464986801147e-02
-7.222936630249023438e+00 1.078387737274169922e+00 8.922295644879341125e-03
-1.098660182952880859e+01 1.705356597900390625e+00 4.174005091190338135e-01
-1.061882972717285156e+01 2.855862379074096680e+00 3.263583779335021973e-01
-1.056754398345947266e+01 2.436431646347045898e+00 2.195914089679718018e-01
-9.322758674621582031e+00 1.797495245933532715e+00 1.010866984724998474e-01
-7.266577720642089844e+00 1.130526781082153320e+00 8.984603919088840485e-03
-1.054975795745849609e+01 1.703905224800109863e+00 4.011936783790588379e-01
-1.060688972473144531e+01 2.922557592391967773e+00 3.265363872051239014e-01
-7.096868515014648438e+00 1.682165861129760742e+00 1.476831734180450439e-01
-9.556723594665527344e+00 1.903497457504272461e+00 1.037482768297195435e-01
-7.183493614196777344e+00 1.162788510322570801e+00 8.890531025826931000e-03
-1.055290126800537109e+01 1.770920634269714355e+00 4.017189145088195801e-01
-1.058298492431640625e+01 2.985956668853759766e+00 3.263583779335021973e-01
-7.085441589355468750e+00 1.725443124771118164e+00 1.476629227399826050e-01
-9.603631973266601562e+00 1.974181175231933594e+00 1.043870449066162109e-01
-7.309353828430175781e+00 1.229232549667358398e+00 9.055464528501033783e-03
-1.053002262115478516e+01 1.833581566810607910e+00 4.012687206268310547e-01
-1.063840770721435547e+01 3.072190284729003906e+00 3.286426663398742676e-01
-7.052412509918212891e+00 1.763308405876159668e+00 1.471973061561584473e-01
-9.075821876525878906e+00 1.923797249794006348e+00 9.877644479274749756e-02
-7.419888019561767578e+00 1.294685840606689453e+00 9.202072396874427795e-03
-1.049792194366455078e+01 1.894431352615356445e+00 4.004808962345123291e-01
-1.063181972503662109e+01 3.141090393066406250e+00 3.290283381938934326e-01
-1.060819053649902344e+01 2.721623659133911133e+00 2.217575609683990479e-01
-9.581613540649414062e+00 2.092524051666259766e+00 1.044189855456352234e-01
-7.343904972076416016e+00 1.327911615371704102e+00 9.117772802710533142e-03
-1.260365772247314453e+01 2.826708078384399414e+00 6.068791747093200684e-01
-1.054111003875732422e+01 1.969085574150085449e+00 4.025817811489105225e-01
-1.060660552978515625e+01 3.204532384872436523e+00 3.288503587245941162e-01
-1.059129142761230469e+01 2.786663055419921875e+00 2.217575609683990479e-01
-9.436888694763183594e+00 2.121665477752685547e+00 1.029817312955856323e-01
-7.312028408050537109e+00 1.368532776832580566e+00 9.088451042771339417e-03
-1.051999855041503906e+01 2.032021760940551758e+00 4.022441208362579346e-01
-1.062685489654541016e+01 3.281940937042236328e+00 3.300963342189788818e-01
-1.057978630065917969e+01 2.853159666061401367e+00 2.218790352344512939e-01
-9.787078857421875000e+00 2.263573884963989258e+00 1.069528087973594666e-01
-7.450761318206787109e+00 1.441872000694274902e+00 9.271710179746150970e-03
-1.054653167724609375e+01 2.104354381561279297e+00 4.037447571754455566e-01
-1.065322494506835938e+01 3.361823797225952148e+00 3.315499722957611084e-01
-1.060737323760986328e+01 2.930535793304443359e+00 2.228305339813232422e-01
-7.078279018402099609e+00 1.682898163795471191e+00 7.746253907680511475e-02
-7.462366580963134766e+00 1.491678237915039062e+00 9.297367185354232788e-03
-1.054418754577636719e+01 2.171244144439697266e+00 4.041574597358703613e-01
-1.066854858398437500e+01 3.438780307769775391e+00 3.326772749423980713e-01
-1.061035728454589844e+01 3.001553297042846680e+00 2.232758998870849609e-01
-7.071705341339111328e+00 1.727246999740600586e+00 7.750511914491653442e-02
-7.483434200286865234e+00 1.543701291084289551e+00 9.335240349173545837e-03
-1.055705928802490234e+01 2.241504907608032227e+00 4.051703512668609619e-01
-1.068142890930175781e+01 3.515425920486450195e+00 3.337452709674835205e-01
-1.062631320953369141e+01 3.076610565185546875e+00 2.240047007799148560e-01
-7.071642875671386719e+00 1.773280978202819824e+00 7.762222737073898315e-02
-7.414155960083007812e+00 1.576899647712707520e+00 9.260714985430240631e-03
-1.054701232910156250e+01 2.307093858718872070e+00 4.053204357624053955e-01
-1.066913223266601562e+01 3.584082603454589844e+00 3.340419232845306396e-01
-1.063982868194580078e+01 3.151408433914184570e+00 2.246930152177810669e-01
-1.011110019683837891e+01 2.601498126983642578e+00 1.111581027507781982e-01
-7.342800617218017578e+00 1.608878254890441895e+00 9.183745831251144409e-03
-1.054143142700195312e+01 2.373741388320922852e+00 4.056580662727355957e-01
-1.067436122894287109e+01 3.658879041671752930e+00 3.349022567272186279e-01
-1.062794589996337891e+01 3.218952178955078125e+00 2.248549610376358032e-01
-1.002823448181152344e+01 2.645887851715087891e+00 1.104235053062438965e-01
-7.454727172851562500e+00 1.681405305862426758e+00 9.336462244391441345e-03
-1.055100536346435547e+01 2.444015264511108398e+00 4.065959751605987549e-01
-1.067529773712158203e+01 3.732554197311401367e+00 3.356438875198364258e-01
-1.063473701477050781e+01 3.292382478713989258e+00 2.254218012094497681e-01
-9.453883171081542969e+00 2.556496620178222656e+00 1.042699441313743591e-01
-7.371210575103759766e+00 1.710164785385131836e+00 9.244833141565322876e-03
-1.058150005340576172e+01 2.519588232040405273e+00 4.083591997623443604e-01
-1.067102432250976562e+01 3.804700374603271484e+00 3.362372219562530518e-01
-1.062863445281982422e+01 3.362097024917602539e+00 2.257254719734191895e-01
-9.995973587036132812e+00 2.769017219543457031e+00 1.104341447353363037e-01
-7.081407546997070312e+00 1.688784360885620117e+00 8.894195780158042908e-03
-1.473514556884765625e+01 4.171014785766601562e+00 7.195162177085876465e-01
-7.087898731231689453e+00 1.733742237091064453e+00 2.739402055740356445e-01
-1.068975257873535156e+01 3.885470628738403320e+00 3.375722169876098633e-01
-1.066013050079345703e+01 3.444155693054199219e+00 2.268389314413070679e-01
-9.821027755737304688e+00 2.785551548004150391e+00 1.086881607770919800e-01
-6.867914676666259766e+00 1.682473778724670410e+00 8.638854138553142548e-03
-1.053524684906005859e+01 2.645599126815795898e+00 4.077964723110198975e-01
-1.069383049011230469e+01 3.961405038833618164e+00 3.384622037410736084e-01
-1.067202758789062500e+01 3.520462512969970703e+00 2.275474816560745239e-01
-9.748052597045898438e+00 2.829591989517211914e+00 1.080706641077995300e-01
-7.100882053375244141e+00 1.785800576210021973e+00 8.945508860051631927e-03
-1.056042575836181641e+01 2.720913410186767578e+00 4.094096422195434570e-01
-1.069644260406494141e+01 4.037182331085205078e+00 3.393225073814392090e-01
-1.066633415222167969e+01 3.591301918029785156e+00 2.278916388750076294e-01
-9.519620895385742188e+00 2.826731681823730469e+00 1.057284846901893616e-01
-7.467422485351562500e+00 1.926775217056274414e+00 9.421983733773231506e-03
-1.054256629943847656e+01 2.785404443740844727e+00 4.093721508979797363e-01
-1.068359756469726562e+01 4.107401371002197266e+00 3.397081792354583740e-01
-1.066962718963623047e+01 3.665452241897583008e+00 2.284382283687591553e-01
-9.910655975341796875e+00 3.009139060974121094e+00 1.102744564414024353e-01
-6.933422565460205078e+00 1.834438204765319824e+00 8.762249723076820374e-03
-1.061208724975585938e+01 2.873546600341796875e+00 4.127485752105712891e-01
-1.068611717224121094e+01 4.183810234069824219e+00 3.405981659889221191e-01
-1.070166110992431641e+01 3.750027656555175781e+00 2.296124100685119629e-01
-1.020238399505615234e+01 3.166216135025024414e+00 1.137345060706138611e-01
-7.026271820068359375e+00 1.905210375785827637e+00 8.894195780158042908e-03
-1.060292148590087891e+01 2.941010951995849609e+00 4.130862057209014893e-01
-1.070481300354003906e+01 4.267065525054931641e+00 3.420221507549285889e-01
-1.070198726654052734e+01 3.824031352996826172e+00 2.301185131072998047e-01
-9.609907150268554688e+00 3.047115087509155273e+00 1.073360815644264221e-01
-7.597381114959716797e+00 2.110198259353637695e+00 9.633342735469341278e-03
-1.059236621856689453e+01 3.008197784423828125e+00 4.133863151073455811e-01
-1.071640491485595703e+01 4.348076820373535156e+00 3.432384729385375977e-01
-1.068959522247314453e+01 3.893731832504272461e+00 2.303614467382431030e-01
-1.021698570251464844e+01 3.308737277984619141e+00 1.143413484096527100e-01
-7.564091205596923828e+00 2.151031017303466797e+00 9.607686661183834076e-03
-1.064951705932617188e+01 3.095167398452758789e+00 4.163500666618347168e-01
-1.069876289367675781e+01 4.417564392089843750e+00 3.435351252555847168e-01
-1.068518543243408203e+01 3.966555595397949219e+00 2.307865917682647705e-01
-1.012623596191406250e+01 3.348135948181152344e+00 1.135535165667533875e-01
-7.456654071807861328e+00 2.170019149780273438e+00 9.487956762313842773e-03
-1.062936687469482422e+01 3.160168409347534180e+00 4.163125455379486084e-01
-1.070739555358886719e+01 4.498226165771484375e+00 3.446921110153198242e-01
-1.068495941162109375e+01 4.041239738464355469e+00 2.313129454851150513e-01
-9.937803268432617188e+00 3.353614568710327148e+00 1.116691231727600098e-01
-7.620508670806884766e+00 2.268514156341552734e+00 9.713976643979549408e-03
-1.063654708862304688e+01 3.233468055725097656e+00 4.173630177974700928e-01
-1.070808696746826172e+01 4.576017379760742188e+00 3.456117510795593262e-01
-1.068795013427734375e+01 4.117507934570312500e+00 2.319202721118927002e-01
-1.012598705291748047e+01 3.486471652984619141e+00 1.140219494700431824e-01
-7.624622821807861328e+00 2.320762634277343750e+00 9.737189859151840210e-03
-1.064799880981445312e+01 3.308456420898437500e+00 4.186010360717773438e-01
-1.074397754669189453e+01 4.669524192810058594e+00 3.476883769035339355e-01
-1.068947601318359375e+01 4.193599700927734375e+00 2.325073629617691040e-01
-1.012799072265625000e+01 3.556821346282958984e+00 1.142881140112876892e-01
-7.729596614837646484e+00 2.404634237289428711e+00 9.889906272292137146e-03
-1.064083194732666016e+01 3.377962112426757812e+00 4.191262423992156982e-01
-1.074072360992431641e+01 4.746673583984375000e+00 3.485190272331237793e-01
-1.070625305175781250e+01 4.276168346405029297e+00 2.334385961294174194e-01
-1.019729232788085938e+01 3.651598453521728516e+00 1.153208091855049133e-01
-7.744240283966064453e+00 2.461406946182250977e+00 9.927779436111450195e-03
-1.063511371612548828e+01 3.448120594024658203e+00 4.197264909744262695e-01
-1.073419094085693359e+01 4.822729110717773438e+00 3.492607176303863525e-01
-1.072427082061767578e+01 4.359853744506835938e+00 2.344103306531906128e-01
-1.019254207611083984e+01 3.720613956451416016e+00 1.155230924487113953e-01
-7.606294155120849609e+00 2.469049930572509766e+00 9.770176373422145844e-03
-1.062419223785400391e+01 3.516765594482421875e+00 4.201391637325286865e-01
-1.074076557159423828e+01 4.905111312866210938e+00 3.504473567008972168e-01
-1.070747947692871094e+01 4.429779052734375000e+00 2.346330136060714722e-01
-1.001207160949707031e+01 3.724512577056884766e+00 1.137345060706138611e-01
-7.674533367156982422e+00 2.543357610702514648e+00 9.877688251435756683e-03
-1.062608242034912109e+01 3.589884519577026367e+00 4.210770726203918457e-01
-1.074219989776611328e+01 4.985651016235351562e+00 3.514856696128845215e-01
-1.069115543365478516e+01 4.500049591064453125e+00 2.348759472370147705e-01
-1.015266132354736328e+01 3.847892522811889648e+00 1.155976131558418274e-01
-7.737407684326171875e+00 2.616992712020874023e+00 9.979092516005039215e-03
-1.067848968505859375e+01 3.680742979049682617e+00 4.240407943725585938e-01
-1.077830791473388672e+01 5.083020687103271484e+00 3.536809980869293213e-01
-1.075433254241943359e+01 4.604522705078125000e+00 2.368801534175872803e-01
-1.003184413909912109e+01 3.872663974761962891e+00 1.144903972744941711e-01
-7.789266586303710938e+00 2.687906026840209961e+00 1.006705779582262039e-02
-1.067361545562744141e+01 3.752492904663085938e+00 4.247536063194274902e-01
-1.078117084503173828e+01 5.165471553802490234e+00 3.548083007335662842e-01
-1.074879455566406250e+01 4.680402278900146484e+00 2.373862713575363159e-01
-1.026288318634033203e+01 4.034382820129394531e+00 1.174074858427047729e-01
-7.772627353668212891e+00 2.735649347305297852e+00 1.006705779582262039e-02
-1.064568614959716797e+01 3.816228151321411133e+00 4.245660305023193359e-01
-1.078252696990966797e+01 5.247710704803466797e+00 3.559059500694274902e-01
-1.074272823333740234e+01 4.756386756896972656e+00 2.378923743963241577e-01
-9.682776451110839844e+00 3.875101327896118164e+00 1.110409870743751526e-01
-7.696397304534912109e+00 2.762009620666503906e+00 9.990087710320949554e-03
-1.065773677825927734e+01 3.894510269165039062e+00 4.259916245937347412e-01
-1.078507137298583984e+01 5.331046104431152344e+00 3.570629358291625977e-01
-1.072519397735595703e+01 4.827548027038574219e+00 2.381555587053298950e-01
-1.007924938201904297e+01 4.105700492858886719e+00 1.158744171261787415e-01
-7.662401199340820312e+00 2.802998065948486328e+00 9.968097321689128876e-03
-1.065798854827880859e+01 3.968898534774780273e+00 4.269670248031616211e-01
-1.081022453308105469e+01 5.426269054412841797e+00 3.589912354946136475e-01
-1.071900844573974609e+01 4.904080390930175781e+00 2.386819273233413696e-01
-9.836791038513183594e+00 4.077486515045166016e+00 1.133725270628929138e-01
-7.598207473754882812e+00 2.832495689392089844e+00 9.907010011374950409e-03
-1.068949413299560547e+01 4.055488586425781250e+00 4.292179942131042480e-01
-1.088893699645996094e+01 5.549686431884765625e+00 3.627291619777679443e-01
-1.075580310821533203e+01 5.000951290130615234e+00 2.401800006628036499e-01
-9.521357536315917969e+00 4.015371322631835938e+00 1.100189462304115295e-01
-7.905076980590820312e+00 3.002264976501464844e+00 1.033095084130764008e-02
-1.066906929016113281e+01 4.122802257537841797e+00 4.294055402278900146e-01
-1.083514881134033203e+01 5.606290340423583984e+00 3.620765209197998047e-01
-1.077373123168945312e+01 5.089915752410888672e+00 2.412731945514678955e-01
-1.029144191741943359e+01 4.414705276489257812e+00 1.192279979586601257e-01
-7.852930545806884766e+00 3.037725210189819336e+00 1.028696820139884949e-02
-1.065194034576416016e+01 4.191482067108154297e+00 4.297432005405426025e-01
-1.079346561431884766e+01 5.668949604034423828e+00 3.618392050266265869e-01
-1.076032447814941406e+01 5.164578914642333984e+00 2.416780889034271240e-01
-1.029348945617675781e+01 4.490564346313476562e+00 1.195686906576156616e-01
-7.220066070556640625e+00 2.843968629837036133e+00 9.480626322329044342e-03
-1.068446254730224609e+01 4.280173778533935547e+00 4.321067035198211670e-01
-1.079464340209960938e+01 5.754348754882812500e+00 3.630555272102355957e-01
-1.077246761322021484e+01 5.251974582672119141e+00 2.426700741052627563e-01
-1.025203037261962891e+01 4.547557353973388672e+00 1.194089874625205994e-01
-7.923656463623046875e+00 3.177410602569580078e+00 1.042991131544113159e-02
-1.085694599151611328e+01 4.426769733428955078e+00 4.401725828647613525e-01
-1.078462696075439453e+01 5.834267139434814453e+00 3.639158308506011963e-01
-1.078304672241210938e+01 5.339269161224365234e+00 2.436418086290359497e-01
-1.016194915771484375e+01 4.582425594329833984e+00 1.186850443482398987e-01
-7.834572315216064453e+00 3.197628498077392578e+00 1.033828221261501312e-02
-1.313154506683349609e+01 5.448412418365478516e+00 5.337368845939636230e-01
-1.078017044067382812e+01 5.917646408081054688e+00 3.649838268756866455e-01
-1.078938388824462891e+01 5.425094127655029297e+00 2.445325553417205811e-01
-1.015818309783935547e+01 4.655941009521484375e+00 1.189724877476692200e-01
-7.818498134613037109e+00 3.247174501419067383e+00 1.034316793084144592e-02
-1.338418483734130859e+01 5.649744033813476562e+00 5.454043745994567871e-01
-1.081701087951660156e+01 6.024535655975341797e+00 3.674758076667785645e-01
-1.077904510498046875e+01 5.503014087677001953e+00 2.450589090585708618e-01
-1.016386890411376953e+01 4.734226703643798828e+00 1.193770468235015869e-01
-7.787373065948486328e+00 3.290416240692138672e+00 1.032850705087184906e-02
-1.079749774932861328e+01 4.636111259460449219e+00 4.411480128765106201e-01
-1.083379650115966797e+01 6.121279716491699219e+00 3.693150877952575684e-01
-1.083828067779541016e+01 5.617356300354003906e+00 2.471845895051956177e-01
-1.034522056579589844e+01 4.896170616149902344e+00 1.218576356768608093e-01
-7.966403484344482422e+00 3.423820972442626953e+00 1.059362292289733887e-02
-1.377540683746337891e+01 6.015106678009033203e+00 5.643122792243957520e-01
-1.080383777618408203e+01 6.192112445831298828e+00 3.695820868015289307e-01
-1.082926845550537109e+01 5.697252273559570312e+00 2.477716654539108276e-01
-1.028254127502441406e+01 4.943956851959228516e+00 1.214743778109550476e-01
-7.920505046844482422e+00 3.461824178695678711e+00 1.056063547730445862e-02
-1.091423797607421875e+01 4.845714569091796875e+00 4.483135044574737549e-01
-1.077255439758300781e+01 6.262306213378906250e+00 3.698194026947021484e-01
-1.083908653259277344e+01 5.787609100341796875e+00 2.488041371107101440e-01
-1.027896690368652344e+01 5.020120620727539062e+00 1.217937618494033813e-01
-7.674314022064208984e+00 3.410457134246826172e+00 1.026009116321802139e-02
-1.320597934722900391e+01 5.960474014282226562e+00 5.439411997795104980e-01
-1.083294773101806641e+01 6.386666297912597656e+00 3.732310235500335693e-01
-1.083149909973144531e+01 5.869249820709228516e+00 2.494519501924514771e-01
-1.032590579986572266e+01 5.121753215789794922e+00 1.227199882268905640e-01
-7.684227466583251953e+00 3.471479177474975586e+00 1.030162908136844635e-02
-1.296933650970458984e+01 5.949723243713378906e+00 5.356877446174621582e-01
-1.085103797912597656e+01 6.487381458282470703e+00 3.752186894416809082e-01
-1.089866161346435547e+01 5.992441654205322266e+00 2.518408000469207764e-01
-1.028088855743408203e+01 5.178267955780029297e+00 1.225602924823760986e-01
-7.397420406341552734e+00 3.396715641021728516e+00 9.944884106516838074e-03
-1.316444683074951172e+01 6.137283802032470703e+00 5.452917814254760742e-01
-1.084179878234863281e+01 6.572494506835937500e+00 3.762866556644439697e-01
-1.090883636474609375e+01 6.085503578186035156e+00 2.529340088367462158e-01
-1.023912906646728516e+01 5.236244678497314453e+00 1.224431842565536499e-01
-7.389125823974609375e+00 3.447961330413818359e+00 9.961987845599651337e-03
-1.308409595489501953e+01 6.197837352752685547e+00 5.435285568237304688e-01
-1.082681369781494141e+01 6.654596805572509766e+00 3.771766424179077148e-01
-1.088869380950927734e+01 6.162173271179199219e+00 2.533389031887054443e-01
-1.032306575775146484e+01 5.359329700469970703e+00 1.238378584384918213e-01
-7.358794689178466797e+00 3.488951206207275391e+00 9.949770756065845490e-03
-1.308183860778808594e+01 6.295336246490478516e+00 5.450291633605957031e-01
-1.084431362152099609e+01 6.757378578186035156e+00 3.792236149311065674e-01
-1.087842464447021484e+01 6.244796752929687500e+00 2.539867162704467773e-01
-1.033510303497314453e+01 5.446344852447509766e+00 1.243808120489120483e-01
-7.518337249755859375e+00 3.621261119842529297e+00 1.019533816725015640e-02
-1.326830673217773438e+01 6.485635280609130859e+00 5.544456243515014648e-01
-8.673892974853515625e+00 5.479104042053222656e+00 3.044943511486053467e-01
-1.089951992034912109e+01 6.346139430999755859e+00 2.553835809230804443e-01
-1.031912612915039062e+01 5.519089221954345703e+00 1.245937421917915344e-01
-7.711558341979980469e+00 3.772795677185058594e+00 1.048855390399694443e-02
-1.308684062957763672e+01 6.496720314025878906e+00 5.485181212425231934e-01
-1.084896087646484375e+01 6.946540355682373047e+00 3.823385536670684814e-01
-1.089911651611328125e+01 6.435774326324462891e+00 2.562945783138275146e-01
-1.045907783508300781e+01 5.676747798919677734e+00 1.267017126083374023e-01
-7.986480712890625000e+00 3.968215942382812500e+00 1.089539006352424622e-02
-1.306279373168945312e+01 6.584994316101074219e+00 5.491934418678283691e-01
-1.087743568420410156e+01 6.513314723968505859e+00 2.567197084426879883e-01
-1.046784305572509766e+01 5.764935493469238281e+00 1.272340267896652222e-01
-7.959302902221679688e+00 4.015793800354003906e+00 1.089172437787055969e-02
-1.310487079620361328e+01 6.707364082336425781e+00 5.526823997497558594e-01
-1.088255977630615234e+01 6.607435703277587891e+00 2.577926516532897949e-01
-1.057543277740478516e+01 5.909047126770019531e+00 1.289800256490707397e-01
-7.975453853607177734e+00 4.085528373718261719e+00 1.094792503863573074e-02
-1.326209831237792969e+01 6.890853881835937500e+00 5.610859394073486328e-01
-1.092099285125732422e+01 6.722828388214111328e+00 2.596753835678100586e-01
-1.060160923004150391e+01 6.009327888488769531e+00 1.297465562820434570e-01
-7.871274471282958984e+00 4.093325614929199219e+00 1.083919126540422440e-02
-1.311261653900146484e+01 6.915692329406738281e+00 5.565465092658996582e-01
-1.090074157714843750e+01 6.802944660186767578e+00 2.601814866065979004e-01
-1.073531055450439453e+01 6.172454357147216797e+00 1.318438798189163208e-01
-7.973357677459716797e+00 4.208766460418701172e+00 1.101511996239423752e-02
-8.604571342468261719e+00 5.443592071533203125e+00 2.061693370342254639e-01
-1.078188705444335938e+01 6.287574291229248047e+00 1.328872144222259521e-01
-8.128966331481933594e+00 4.354889869689941406e+00 1.126679591834545135e-02
-1.073794078826904297e+01 6.350558280944824219e+00 1.328233331441879272e-01
-8.104727745056152344e+00 4.406119346618652344e+00 1.127046160399913788e-02
-1.081282520294189453e+01 6.484726428985595703e+00 1.342392861843109131e-01
-7.950576782226562500e+00 4.385729789733886719e+00 1.109331101179122925e-02
-1.081213378906250000e+01 6.574849605560302734e+00 1.347290277481079102e-01
-7.796111106872558594e+00 4.363128185272216797e+00 1.091493759304285049e-02
-1.081244468688964844e+01 6.666257381439208984e+00 1.352400481700897217e-01
-8.123998641967773438e+00 4.612318992614746094e+00 1.141340285539627075e-02
-8.647256851196289062e+00 5.404848575592041016e+00 1.085710525512695312e-01
-8.118942260742187500e+00 4.675554752349853516e+00 1.144639030098915100e-02
-8.628289222717285156e+00 5.466903209686279297e+00 1.087520271539688110e-01
-7.540053367614746094e+00 4.404010772705078125e+00 1.066814828664064407e-02
-1.088478851318359375e+01 6.990592956542968750e+00 1.377312839031219482e-01
-8.329395294189453125e+00 4.933842658996582031e+00 1.182757038623094559e-02
-8.367544174194335938e+00 5.026051044464111328e+00 1.192530896514654160e-02
-7.992358684539794922e+00 4.867673397064208984e+00 1.143295224756002426e-02
-8.184414863586425781e+00 5.053749561309814453e+00 1.175182312726974487e-02
-8.226147651672363281e+00 5.149505138397216797e+00 1.185689214617013931e-02
-8.160621643066406250e+00 5.178451061248779297e+00 1.180802285671234131e-02
-8.213639259338378906e+00 5.283063411712646484e+00 1.193141750991344452e-02
-8.098972320556640625e+00 5.279842376708984375e+00 1.181168761104345322e-02
-8.359277725219726562e+00 5.522924423217773438e+00 1.224051509052515030e-02
-8.327725410461425781e+00 5.575781345367431641e+00 1.224417984485626221e-02
-8.290873527526855469e+00 5.625089645385742188e+00 1.224051509052515030e-02
-8.467984199523925781e+00 5.821448326110839844e+00 1.255449932068586349e-02
-8.194141387939453125e+00 5.707546710968017578e+00 1.220019720494747162e-02
-8.328911781311035156e+00 5.877645969390869141e+00 1.245431788265705109e-02
-8.499316215515136719e+00 6.076362609863281250e+00 1.276463828980922699e-02
-8.447293281555175781e+00 6.117840766906738281e+00 1.274264603853225708e-02
-8.520864486694335938e+00 6.251187324523925781e+00 1.291124522686004639e-02
-8.513649940490722656e+00 6.326613903045654297e+00 1.295889262109994888e-02
-8.532196998596191406e+00 6.422032833099365234e+00 1.304685790091753006e-02
-8.647707939147949219e+00 6.592484951019287109e+00 1.328509487211704254e-02
-8.516068458557128906e+00 6.575142383575439453e+00 1.314459554851055145e-02
-8.452718734741210938e+00 6.609408855438232422e+00 1.310916524380445480e-02
-8.433172225952148438e+00 6.677911281585693359e+00 1.314215268939733505e-02
-8.518422126770019531e+00 6.830876827239990234e+00 1.334007270634174347e-02
-8.557083129882812500e+00 6.948575019836425781e+00 1.346713211387395859e-02
-2.829153299331665039e+00 4.168349742889404297e+00 1.495178788900375366e-01
-2.789060831069946289e+00 4.164038181304931641e+00 1.487465649843215942e-01
-2.786055326461791992e+00 4.215261936187744141e+00 1.499628722667694092e-01
-2.815173864364624023e+00 4.153893947601318359e+00 1.016068235039710999e-01
-2.788521528244018555e+00 4.169427394866943359e+00 1.015663370490074158e-01
-4.524039745330810547e+00 6.855044364929199219e+00 1.663080453872680664e-01
-2.811614751815795898e+00 4.154787540435791016e+00 5.341252684593200684e-02
-2.783847332000732422e+00 4.168634891510009766e+00 5.336993932723999023e-02
-2.777562856674194336e+00 4.110551357269287109e+00 6.061004009097814560e-03
-2.733980894088745117e+00 4.100060939788818359e+00 6.020687054842710495e-03
-9.138938784599304199e-02 7.029388546943664551e-01 1.435330603271722794e-02
-8.228473365306854248e-02 7.041685581207275391e-01 7.548232562839984894e-03
-4.146422445774078369e-02 6.719793081283569336e-01 3.163224458694458008e-02
-5.143155343830585480e-03 7.079301476478576660e-01 6.579905003309249878e-02
-3.042614832520484924e-02 7.035655975341796875e-01 3.308714181184768677e-02
