-8.054816164076328278e-03 -7.228395342826843262e-01 6.718721240758895874e-02 1.330000000000000000e+02 2.489049000000000000e+07 6.000000000000000000e+00 2.100000000000000000e+01 2.000000000000000000e+01 7.260000000000000000e+02
-3.862586989998817444e-02 -7.201892733573913574e-01 7.389523088932037354e-02 6.100000000000000000e+01 2.498925000000000000e+07 3.000000000000000000e+00 2.000000000000000000e+01 1.700000000000000000e+01 7.250000000000000000e+02
-2.217686176300048828e-02 -7.414881587028503418e-01 4.186380282044410706e-02 2.380000000000000000e+02 2.518562000000000000e+07 9.000000000000000000e+00 2.500000000000000000e+01 2.300000000000000000e+01 7.430000000000000000e+02
-2.989094145596027374e-02 -7.142936587333679199e-01 6.644686311483383179e-02 1.060000000000000000e+02 2.538209000000000000e+07 4.000000000000000000e+00 2.100000000000000000e+01 1.800000000000000000e+01 7.180000000000000000e+02
-1.654933765530586243e-02 -7.017582058906555176e-01 8.432421088218688965e-02 1.300000000000000000e+02 2.567563000000000000e+07 4.000000000000000000e+00 1.800000000000000000e+01 1.310000000000000000e+02 7.070000000000000000e+02
-6.957188993692398071e-02 -6.729460954666137695e-01 4.457947984337806702e-02 8.900000000000000000e+01 2.577552000000000000e+07 3.000000000000000000e+00 2.400000000000000000e+01 1.200000000000000000e+01 6.780000000000000000e+02
-5.210516601800918579e-02 -7.139621973037719727e-01 4.039884731173515320e-02 1.010000000000000000e+02 2.587376000000000000e+07 5.000000000000000000e+00 2.500000000000000000e+01 1.000000000000000000e+01 7.170000000000000000e+02
-4.547483474016189575e-02 -7.330734729766845703e-01 2.757409401237964630e-02 1.240000000000000000e+02 2.685672000000000000e+07 7.000000000000000000e+00 2.700000000000000000e+01 7.000000000000000000e+00 7.350000000000000000e+02
-1.031747534871101379e-01 -6.993051171302795410e-01 3.989174962043762207e-02 4.900000000000000000e+01 2.705223000000000000e+07 2.000000000000000000e+00 2.500000000000000000e+01 1.500000000000000000e+01 7.080000000000000000e+02
-1.171763837337493896e-01 -7.041816115379333496e-01 4.028616100549697876e-02 7.300000000000000000e+01 2.734564000000000000e+07 4.000000000000000000e+00 2.500000000000000000e+01 1.000000000000000000e+01 7.150000000000000000e+02
-6.562943011522293091e-02 -7.064583301544189453e-01 2.663620002567768097e-02 1.130000000000000000e+02 2.734564000000000000e+07 6.000000000000000000e+00 2.700000000000000000e+01 1.900000000000000000e+01 7.100000000000000000e+02
-1.292596012353897095e-01 -7.438094019889831543e-01 8.037962950766086578e-03 1.340000000000000000e+02 2.802645000000000000e+07 8.000000000000000000e+00 3.000000000000000000e+01 9.000000000000000000e+00 7.550000000000000000e+02
-8.352522850036621094e+00 -7.102428913116455078e+00 1.339505054056644440e-02 4.000000000000000000e+01 3.966899200000000000e+07 4.650000000000000000e+02 3.100000000000000000e+01 1.540000000000000000e+02 1.096400000000000000e+04
-8.947056770324707031e+00 -7.420738697052001953e+00 1.420139241963624954e-02 7.900000000000000000e+01 3.986656000000000000e+07 1.048000000000000000e+03 3.100000000000000000e+01 1.660000000000000000e+02 1.162400000000000000e+04
-9.756417274475097656e+00 -7.793412685394287109e+00 1.525574550032615662e-02 9.300000000000000000e+01 4.016119200000000000e+07 1.437000000000000000e+03 3.100000000000000000e+01 9.400000000000000000e+01 1.248700000000000000e+04
-1.011575412750244141e+01 -7.979270458221435547e+00 1.574077270925045013e-02 6.600000000000000000e+01 4.025800800000000000e+07 1.080000000000000000e+03 3.100000000000000000e+01 1.100000000000000000e+02 1.288400000000000000e+04
-9.710102081298828125e+00 -7.563106536865234375e+00 1.503705605864524841e-02 1.230000000000000000e+02 4.035640000000000000e+07 1.848000000000000000e+03 3.100000000000000000e+01 1.140000000000000000e+02 1.230800000000000000e+04
-9.981373786926269531e+00 -7.579450130462646484e+00 1.531194522976875305e-02 5.000000000000000000e+01 4.055192000000000000e+07 7.700000000000000000e+02 3.100000000000000000e+01 1.110000000000000000e+02 1.253300000000000000e+04
-1.040454006195068359e+01 -7.800597190856933594e+00 1.588737964630126953e-02 1.600000000000000000e+01 4.064986000000000000e+07 2.560000000000000000e+02 3.100000000000000000e+01 9.700000000000000000e+01 1.300400000000000000e+04
-1.046426486968994141e+01 -7.745533943176269531e+00 1.590570621192455292e-02 1.230000000000000000e+02 4.074702000000000000e+07 2.070000000000000000e+03 3.100000000000000000e+01 1.030000000000000000e+02 1.301900000000000000e+04
-1.038079357147216797e+01 -7.585600376129150391e+00 1.570778526365756989e-02 7.500000000000000000e+01 4.084604800000000000e+07 1.221000000000000000e+03 3.100000000000000000e+01 1.300000000000000000e+02 1.285700000000000000e+04
-1.053825092315673828e+01 -7.601911544799804688e+00 1.587516255676746368e-02 7.300000000000000000e+01 4.094387200000000000e+07 1.213000000000000000e+03 3.100000000000000000e+01 1.310000000000000000e+02 1.299400000000000000e+04
-1.053419303894042969e+01 -7.501144409179687500e+00 1.579941436648368835e-02 4.700000000000000000e+01 4.104115200000000000e+07 7.690000000000000000e+02 3.100000000000000000e+01 1.150000000000000000e+02 1.293200000000000000e+04
-1.062665367126464844e+01 -7.469143390655517578e+00 1.586905308067798615e-02 5.200000000000000000e+01 4.113924000000000000e+07 8.620000000000000000e+02 3.100000000000000000e+01 1.040000000000000000e+02 1.298900000000000000e+04
-1.067721366882324219e+01 -7.407219409942626953e+00 1.587638445198535919e-02 3.400000000000000000e+01 4.123718000000000000e+07 5.580000000000000000e+02 3.100000000000000000e+01 1.080000000000000000e+02 1.299500000000000000e+04
-1.073649024963378906e+01 -7.351170063018798828e+00 1.589715480804443359e-02 5.700000000000000000e+01 4.133456000000000000e+07 9.490000000000000000e+02 3.100000000000000000e+01 1.070000000000000000e+02 1.301200000000000000e+04
-1.102085113525390625e+01 -7.446959018707275391e+00 1.625023409724235535e-02 4.300000000000000000e+01 4.143300000000000000e+07 7.440000000000000000e+02 3.100000000000000000e+01 1.070000000000000000e+02 1.330100000000000000e+04
-1.070109272003173828e+01 -7.135645389556884766e+00 1.571389473974704742e-02 4.200000000000000000e+01 4.153124000000000000e+07 6.820000000000000000e+02 3.100000000000000000e+01 8.600000000000000000e+01 1.286200000000000000e+04
-1.068369197845458984e+01 -7.029724597930908203e+00 1.562470756471157074e-02 4.200000000000000000e+01 4.162990000000000000e+07 6.730000000000000000e+02 3.100000000000000000e+01 9.700000000000000000e+01 1.278900000000000000e+04
-1.072243022918701172e+01 -6.961315631866455078e+00 1.561859901994466782e-02 1.030000000000000000e+02 4.172640800000000000e+07 1.669000000000000000e+03 3.100000000000000000e+01 9.900000000000000000e+01 1.278400000000000000e+04
-1.081630802154541016e+01 -6.928294658660888672e+00 1.569312438368797302e-02 9.900000000000000000e+01 4.182372800000000000e+07 1.619000000000000000e+03 3.100000000000000000e+01 9.900000000000000000e+01 1.284500000000000000e+04
-9.643837928771972656e+00 -6.094151973724365234e+00 1.393749937415122986e-02 1.740000000000000000e+02 4.192018000000000000e+07 2.235000000000000000e+03 3.100000000000000000e+01 1.430000000000000000e+02 1.140800000000000000e+04
-1.060519504547119141e+01 -6.610947608947753906e+00 1.526796258985996246e-02 3.300000000000000000e+01 4.201812000000000000e+07 4.990000000000000000e+02 3.100000000000000000e+01 1.190000000000000000e+02 1.249700000000000000e+04
-1.119415092468261719e+01 -6.883069038391113281e+00 1.605475693941116333e-02 4.900000000000000000e+01 4.211732800000000000e+07 8.310000000000000000e+02 3.100000000000000000e+01 1.010000000000000000e+02 1.314100000000000000e+04
-1.055213546752929688e+01 -6.399414062500000000e+00 1.507737301290035248e-02 5.400000000000000000e+01 4.221410000000000000e+07 8.100000000000000000e+02 3.100000000000000000e+01 9.200000000000000000e+01 1.234100000000000000e+04
-1.116277313232421875e+01 -6.676400184631347656e+00 1.589104533195495605e-02 3.300000000000000000e+01 4.231244000000000000e+07 5.450000000000000000e+02 3.100000000000000000e+01 8.800000000000000000e+01 1.300700000000000000e+04
-1.059111118316650391e+01 -6.246580123901367188e+00 1.502239517867565155e-02 4.000000000000000000e+01 4.241032000000000000e+07 5.910000000000000000e+02 3.100000000000000000e+01 1.020000000000000000e+02 1.229600000000000000e+04
-1.086609840393066406e+01 -6.319222927093505859e+00 1.535714883357286453e-02 3.100000000000000000e+01 4.250735200000000000e+07 4.770000000000000000e+02 3.100000000000000000e+01 9.300000000000000000e+01 1.257000000000000000e+04
-1.093589878082275391e+01 -6.270337581634521484e+00 1.540113147348165512e-02 5.500000000000000000e+01 4.260492000000000000e+07 8.620000000000000000e+02 3.100000000000000000e+01 8.900000000000000000e+01 1.260600000000000000e+04
-1.092367458343505859e+01 -6.174577713012695312e+00 1.533027086406946182e-02 5.500000000000000000e+01 4.270235200000000000e+07 8.510000000000000000e+02 3.100000000000000000e+01 1.130000000000000000e+02 1.254800000000000000e+04
-1.024853515625000000e+01 -5.710266590118408203e+00 1.433333847671747208e-02 1.390000000000000000e+02 4.279972000000000000e+07 1.900000000000000000e+03 3.100000000000000000e+01 1.100000000000000000e+02 1.173200000000000000e+04
-1.057876873016357422e+01 -5.809492588043212891e+00 1.474506128579378128e-02 4.200000000000000000e+01 4.289663200000000000e+07 5.990000000000000000e+02 3.100000000000000000e+01 1.000000000000000000e+02 1.206900000000000000e+04
-1.062213134765625000e+01 -5.748757362365722656e+00 1.475605834275484085e-02 4.500000000000000000e+01 4.299442000000000000e+07 6.420000000000000000e+02 3.100000000000000000e+01 1.110000000000000000e+02 1.207800000000000000e+04
-9.695427894592285156e+00 -5.170557975769042969e+00 1.342437230050563812e-02 3.900000000000000000e+01 4.309092800000000000e+07 4.580000000000000000e+02 3.100000000000000000e+01 1.260000000000000000e+02 1.098800000000000000e+04
-1.125665760040283203e+01 -5.914734363555908203e+00 1.553552132099866867e-02 5.100000000000000000e+01 4.318880800000000000e+07 8.080000000000000000e+02 3.100000000000000000e+01 1.170000000000000000e+02 1.271600000000000000e+04
-1.070394515991210938e+01 -5.540771484375000000e+00 1.472551468759775162e-02 4.900000000000000000e+01 4.328650000000000000e+07 7.020000000000000000e+02 3.100000000000000000e+01 8.100000000000000000e+01 1.205300000000000000e+04
-1.067805385589599609e+01 -5.444555282592773438e+00 1.464365888386964798e-02 3.800000000000000000e+01 4.338504000000000000e+07 5.370000000000000000e+02 3.100000000000000000e+01 7.300000000000000000e+01 1.198600000000000000e+04
-1.067998123168945312e+01 -5.363226413726806641e+00 1.460089720785617828e-02 2.900000000000000000e+01 4.348192000000000000e+07 4.040000000000000000e+02 3.100000000000000000e+01 8.100000000000000000e+01 1.195100000000000000e+04
-1.099504947662353516e+01 -5.437226295471191406e+00 1.498574297875165939e-02 3.800000000000000000e+01 4.358011200000000000e+07 5.620000000000000000e+02 3.100000000000000000e+01 7.100000000000000000e+01 1.226600000000000000e+04
-1.087446022033691406e+01 -5.294801235198974609e+00 1.477682683616876602e-02 6.000000000000000000e+01 4.367812800000000000e+07 8.670000000000000000e+02 3.100000000000000000e+01 8.400000000000000000e+01 1.209500000000000000e+04
-1.078049850463867188e+01 -5.167463302612304688e+00 1.460578572005033493e-02 5.800000000000000000e+01 4.377634000000000000e+07 8.180000000000000000e+02 3.100000000000000000e+01 8.800000000000000000e+01 1.195500000000000000e+04
-1.057143402099609375e+01 -4.987715244293212891e+00 1.428080443292856216e-02 6.500000000000000000e+01 4.387300000000000000e+07 8.770000000000000000e+02 3.100000000000000000e+01 9.200000000000000000e+01 1.168900000000000000e+04
-1.071974849700927734e+01 -4.977505207061767578e+00 1.443962939083576202e-02 8.000000000000000000e+01 4.397092800000000000e+07 1.109000000000000000e+03 3.100000000000000000e+01 6.700000000000000000e+01 1.181900000000000000e+04
-1.077191734313964844e+01 -4.921609878540039062e+00 1.446895115077495575e-02 4.600000000000000000e+01 4.406844800000000000e+07 6.340000000000000000e+02 3.100000000000000000e+01 9.100000000000000000e+01 1.184300000000000000e+04
-1.077819824218750000e+01 -4.844762325286865234e+00 1.443718560039997101e-02 4.900000000000000000e+01 4.416743200000000000e+07 6.740000000000000000e+02 3.100000000000000000e+01 8.500000000000000000e+01 1.181700000000000000e+04
-1.017116737365722656e+01 -4.497090339660644531e+00 1.358686201274394989e-02 6.600000000000000000e+01 4.426396800000000000e+07 8.070000000000000000e+02 3.100000000000000000e+01 8.500000000000000000e+01 1.112100000000000000e+04
-1.074880313873291016e+01 -4.673851966857910156e+00 1.431990042328834534e-02 4.700000000000000000e+01 4.436114000000000000e+07 6.350000000000000000e+02 3.100000000000000000e+01 9.300000000000000000e+01 1.172100000000000000e+04
-2.692642927169799805e+00 -8.200930953025817871e-01 8.354014903306961060e-02 7.700000000000000000e+01 4.445899200000000000e+07 6.000000000000000000e+01 2.800000000000000000e+01 3.800000000000000000e+01 2.816000000000000000e+03
-1.025225257873535156e+01 -4.383336544036865234e+00 1.362229231745004654e-02 1.190000000000000000e+02 4.445899200000000000e+07 1.469000000000000000e+03 3.100000000000000000e+01 9.400000000000000000e+01 1.115000000000000000e+04
-2.697624206542968750e+00 -8.035559058189392090e-01 8.354014903306961060e-02 9.100000000000000000e+01 4.455640800000000000e+07 7.100000000000000000e+01 2.800000000000000000e+01 4.200000000000000000e+01 2.816000000000000000e+03
-1.042000293731689453e+01 -4.379631042480468750e+00 1.380921714007854462e-02 5.100000000000000000e+01 4.455640800000000000e+07 6.420000000000000000e+02 3.100000000000000000e+01 8.600000000000000000e+01 1.130300000000000000e+04
-2.795421361923217773e+00 -8.145759701728820801e-01 1.918627321720123291e-01 1.600000000000000000e+01 4.465414000000000000e+07 1.300000000000000000e+01 2.400000000000000000e+01 1.600000000000000000e+01 2.918000000000000000e+03
-2.702503919601440430e+00 -7.869884371757507324e-01 8.354014903306961060e-02 1.030000000000000000e+02 4.465414000000000000e+07 8.100000000000000000e+01 2.800000000000000000e+01 3.800000000000000000e+01 2.816000000000000000e+03
-1.015924167633056641e+01 -4.196869373321533203e+00 1.342925895005464554e-02 5.700000000000000000e+01 4.465414000000000000e+07 6.780000000000000000e+02 3.100000000000000000e+01 1.060000000000000000e+02 1.099200000000000000e+04
-2.781172990798950195e+00 -7.919427752494812012e-01 1.905477046966552734e-01 1.200000000000000000e+01 4.475084800000000000e+07 9.000000000000000000e+00 2.400000000000000000e+01 2.000000000000000000e+01 2.898000000000000000e+03
-2.733239412307739258e+00 -7.777779698371887207e-01 8.434113860130310059e-02 1.130000000000000000e+02 4.475084800000000000e+07 9.000000000000000000e+01 2.800000000000000000e+01 3.800000000000000000e+01 2.843000000000000000e+03
-1.036918830871582031e+01 -4.209304809570312500e+00 1.367238350212574005e-02 5.700000000000000000e+01 4.475084800000000000e+07 7.010000000000000000e+02 3.100000000000000000e+01 1.150000000000000000e+02 1.119100000000000000e+04
-2.705216407775878906e+00 -7.518915534019470215e-01 8.333247900009155273e-02 7.200000000000000000e+01 4.484842000000000000e+07 5.600000000000000000e+01 2.800000000000000000e+01 3.900000000000000000e+01 2.809000000000000000e+03
-1.049606513977050781e+01 -4.185979366302490234e+00 1.380555145442485809e-02 4.000000000000000000e+01 4.484842000000000000e+07 5.000000000000000000e+02 3.100000000000000000e+01 9.700000000000000000e+01 1.130000000000000000e+04
-2.712637424468994141e+00 -8.423611521720886230e-01 5.751444399356842041e-02 4.300000000000000000e+01 4.494698000000000000e+07 3.400000000000000000e+01 2.900000000000000000e+01 3.400000000000000000e+01 2.841000000000000000e+03
-1.020590591430664062e+01 -3.997853040695190430e+00 1.339138485491275787e-02 1.430000000000000000e+02 4.494698000000000000e+07 1.710000000000000000e+03 3.100000000000000000e+01 7.200000000000000000e+01 1.096100000000000000e+04
-2.732809543609619141e+00 -8.313168287277221680e-01 1.612009853124618530e-01 2.200000000000000000e+01 4.504316800000000000e+07 1.700000000000000000e+01 2.500000000000000000e+01 5.100000000000000000e+01 2.861000000000000000e+03
-2.717754840850830078e+00 -8.257008790969848633e-01 5.751444399356842041e-02 2.040000000000000000e+02 4.504316800000000000e+07 1.640000000000000000e+02 2.900000000000000000e+01 4.000000000000000000e+01 2.841000000000000000e+03
-1.022744464874267578e+01 -3.934078454971313477e+00 1.338771916925907135e-02 5.900000000000000000e+01 4.504316800000000000e+07 6.990000000000000000e+02 3.100000000000000000e+01 9.200000000000000000e+01 1.095800000000000000e+04
-2.763696908950805664e+00 -8.222199678421020508e-01 1.627222895622253418e-01 1.690000000000000000e+02 4.514044800000000000e+07 1.390000000000000000e+02 2.500000000000000000e+01 4.200000000000000000e+01 2.888000000000000000e+03
-2.701685905456542969e+00 -8.027448058128356934e-01 5.706907063722610474e-02 2.390000000000000000e+02 4.514044800000000000e+07 1.890000000000000000e+02 2.900000000000000000e+01 6.700000000000000000e+01 2.819000000000000000e+03
-1.054046535491943359e+01 -3.980413675308227539e+00 1.376523450016975403e-02 1.280000000000000000e+02 4.514044800000000000e+07 1.615000000000000000e+03 3.100000000000000000e+01 8.600000000000000000e+01 1.126700000000000000e+04
-2.741846561431884766e+00 -7.974396347999572754e-01 1.611446440219879150e-01 1.670000000000000000e+02 4.523931200000000000e+07 1.350000000000000000e+02 2.500000000000000000e+01 8.100000000000000000e+01 2.860000000000000000e+03
-2.716161727905273438e+00 -7.889412045478820801e-01 5.727151408791542053e-02 2.210000000000000000e+02 4.523931200000000000e+07 1.760000000000000000e+02 2.900000000000000000e+01 6.700000000000000000e+01 2.829000000000000000e+03
-1.076628875732421875e+01 -3.990383386611938477e+00 1.402790658175945282e-02 4.800000000000000000e+01 4.523931200000000000e+07 6.240000000000000000e+02 3.100000000000000000e+01 8.000000000000000000e+01 1.148200000000000000e+04
-2.743806838989257812e+00 -7.797821760177612305e-01 1.609756201505661011e-01 6.800000000000000000e+01 4.533582000000000000e+07 5.500000000000000000e+01 2.500000000000000000e+01 7.600000000000000000e+01 2.857000000000000000e+03
-2.679593563079833984e+00 -7.605220675468444824e-01 5.640099942684173584e-02 1.750000000000000000e+02 4.533582000000000000e+07 1.350000000000000000e+02 2.900000000000000000e+01 6.800000000000000000e+01 2.786000000000000000e+03
-1.040901947021484375e+01 -3.785487413406372070e+00 1.353188324719667435e-02 4.000000000000000000e+01 4.533582000000000000e+07 4.820000000000000000e+02 3.100000000000000000e+01 7.900000000000000000e+01 1.107600000000000000e+04
-2.681319236755371094e+00 -7.432649135589599609e-01 5.634026974439620972e-02 6.600000000000000000e+01 4.543334000000000000e+07 5.000000000000000000e+01 2.900000000000000000e+01 4.000000000000000000e+01 2.783000000000000000e+03
-2.710315704345703125e+00 -8.578595519065856934e-01 3.026745282113552094e-02 1.300000000000000000e+01 4.543334000000000000e+07 1.000000000000000000e+01 3.000000000000000000e+01 8.400000000000000000e+01 2.843000000000000000e+03
-1.040285301208496094e+01 -3.711131572723388672e+00 1.349401008337736130e-02 4.600000000000000000e+01 4.543334000000000000e+07 5.540000000000000000e+02 3.100000000000000000e+01 7.100000000000000000e+01 1.104500000000000000e+04
-2.723169565200805664e+00 -8.435803055763244629e-01 3.035262227058410645e-02 9.900000000000000000e+01 4.553076800000000000e+07 8.000000000000000000e+01 3.000000000000000000e+01 6.100000000000000000e+01 2.851000000000000000e+03
-1.054907989501953125e+01 -3.690489292144775391e+00 1.365405693650245667e-02 4.200000000000000000e+01 4.553076800000000000e+07 5.170000000000000000e+02 3.100000000000000000e+01 7.400000000000000000e+01 1.117600000000000000e+04
-2.748904943466186523e+00 -8.346735239028930664e-01 1.349767595529556274e-01 6.200000000000000000e+01 4.562958000000000000e+07 5.100000000000000000e+01 2.600000000000000000e+01 6.300000000000000000e+01 2.876000000000000000e+03
-2.722552537918090820e+00 -8.251152038574218750e-01 3.028874471783638000e-02 2.020000000000000000e+02 4.562958000000000000e+07 1.620000000000000000e+02 3.000000000000000000e+01 7.500000000000000000e+01 2.845000000000000000e+03
-1.030572414398193359e+01 -3.534530639648437500e+00 1.331075094640254974e-02 4.700000000000000000e+01 4.562958000000000000e+07 5.510000000000000000e+02 3.100000000000000000e+01 6.800000000000000000e+01 1.089500000000000000e+04
-2.751101970672607422e+00 -8.169378042221069336e-01 1.348359584808349609e-01 1.470000000000000000e+02 4.572612800000000000e+07 1.210000000000000000e+02 2.600000000000000000e+01 6.200000000000000000e+01 2.873000000000000000e+03
-2.713183403015136719e+00 -8.041322827339172363e-01 3.012905083596706390e-02 2.360000000000000000e+02 4.572612800000000000e+07 1.880000000000000000e+02 3.000000000000000000e+01 7.100000000000000000e+01 2.830000000000000000e+03
-1.026181316375732422e+01 -3.449245214462280273e+00 1.322645135223865509e-02 4.500000000000000000e+01 4.572612800000000000e+07 5.100000000000000000e+02 3.100000000000000000e+01 5.200000000000000000e+01 1.082600000000000000e+04
-2.721528053283691406e+00 -7.900170683860778809e-01 1.331464052200317383e-01 1.650000000000000000e+02 4.582308800000000000e+07 1.320000000000000000e+02 2.600000000000000000e+01 6.200000000000000000e+01 2.837000000000000000e+03
-2.709422349929809570e+00 -7.849650382995605469e-01 3.003323450684547424e-02 2.260000000000000000e+02 4.582308800000000000e+07 1.790000000000000000e+02 3.000000000000000000e+01 7.900000000000000000e+01 2.821000000000000000e+03
-1.034737205505371094e+01 -3.407484292984008789e+00 1.330952811986207962e-02 4.100000000000000000e+01 4.582308800000000000e+07 4.790000000000000000e+02 3.100000000000000000e+01 7.100000000000000000e+01 1.089400000000000000e+04
-2.745543956756591797e+00 -7.787547707557678223e-01 1.340850442647933960e-01 5.200000000000000000e+01 4.592155200000000000e+07 4.200000000000000000e+01 2.600000000000000000e+01 5.800000000000000000e+01 2.857000000000000000e+03
-2.687247991561889648e+00 -7.606995105743408203e-01 2.973513863980770111e-02 1.680000000000000000e+02 4.592155200000000000e+07 1.300000000000000000e+02 3.000000000000000000e+01 7.200000000000000000e+01 2.793000000000000000e+03
-1.024911975860595703e+01 -3.305561065673828125e+00 1.315681263804435730e-02 3.000000000000000000e+01 4.592155200000000000e+07 3.410000000000000000e+02 3.100000000000000000e+01 6.400000000000000000e+01 1.076900000000000000e+04
-2.686082363128662109e+00 -7.425978183746337891e-01 2.967126108705997467e-02 1.000000000000000000e+02 4.601918000000000000e+07 7.700000000000000000e+01 3.000000000000000000e+01 7.200000000000000000e+01 2.787000000000000000e+03
-2.736803054809570312e+00 -8.641744852066040039e-01 3.506365697830915451e-03 3.800000000000000000e+01 4.601918000000000000e+07 3.000000000000000000e+01 3.100000000000000000e+01 4.400000000000000000e+01 2.870000000000000000e+03
-2.739830017089843750e+00 -8.477260470390319824e-01 1.076702773571014404e-01 6.400000000000000000e+01 4.611716800000000000e+07 5.200000000000000000e+01 2.700000000000000000e+01 3.100000000000000000e+01 2.870000000000000000e+03
-2.700242280960083008e+00 -7.287076711654663086e-01 2.977772243320941925e-02 1.400000000000000000e+01 4.611716800000000000e+07 1.000000000000000000e+01 3.000000000000000000e+01 8.400000000000000000e+01 2.797000000000000000e+03
-2.733455181121826172e+00 -8.447082638740539551e-01 3.495370037853717804e-03 1.010000000000000000e+02 4.611716800000000000e+07 8.200000000000000000e+01 3.100000000000000000e+01 4.700000000000000000e+01 2.861000000000000000e+03
-2.722025394439697266e+00 -8.239505887031555176e-01 1.067698970437049866e-01 1.770000000000000000e+02 4.621560800000000000e+07 1.420000000000000000e+02 2.700000000000000000e+01 5.700000000000000000e+01 2.846000000000000000e+03
-2.686897277832031250e+00 -8.122935891151428223e-01 3.429396776482462883e-03 1.310000000000000000e+02 4.621560800000000000e+07 1.020000000000000000e+02 3.100000000000000000e+01 5.700000000000000000e+01 2.807000000000000000e+03
-2.725113391876220703e+00 -8.066657185554504395e-01 1.066948622465133667e-01 2.010000000000000000e+02 4.631264000000000000e+07 1.610000000000000000e+02 2.700000000000000000e+01 6.400000000000000000e+01 2.844000000000000000e+03
-2.709092140197753906e+00 -8.008948564529418945e-01 3.451387863606214523e-03 1.230000000000000000e+02 4.631264000000000000e+07 9.800000000000000000e+01 3.100000000000000000e+01 7.100000000000000000e+01 2.825000000000000000e+03
-2.716572999954223633e+00 -7.860410213470458984e-01 1.061696410179138184e-01 1.850000000000000000e+02 4.641098000000000000e+07 1.470000000000000000e+02 2.700000000000000000e+01 6.700000000000000000e+01 2.830000000000000000e+03
-2.711073398590087891e+00 -7.834242582321166992e-01 3.447722643613815308e-03 1.210000000000000000e+02 4.641098000000000000e+07 9.500000000000000000e+01 3.100000000000000000e+01 5.400000000000000000e+01 2.822000000000000000e+03
-2.695381641387939453e+00 -7.620174884796142578e-01 1.051567196846008301e-01 8.200000000000000000e+01 4.650830000000000000e+07 6.300000000000000000e+01 2.700000000000000000e+01 5.700000000000000000e+01 2.803000000000000000e+03
-2.711979866027832031e+00 -7.656878232955932617e-01 3.442835761234164238e-03 1.020000000000000000e+02 4.650830000000000000e+07 8.000000000000000000e+01 3.100000000000000000e+01 5.400000000000000000e+01 2.818000000000000000e+03
-2.717591047286987305e+00 -7.492988705635070801e-01 3.444057656452059746e-03 4.500000000000000000e+01 4.660551200000000000e+07 3.500000000000000000e+01 3.100000000000000000e+01 5.700000000000000000e+01 2.819000000000000000e+03
-1.068480014801025391e+01 -2.875604391098022461e+00 1.351844519376754761e-02 2.400000000000000000e+01 4.670284000000000000e+07 2.870000000000000000e+02 3.100000000000000000e+01 6.300000000000000000e+01 1.106500000000000000e+04
-1.018478298187255859e+01 -2.674124717712402344e+00 1.286481972783803940e-02 3.500000000000000000e+01 4.680036000000000000e+07 3.810000000000000000e+02 3.100000000000000000e+01 7.200000000000000000e+01 1.053000000000000000e+04
-1.048484516143798828e+01 -2.684249639511108398e+00 1.322278659790754318e-02 3.200000000000000000e+01 4.689768800000000000e+07 3.680000000000000000e+02 3.100000000000000000e+01 6.600000000000000000e+01 1.082300000000000000e+04
-1.024205875396728516e+01 -2.555234193801879883e+00 1.289658434689044952e-02 2.500000000000000000e+01 4.699686000000000000e+07 2.700000000000000000e+02 3.100000000000000000e+01 8.600000000000000000e+01 1.055600000000000000e+04
-1.013802146911621094e+01 -2.463300704956054688e+00 1.274631172418594360e-02 3.800000000000000000e+01 4.709320800000000000e+07 4.070000000000000000e+02 3.100000000000000000e+01 6.900000000000000000e+01 1.043300000000000000e+04
-1.014029407501220703e+01 -2.398056745529174805e+00 1.273042894899845123e-02 2.300000000000000000e+01 4.719223200000000000e+07 2.430000000000000000e+02 3.100000000000000000e+01 6.800000000000000000e+01 1.042000000000000000e+04
-1.100949859619140625e+01 -2.532384157180786133e+00 1.380188670009374619e-02 1.700000000000000000e+01 4.728954000000000000e+07 1.980000000000000000e+02 3.100000000000000000e+01 5.400000000000000000e+01 1.129700000000000000e+04
-9.982560157775878906e+00 -2.231766700744628906e+00 1.249707769602537155e-02 2.000000000000000000e+01 4.738662000000000000e+07 1.940000000000000000e+02 3.100000000000000000e+01 5.500000000000000000e+01 1.022900000000000000e+04
-1.132998275756835938e+01 -2.460109949111938477e+00 1.416474021971225739e-02 2.000000000000000000e+01 4.748419200000000000e+07 2.620000000000000000e+02 3.100000000000000000e+01 6.000000000000000000e+01 1.159400000000000000e+04
-1.084778022766113281e+01 -2.285800457000732422e+00 1.354410126805305481e-02 2.300000000000000000e+01 4.758208000000000000e+07 2.760000000000000000e+02 3.100000000000000000e+01 6.700000000000000000e+01 1.108600000000000000e+04
-1.013462162017822266e+01 -2.070663213729858398e+00 1.263757795095443726e-02 2.800000000000000000e+01 4.767960800000000000e+07 2.910000000000000000e+02 3.100000000000000000e+01 9.700000000000000000e+01 1.034400000000000000e+04
-1.088286209106445312e+01 -2.154062747955322266e+00 1.355387549847364426e-02 1.600000000000000000e+01 4.777764800000000000e+07 1.790000000000000000e+02 3.100000000000000000e+01 5.500000000000000000e+01 1.109400000000000000e+04
-1.063167858123779297e+01 -2.036636114120483398e+00 1.322523038834333420e-02 1.700000000000000000e+01 4.787543200000000000e+07 1.930000000000000000e+02 3.100000000000000000e+01 6.200000000000000000e+01 1.082500000000000000e+04
-1.063905811309814453e+01 -1.970452427864074707e+00 1.321912091225385666e-02 2.900000000000000000e+01 4.797322000000000000e+07 3.330000000000000000e+02 3.100000000000000000e+01 6.700000000000000000e+01 1.082000000000000000e+04
-1.057711982727050781e+01 -1.891929626464843750e+00 1.312749180942773819e-02 2.600000000000000000e+01 4.807111200000000000e+07 2.930000000000000000e+02 3.100000000000000000e+01 7.600000000000000000e+01 1.074500000000000000e+04
-1.051757812500000000e+01 -1.814751744270324707e+00 1.303952652961015701e-02 2.100000000000000000e+01 4.816822000000000000e+07 2.330000000000000000e+02 3.100000000000000000e+01 6.700000000000000000e+01 1.067300000000000000e+04
-1.068832111358642578e+01 -1.776747941970825195e+00 1.323744654655456543e-02 1.400000000000000000e+01 4.826539200000000000e+07 1.470000000000000000e+02 3.100000000000000000e+01 5.500000000000000000e+01 1.083500000000000000e+04
-1.117892265319824219e+01 -1.787884473800659180e+00 1.383120752871036530e-02 2.400000000000000000e+01 4.836384000000000000e+07 3.000000000000000000e+02 3.100000000000000000e+01 7.000000000000000000e+01 1.132100000000000000e+04
-1.103549289703369141e+01 -1.695567488670349121e+00 1.364061888307332993e-02 2.300000000000000000e+01 4.846000000000000000e+07 2.790000000000000000e+02 3.100000000000000000e+01 7.500000000000000000e+01 1.116500000000000000e+04
-1.142855358123779297e+01 -1.684246420860290527e+00 1.411342807114124298e-02 4.700000000000000000e+01 4.855792000000000000e+07 6.090000000000000000e+02 3.100000000000000000e+01 4.400000000000000000e+01 1.155200000000000000e+04
-1.120894908905029297e+01 -1.581674456596374512e+00 1.382998656481504440e-02 2.400000000000000000e+01 4.865616000000000000e+07 2.990000000000000000e+02 3.100000000000000000e+01 8.000000000000000000e+01 1.132000000000000000e+04
-1.122537994384765625e+01 -1.513803362846374512e+00 1.383853796869516373e-02 2.500000000000000000e+01 4.875496800000000000e+07 3.130000000000000000e+02 3.100000000000000000e+01 6.600000000000000000e+01 1.132700000000000000e+04
-1.124338340759277344e+01 -1.446045279502868652e+00 1.384953409433364868e-02 3.000000000000000000e+01 4.885230000000000000e+07 3.760000000000000000e+02 3.100000000000000000e+01 8.200000000000000000e+01 1.133600000000000000e+04
-1.077063655853271484e+01 -1.318115115165710449e+00 1.325699500739574432e-02 3.000000000000000000e+01 4.894851200000000000e+07 3.470000000000000000e+02 3.100000000000000000e+01 6.400000000000000000e+01 1.085100000000000000e+04
-1.129008102416992188e+01 -1.311424255371093750e+00 1.388618536293506622e-02 3.500000000000000000e+01 4.904540800000000000e+07 4.430000000000000000e+02 3.100000000000000000e+01 8.200000000000000000e+01 1.136600000000000000e+04
-1.054047966003417969e+01 -1.158850312232971191e+00 1.295522693544626236e-02 4.300000000000000000e+01 4.914319200000000000e+07 4.750000000000000000e+02 3.100000000000000000e+01 8.400000000000000000e+01 1.060400000000000000e+04
-1.123768711090087891e+01 -1.165762424468994141e+00 1.380310766398906708e-02 3.100000000000000000e+01 4.923995200000000000e+07 3.890000000000000000e+02 3.100000000000000000e+01 6.300000000000000000e+01 1.129800000000000000e+04
-1.116699695587158203e+01 -1.089215159416198730e+00 1.370781287550926208e-02 3.400000000000000000e+01 4.933794000000000000e+07 4.180000000000000000e+02 3.100000000000000000e+01 9.000000000000000000e+01 1.122000000000000000e+04
-1.041263866424560547e+01 -9.511747360229492188e-01 1.277441065758466721e-02 3.900000000000000000e+01 4.943464800000000000e+07 4.190000000000000000e+02 3.100000000000000000e+01 7.700000000000000000e+01 1.045600000000000000e+04
-1.105298137664794922e+01 -9.413200616836547852e-01 1.355265360325574875e-02 2.600000000000000000e+01 4.953306000000000000e+07 3.120000000000000000e+02 3.100000000000000000e+01 7.400000000000000000e+01 1.109300000000000000e+04
-1.057306194305419922e+01 -8.351353406906127930e-01 1.295767165720462799e-02 3.500000000000000000e+01 4.963103200000000000e+07 3.770000000000000000e+02 3.100000000000000000e+01 5.500000000000000000e+01 1.060600000000000000e+04
-1.045331764221191406e+01 -7.611665725708007812e-01 1.280495524406433105e-02 2.900000000000000000e+01 4.972852800000000000e+07 3.130000000000000000e+02 3.100000000000000000e+01 5.800000000000000000e+01 1.048100000000000000e+04
-1.178684139251708984e+01 -7.855931520462036133e-01 1.443229895085096359e-02 1.500000000000000000e+01 4.982538000000000000e+07 1.880000000000000000e+02 3.100000000000000000e+01 5.700000000000000000e+01 1.181300000000000000e+04
-1.106177330017089844e+01 -6.691187024116516113e-01 1.353921461850404739e-02 2.700000000000000000e+01 4.992239200000000000e+07 3.250000000000000000e+02 3.100000000000000000e+01 6.600000000000000000e+01 1.108200000000000000e+04
-1.106966495513916016e+01 -6.014493107795715332e-01 1.354410126805305481e-02 4.500000000000000000e+01 5.002028800000000000e+07 5.450000000000000000e+02 3.100000000000000000e+01 7.200000000000000000e+01 1.108600000000000000e+04
-1.017319202423095703e+01 -4.901550114154815674e-01 1.244332268834114075e-02 5.300000000000000000e+01 5.011791200000000000e+07 5.430000000000000000e+02 3.100000000000000000e+01 7.900000000000000000e+01 1.018500000000000000e+04
-1.153280830383300781e+01 -4.847541749477386475e-01 1.410243194550275803e-02 2.600000000000000000e+01 5.021548800000000000e+07 3.370000000000000000e+02 3.100000000000000000e+01 8.000000000000000000e+01 1.154300000000000000e+04
-1.018543624877929688e+01 -3.655284643173217773e-01 1.245187409222126007e-02 2.200000000000000000e+01 5.031419200000000000e+07 2.210000000000000000e+02 3.100000000000000000e+01 8.200000000000000000e+01 1.019200000000000000e+04
-1.129499626159667969e+01 -3.359675705432891846e-01 1.380555145442485809e-02 5.200000000000000000e+01 5.041156800000000000e+07 6.560000000000000000e+02 3.100000000000000000e+01 7.400000000000000000e+01 1.130000000000000000e+04
-1.121386909484863281e+01 -2.646978497505187988e-01 1.370414812117815018e-02 2.300000000000000000e+01 5.050798000000000000e+07 2.830000000000000000e+02 3.100000000000000000e+01 5.800000000000000000e+01 1.121700000000000000e+04
-1.122628021240234375e+01 -1.960779428482055664e-01 1.371758710592985153e-02 2.200000000000000000e+01 5.060560000000000000e+07 2.710000000000000000e+02 3.100000000000000000e+01 5.800000000000000000e+01 1.122800000000000000e+04
-1.132226562500000000e+01 -1.282672584056854248e-01 1.383365225046873093e-02 2.700000000000000000e+01 5.070355200000000000e+07 3.380000000000000000e+02 3.100000000000000000e+01 7.100000000000000000e+01 1.132300000000000000e+04
-1.177783298492431641e+01 -6.115523725748062134e-02 1.438953913748264313e-02 2.100000000000000000e+01 5.079979200000000000e+07 2.820000000000000000e+02 3.100000000000000000e+01 7.800000000000000000e+01 1.177800000000000000e+04
-1.107098674774169922e+01 1.044623926281929016e-02 1.352577470242977142e-02 2.200000000000000000e+01 5.089746000000000000e+07 2.630000000000000000e+02 3.100000000000000000e+01 6.400000000000000000e+01 1.107100000000000000e+04
-1.154870223999023438e+01 8.176030963659286499e-02 1.410976238548755646e-02 1.700000000000000000e+01 5.099531200000000000e+07 2.200000000000000000e+02 3.100000000000000000e+01 6.200000000000000000e+01 1.154900000000000000e+04
-1.100603199005126953e+01 1.454577445983886719e-01 1.344758551567792892e-02 2.500000000000000000e+01 5.109335200000000000e+07 2.960000000000000000e+02 3.100000000000000000e+01 6.400000000000000000e+01 1.100700000000000000e+04
-1.115490341186523438e+01 2.158892601728439331e-01 1.363084465265274048e-02 1.900000000000000000e+01 5.119000800000000000e+07 2.300000000000000000e+02 3.100000000000000000e+01 6.000000000000000000e+01 1.115700000000000000e+04
-1.109738731384277344e+01 2.829032540321350098e-01 1.356242783367633820e-02 4.100000000000000000e+01 5.128748000000000000e+07 4.990000000000000000e+02 3.100000000000000000e+01 5.800000000000000000e+01 1.110100000000000000e+04
-1.139729118347167969e+01 3.605388402938842773e-01 1.393138989806175232e-02 2.000000000000000000e+01 5.138599200000000000e+07 2.510000000000000000e+02 3.100000000000000000e+01 7.600000000000000000e+01 1.140300000000000000e+04
-1.131791877746582031e+01 4.275577366352081299e-01 1.383731607347726822e-02 2.800000000000000000e+01 5.148315200000000000e+07 3.530000000000000000e+02 3.100000000000000000e+01 5.900000000000000000e+01 1.132600000000000000e+04
-1.133106708526611328e+01 4.976972341537475586e-01 1.385686453431844711e-02 2.100000000000000000e+01 5.158072800000000000e+07 2.510000000000000000e+02 3.100000000000000000e+01 5.400000000000000000e+01 1.134200000000000000e+04
-1.124989795684814453e+01 5.633131861686706543e-01 1.376156974583864212e-02 2.100000000000000000e+01 5.167928000000000000e+07 2.590000000000000000e+02 3.100000000000000000e+01 6.700000000000000000e+01 1.126400000000000000e+04
-1.133608722686767578e+01 6.373829841613769531e-01 1.387152448296546936e-02 1.700000000000000000e+01 5.177624000000000000e+07 2.120000000000000000e+02 3.100000000000000000e+01 6.800000000000000000e+01 1.135400000000000000e+04
-1.121518993377685547e+01 6.996432542800903320e-01 1.372858230024576187e-02 2.800000000000000000e+01 5.187444000000000000e+07 3.350000000000000000e+02 3.100000000000000000e+01 5.100000000000000000e+01 1.123700000000000000e+04
-1.125957107543945312e+01 7.717960476875305176e-01 1.378844678401947021e-02 3.600000000000000000e+01 5.197171200000000000e+07 4.400000000000000000e+02 3.100000000000000000e+01 5.700000000000000000e+01 1.128600000000000000e+04
-1.133440113067626953e+01 8.468293547630310059e-01 1.388618536293506622e-02 2.700000000000000000e+01 5.206770000000000000e+07 3.300000000000000000e+02 3.100000000000000000e+01 5.700000000000000000e+01 1.136600000000000000e+04
-1.150840568542480469e+01 9.308721423149108887e-01 1.410609669983386993e-02 4.000000000000000000e+01 5.216594000000000000e+07 5.260000000000000000e+02 3.100000000000000000e+01 6.500000000000000000e+01 1.154600000000000000e+04
-1.133511066436767578e+01 9.868969917297363281e-01 1.390084624290466309e-02 1.700000000000000000e+01 5.226444800000000000e+07 2.130000000000000000e+02 3.100000000000000000e+01 6.100000000000000000e+01 1.137800000000000000e+04
-1.140351772308349609e+01 1.063392996788024902e+00 1.399247534573078156e-02 4.100000000000000000e+01 5.236120800000000000e+07 5.310000000000000000e+02 3.100000000000000000e+01 6.100000000000000000e+01 1.145300000000000000e+04
-1.149230766296386719e+01 1.142843484878540039e+00 1.410976238548755646e-02 2.400000000000000000e+01 5.245940000000000000e+07 3.130000000000000000e+02 3.100000000000000000e+01 6.400000000000000000e+01 1.154900000000000000e+04
-1.153877925872802734e+01 1.219010710716247559e+00 1.417573634535074234e-02 3.400000000000000000e+01 5.255591200000000000e+07 4.500000000000000000e+02 3.100000000000000000e+01 6.700000000000000000e+01 1.160300000000000000e+04
-1.171096038818359375e+01 1.309908270835876465e+00 1.439686864614486694e-02 2.500000000000000000e+01 5.265339200000000000e+07 3.400000000000000000e+02 3.100000000000000000e+01 6.100000000000000000e+01 1.178400000000000000e+04
-1.175533771514892578e+01 1.387955307960510254e+00 1.446162071079015732e-02 4.300000000000000000e+01 5.275158000000000000e+07 5.950000000000000000e+02 3.100000000000000000e+01 6.300000000000000000e+01 1.183700000000000000e+04
-1.157095146179199219e+01 1.438226103782653809e+00 1.424537505954504013e-02 3.400000000000000000e+01 5.284871200000000000e+07 4.520000000000000000e+02 3.100000000000000000e+01 8.400000000000000000e+01 1.166000000000000000e+04
-1.082416725158691406e+01 1.412898302078247070e+00 1.333640702068805695e-02 2.900000000000000000e+01 5.294663200000000000e+07 3.350000000000000000e+02 3.100000000000000000e+01 1.020000000000000000e+02 1.091600000000000000e+04
-1.176742935180664062e+01 1.609518051147460938e+00 1.451049000024795532e-02 2.200000000000000000e+01 5.304436800000000000e+07 2.890000000000000000e+02 3.100000000000000000e+01 5.600000000000000000e+01 1.187700000000000000e+04
-1.115050792694091797e+01 1.594895362854003906e+00 1.376156974583864212e-02 2.900000000000000000e+01 5.314224800000000000e+07 3.610000000000000000e+02 3.100000000000000000e+01 6.000000000000000000e+01 1.126400000000000000e+04
-1.171613121032714844e+01 1.749223709106445312e+00 1.447261683642864227e-02 2.900000000000000000e+01 5.323836000000000000e+07 3.860000000000000000e+02 3.100000000000000000e+01 5.500000000000000000e+01 1.184600000000000000e+04
-1.212611389160156250e+01 1.886568307876586914e+00 1.499307341873645782e-02 3.200000000000000000e+01 5.333578000000000000e+07 4.740000000000000000e+02 3.100000000000000000e+01 5.800000000000000000e+01 1.227200000000000000e+04
-1.168095016479492188e+01 1.890789628028869629e+00 1.445673312991857529e-02 2.700000000000000000e+01 5.343228000000000000e+07 3.710000000000000000e+02 3.100000000000000000e+01 6.100000000000000000e+01 1.183300000000000000e+04
-1.209613323211669922e+01 2.034237384796142578e+00 1.498574297875165939e-02 1.800000000000000000e+01 5.353072800000000000e+07 2.630000000000000000e+02 3.100000000000000000e+01 5.800000000000000000e+01 1.226600000000000000e+04
-1.155638694763183594e+01 2.016457796096801758e+00 1.433211751282215118e-02 4.400000000000000000e+01 5.362698000000000000e+07 5.980000000000000000e+02 3.100000000000000000e+01 6.600000000000000000e+01 1.173100000000000000e+04
-1.077722740173339844e+01 1.948718786239624023e+00 1.338038966059684753e-02 5.200000000000000000e+01 5.372522000000000000e+07 6.160000000000000000e+02 3.100000000000000000e+01 7.100000000000000000e+01 1.095200000000000000e+04
-1.183842849731445312e+01 2.215702295303344727e+00 1.471451856195926666e-02 1.700000000000000000e+01 5.382306000000000000e+07 2.390000000000000000e+02 3.100000000000000000e+01 6.400000000000000000e+01 1.204400000000000000e+04
-1.182755661010742188e+01 2.288869857788085938e+00 1.471818424761295319e-02 2.300000000000000000e+01 5.392100000000000000e+07 3.260000000000000000e+02 3.100000000000000000e+01 6.300000000000000000e+01 1.204700000000000000e+04
-1.204471111297607422e+01 2.407658815383911133e+00 1.500651240348815918e-02 2.400000000000000000e+01 5.401914000000000000e+07 3.540000000000000000e+02 3.100000000000000000e+01 6.500000000000000000e+01 1.228300000000000000e+04
-1.217465877532958984e+01 2.511418819427490234e+00 1.518732868134975433e-02 2.200000000000000000e+01 5.411790000000000000e+07 3.320000000000000000e+02 3.100000000000000000e+01 6.300000000000000000e+01 1.243100000000000000e+04
-1.231062889099121094e+01 2.618319034576416016e+00 1.537669636309146881e-02 4.200000000000000000e+01 5.421543200000000000e+07 6.570000000000000000e+02 3.100000000000000000e+01 6.200000000000000000e+01 1.258600000000000000e+04
-1.223962879180908203e+01 2.681820631027221680e+00 1.530827954411506653e-02 2.800000000000000000e+01 5.431264000000000000e+07 4.300000000000000000e+02 3.100000000000000000e+01 7.400000000000000000e+01 1.253000000000000000e+04
-1.198589801788330078e+01 2.703405857086181641e+00 1.501139905303716660e-02 3.300000000000000000e+01 5.441052800000000000e+07 4.890000000000000000e+02 3.100000000000000000e+01 6.700000000000000000e+01 1.228700000000000000e+04
-1.246101856231689453e+01 2.891030550003051758e+00 1.562837325036525726e-02 3.100000000000000000e+01 5.450719200000000000e+07 4.960000000000000000e+02 3.100000000000000000e+01 7.900000000000000000e+01 1.279200000000000000e+04
-1.245568943023681641e+01 2.970451116561889648e+00 1.564425602555274963e-02 2.200000000000000000e+01 5.460604800000000000e+07 3.510000000000000000e+02 3.100000000000000000e+01 6.800000000000000000e+01 1.280500000000000000e+04
-1.243722915649414062e+01 3.046821832656860352e+00 1.564425602555274963e-02 2.200000000000000000e+01 5.470246000000000000e+07 3.490000000000000000e+02 3.100000000000000000e+01 8.200000000000000000e+01 1.280500000000000000e+04
-1.344919872283935547e+01 3.382338523864746094e+00 1.694295555353164673e-02 2.800000000000000000e+01 5.479920800000000000e+07 5.260000000000000000e+02 3.100000000000000000e+01 7.600000000000000000e+01 1.386800000000000000e+04
-1.237566471099853516e+01 3.193220138549804688e+00 1.561493333429098129e-02 4.000000000000000000e+01 5.489807200000000000e+07 6.440000000000000000e+02 3.100000000000000000e+01 6.900000000000000000e+01 1.278100000000000000e+04
-1.256851959228515625e+01 3.325366735458374023e+00 1.588371396064758301e-02 3.000000000000000000e+01 5.499523200000000000e+07 4.960000000000000000e+02 3.100000000000000000e+01 7.500000000000000000e+01 1.300100000000000000e+04
-1.260192775726318359e+01 3.417078495025634766e+00 1.595213077962398529e-02 2.000000000000000000e+01 5.509231200000000000e+07 3.160000000000000000e+02 3.100000000000000000e+01 5.600000000000000000e+01 1.305700000000000000e+04
-5.713133335113525391e+00 2.277322769165039062e+00 1.825364083051681519e-01 1.730000000000000000e+02 5.519122000000000000e+07 6.490000000000000000e+02 2.800000000000000000e+01 5.300000000000000000e+01 6.153000000000000000e+03
-1.230901050567626953e+01 3.418869018554687500e+00 1.560760382562875748e-02 4.100000000000000000e+01 5.519122000000000000e+07 6.570000000000000000e+02 3.100000000000000000e+01 8.600000000000000000e+01 1.277500000000000000e+04
-5.676823139190673828e+00 2.303315639495849609e+00 1.818244159221649170e-01 2.660000000000000000e+02 5.528848800000000000e+07 9.970000000000000000e+02 2.800000000000000000e+01 6.500000000000000000e+01 6.129000000000000000e+03
-1.229164791107177734e+01 3.495425462722778320e+00 1.561249047517776489e-02 4.700000000000000000e+01 5.528848800000000000e+07 7.580000000000000000e+02 3.100000000000000000e+01 7.100000000000000000e+01 1.277900000000000000e+04
-1.258202362060546875e+01 3.661593198776245117e+00 1.600955426692962646e-02 3.000000000000000000e+01 5.538607200000000000e+07 4.910000000000000000e+02 3.100000000000000000e+01 4.900000000000000000e+01 1.310400000000000000e+04
-1.178490447998046875e+01 3.508193969726562500e+00 1.502239517867565155e-02 6.400000000000000000e+01 5.548468000000000000e+07 9.540000000000000000e+02 3.100000000000000000e+01 1.020000000000000000e+02 1.229600000000000000e+04
-1.243186664581298828e+01 3.783978700637817383e+00 1.587638445198535919e-02 3.500000000000000000e+01 5.558092000000000000e+07 5.820000000000000000e+02 3.100000000000000000e+01 5.900000000000000000e+01 1.299500000000000000e+04
-1.222221565246582031e+01 3.802262783050537109e+00 1.563814654946327209e-02 4.300000000000000000e+01 5.567783200000000000e+07 6.800000000000000000e+02 3.100000000000000000e+01 5.400000000000000000e+01 1.280000000000000000e+04
-5.714767932891845703e+00 2.282526969909667969e+00 1.246045082807540894e-01 1.070000000000000000e+02 5.577582000000000000e+07 4.010000000000000000e+02 2.900000000000000000e+01 2.900000000000000000e+01 6.155000000000000000e+03
-1.264848136901855469e+01 4.020156383514404297e+00 1.621480286121368408e-02 4.300000000000000000e+01 5.577582000000000000e+07 7.460000000000000000e+02 3.100000000000000000e+01 7.600000000000000000e+01 1.327200000000000000e+04
-5.681205272674560547e+00 2.309641838073730469e+00 1.241793781518936157e-01 2.080000000000000000e+02 5.587339200000000000e+07 7.770000000000000000e+02 2.900000000000000000e+01 3.900000000000000000e+01 6.134000000000000000e+03
-1.245141887664794922e+01 4.041807174682617188e+00 1.599366962909698486e-02 8.100000000000000000e+01 5.587339200000000000e+07 1.377000000000000000e+03 3.100000000000000000e+01 7.500000000000000000e+01 1.309100000000000000e+04
-5.661383628845214844e+00 2.342164516448974609e+00 1.240579113364219666e-01 2.200000000000000000e+01 5.597016800000000000e+07 8.000000000000000000e+01 2.900000000000000000e+01 7.400000000000000000e+01 6.128000000000000000e+03
-1.253649520874023438e+01 4.154622554779052734e+00 1.613539084792137146e-02 3.500000000000000000e+01 5.597016800000000000e+07 5.980000000000000000e+02 3.100000000000000000e+01 8.000000000000000000e+01 1.320700000000000000e+04
-1.236393833160400391e+01 4.181805610656738281e+00 1.594602316617965698e-02 3.700000000000000000e+01 5.606588800000000000e+07 6.190000000000000000e+02 3.100000000000000000e+01 7.900000000000000000e+01 1.305200000000000000e+04
-1.225296974182128906e+01 4.228232383728027344e+00 1.583606749773025513e-02 7.500000000000000000e+01 5.616408800000000000e+07 1.247000000000000000e+03 3.100000000000000000e+01 8.700000000000000000e+01 1.296200000000000000e+04
-5.707495689392089844e+00 2.243640661239624023e+00 6.529380381107330322e-02 5.600000000000000000e+01 5.626198000000000000e+07 2.050000000000000000e+02 3.000000000000000000e+01 5.200000000000000000e+01 6.133000000000000000e+03
-1.262768936157226562e+01 4.444434165954589844e+00 1.635530218482017517e-02 8.000000000000000000e+01 5.626198000000000000e+07 1.424000000000000000e+03 3.100000000000000000e+01 6.300000000000000000e+01 1.338700000000000000e+04
-5.704761981964111328e+00 2.283077478408813477e+00 6.542156636714935303e-02 2.220000000000000000e+02 5.635910000000000000e+07 8.330000000000000000e+02 3.000000000000000000e+01 5.000000000000000000e+01 6.145000000000000000e+03
-1.249758720397949219e+01 4.485014915466308594e+00 1.622213423252105713e-02 3.300000000000000000e+01 5.635910000000000000e+07 5.560000000000000000e+02 3.100000000000000000e+01 5.400000000000000000e+01 1.327800000000000000e+04
-5.696202278137207031e+00 2.320301532745361328e+00 6.548544019460678101e-02 2.250000000000000000e+02 5.645692800000000000e+07 8.450000000000000000e+02 3.000000000000000000e+01 7.500000000000000000e+01 6.151000000000000000e+03
-1.257313728332519531e+01 4.599403858184814453e+00 1.635652408003807068e-02 3.300000000000000000e+01 5.645692800000000000e+07 5.820000000000000000e+02 3.100000000000000000e+01 5.800000000000000000e+01 1.338800000000000000e+04
-5.660611629486083984e+00 2.346402406692504883e+00 6.524057686328887939e-02 5.800000000000000000e+01 5.655554000000000000e+07 2.160000000000000000e+02 3.000000000000000000e+01 6.800000000000000000e+01 6.128000000000000000e+03
-1.225045776367187500e+01 4.566783905029296875e+00 1.597290113568305969e-02 2.800000000000000000e+01 5.655554000000000000e+07 4.550000000000000000e+02 3.100000000000000000e+01 4.400000000000000000e+01 1.307400000000000000e+04
-1.256436061859130859e+01 4.771811962127685547e+00 1.642005331814289093e-02 3.800000000000000000e+01 5.665286000000000000e+07 6.770000000000000000e+02 3.100000000000000000e+01 6.000000000000000000e+01 1.344000000000000000e+04
-1.235857295989990234e+01 4.780629158020019531e+00 1.618914678692817688e-02 5.100000000000000000e+01 5.674996800000000000e+07 8.840000000000000000e+02 3.100000000000000000e+01 7.800000000000000000e+01 1.325100000000000000e+04
-5.709062576293945312e+00 2.248787641525268555e+00 7.496536709368228912e-03 1.600000000000000000e+02 5.684744800000000000e+07 5.970000000000000000e+02 3.100000000000000000e+01 4.900000000000000000e+01 6.136000000000000000e+03
-5.669685363769531250e+00 2.271264314651489258e+00 2.292964160442352295e-01 6.700000000000000000e+01 5.694467200000000000e+07 2.480000000000000000e+02 2.700000000000000000e+01 7.100000000000000000e+01 6.112000000000000000e+03
-5.705366611480712891e+00 2.287869691848754883e+00 7.509975694119930267e-03 2.400000000000000000e+02 5.694467200000000000e+07 8.980000000000000000e+02 3.100000000000000000e+01 5.400000000000000000e+01 6.147000000000000000e+03
-5.676924705505371094e+00 2.314687728881835938e+00 2.301592826843261719e-01 2.800000000000000000e+01 5.704272000000000000e+07 1.000000000000000000e+02 2.700000000000000000e+01 5.700000000000000000e+01 6.135000000000000000e+03
-5.693072795867919922e+00 2.323589801788330078e+00 7.512419018894433975e-03 2.450000000000000000e+02 5.704272000000000000e+07 9.210000000000000000e+02 3.100000000000000000e+01 5.500000000000000000e+01 6.149000000000000000e+03
-5.673167228698730469e+00 2.356176614761352539e+00 7.505088578909635544e-03 7.400000000000000000e+01 5.713999200000000000e+07 2.740000000000000000e+02 3.100000000000000000e+01 5.300000000000000000e+01 6.143000000000000000e+03
-1.233046817779541016e+01 5.210020065307617188e+00 1.635408028960227966e-02 3.500000000000000000e+01 5.723848000000000000e+07 6.180000000000000000e+02 3.100000000000000000e+01 6.200000000000000000e+01 1.338600000000000000e+04
-1.240484142303466797e+01 5.331384181976318359e+00 1.649580150842666626e-02 5.500000000000000000e+01 5.733612800000000000e+07 9.760000000000000000e+02 3.100000000000000000e+01 5.500000000000000000e+01 1.350200000000000000e+04
-1.244611549377441406e+01 5.439837932586669922e+00 1.659476198256015778e-02 4.300000000000000000e+01 5.743303200000000000e+07 7.840000000000000000e+02 3.100000000000000000e+01 5.900000000000000000e+01 1.358300000000000000e+04
-1.239331245422363281e+01 5.507575035095214844e+00 1.656910404562950134e-02 3.500000000000000000e+01 5.752994000000000000e+07 6.330000000000000000e+02 3.100000000000000000e+01 6.700000000000000000e+01 1.356200000000000000e+04
-1.240302848815917969e+01 5.603277206420898438e+00 1.662774756550788879e-02 4.500000000000000000e+01 5.762752000000000000e+07 8.220000000000000000e+02 3.100000000000000000e+01 6.900000000000000000e+01 1.361000000000000000e+04
-1.246110916137695312e+01 5.721838474273681641e+00 1.675236597657203674e-02 3.300000000000000000e+01 5.772618000000000000e+07 6.100000000000000000e+02 3.100000000000000000e+01 6.400000000000000000e+01 1.371200000000000000e+04
-1.205966281890869141e+01 5.627357482910156250e+00 1.625878550112247467e-02 5.800000000000000000e+01 5.782370000000000000e+07 1.014000000000000000e+03 3.100000000000000000e+01 8.300000000000000000e+01 1.330800000000000000e+04
-1.226977825164794922e+01 5.817346572875976562e+00 1.658987440168857574e-02 3.500000000000000000e+01 5.792168800000000000e+07 6.310000000000000000e+02 3.100000000000000000e+01 8.900000000000000000e+01 1.357900000000000000e+04
-1.220682525634765625e+01 5.879504680633544922e+00 1.655322313308715820e-02 4.500000000000000000e+01 5.801994000000000000e+07 8.150000000000000000e+02 3.100000000000000000e+01 7.100000000000000000e+01 1.354900000000000000e+04
-1.257743072509765625e+01 6.153370857238769531e+00 1.710666716098785400e-02 4.100000000000000000e+01 5.811818000000000000e+07 7.880000000000000000e+02 3.100000000000000000e+01 9.400000000000000000e+01 1.400200000000000000e+04
-1.258510971069335938e+01 6.253121852874755859e+00 1.716897450387477875e-02 3.300000000000000000e+01 5.821567200000000000e+07 6.390000000000000000e+02 3.100000000000000000e+01 7.500000000000000000e+01 1.405300000000000000e+04
-1.247775936126708984e+01 6.295539855957031250e+00 1.707490161061286926e-02 3.000000000000000000e+01 5.831310000000000000e+07 5.710000000000000000e+02 3.100000000000000000e+01 8.600000000000000000e+01 1.397600000000000000e+04
-1.243088626861572266e+01 6.367880344390869141e+00 1.706390641629695892e-02 4.100000000000000000e+01 5.841015200000000000e+07 7.880000000000000000e+02 3.100000000000000000e+01 6.900000000000000000e+01 1.396700000000000000e+04
-1.167560577392578125e+01 6.071704864501953125e+00 1.607796922326087952e-02 9.400000000000000000e+01 5.850758000000000000e+07 1.613000000000000000e+03 3.100000000000000000e+01 1.020000000000000000e+02 1.316000000000000000e+04
-1.256935691833496094e+01 6.634782314300537109e+00 1.736445166170597076e-02 5.000000000000000000e+01 5.860526000000000000e+07 9.960000000000000000e+02 3.100000000000000000e+01 8.100000000000000000e+01 1.421300000000000000e+04
-1.254075145721435547e+01 6.718392372131347656e+00 1.738155633211135864e-02 5.100000000000000000e+01 5.870218000000000000e+07 1.017000000000000000e+03 3.100000000000000000e+01 8.800000000000000000e+01 1.422700000000000000e+04
-1.268993949890136719e+01 6.898859977722167969e+00 1.764667034149169922e-02 4.300000000000000000e+01 5.879976000000000000e+07 8.790000000000000000e+02 3.100000000000000000e+01 1.000000000000000000e+02 1.444400000000000000e+04
-1.266400623321533203e+01 6.985771179199218750e+00 1.766988448798656464e-02 4.600000000000000000e+01 5.889780000000000000e+07 9.460000000000000000e+02 3.100000000000000000e+01 8.800000000000000000e+01 1.446300000000000000e+04
-1.247604751586914062e+01 6.982275009155273438e+00 1.746707782149314880e-02 5.300000000000000000e+01 5.899532000000000000e+07 1.071000000000000000e+03 3.100000000000000000e+01 6.800000000000000000e+01 1.429700000000000000e+04
-1.241992568969726562e+01 7.051289081573486328e+00 1.744875125586986542e-02 3.700000000000000000e+01 5.909250000000000000e+07 7.420000000000000000e+02 3.100000000000000000e+01 7.400000000000000000e+01 1.428200000000000000e+04
-1.239462375640869141e+01 7.137843608856201172e+00 1.747440733015537262e-02 6.400000000000000000e+01 5.919084000000000000e+07 1.297000000000000000e+03 3.100000000000000000e+01 7.000000000000000000e+01 1.430300000000000000e+04
-1.239894962310791016e+01 7.242004871368408203e+00 1.754282414913177490e-02 7.900000000000000000e+01 5.928908000000000000e+07 1.617000000000000000e+03 3.100000000000000000e+01 6.600000000000000000e+01 1.435900000000000000e+04
-1.242138957977294922e+01 7.357698917388916016e+00 1.763811893761157990e-02 6.400000000000000000e+01 5.938611200000000000e+07 1.318000000000000000e+03 3.100000000000000000e+01 8.900000000000000000e+01 1.443700000000000000e+04
-1.250716876983642578e+01 7.512558937072753906e+00 1.782504469156265259e-02 6.400000000000000000e+01 5.948378000000000000e+07 1.346000000000000000e+03 3.100000000000000000e+01 8.600000000000000000e+01 1.459000000000000000e+04
-1.251976776123046875e+01 7.625050544738769531e+00 1.790934242308139801e-02 6.400000000000000000e+01 5.958131200000000000e+07 1.359000000000000000e+03 3.100000000000000000e+01 8.900000000000000000e+01 1.465900000000000000e+04
-1.212389278411865234e+01 7.486316204071044922e+00 1.740843430161476135e-02 1.240000000000000000e+02 5.967944800000000000e+07 2.503000000000000000e+03 3.100000000000000000e+01 8.100000000000000000e+01 1.424900000000000000e+04
-1.208111953735351562e+01 7.562688350677490234e+00 1.741332001984119415e-02 1.640000000000000000e+02 5.977692800000000000e+07 3.316000000000000000e+03 3.100000000000000000e+01 9.100000000000000000e+01 1.425300000000000000e+04
-7.989616394042968750e+00 5.920168876647949219e+00 2.013511657714843750e-01 2.190000000000000000e+02 5.987328800000000000e+07 2.151000000000000000e+03 2.900000000000000000e+01 6.400000000000000000e+01 9.946000000000000000e+03
-1.209697055816650391e+01 7.676323413848876953e+00 1.750372909009456635e-02 7.300000000000000000e+01 5.987328800000000000e+07 1.480000000000000000e+03 3.100000000000000000e+01 1.050000000000000000e+02 1.432700000000000000e+04
-7.989872455596923828e+00 5.853191852569580078e+00 1.054516807198524475e-01 2.290000000000000000e+02 6.036148000000000000e+07 2.220000000000000000e+03 3.000000000000000000e+01 8.400000000000000000e+01 9.905000000000000000e+03
-1.135681724548339844e+01 7.705233573913574219e+00 1.676702685654163361e-02 5.700000000000000000e+01 6.036148000000000000e+07 1.054000000000000000e+03 3.100000000000000000e+01 1.200000000000000000e+02 1.372400000000000000e+04
-7.980306625366210938e+00 5.921770572662353516e+00 1.058030128479003906e-01 2.560000000000000000e+02 6.045922000000000000e+07 2.504000000000000000e+03 3.000000000000000000e+01 5.000000000000000000e+01 9.938000000000000000e+03
-8.011289596557617188e+00 5.877346515655517578e+00 1.213911175727844238e-02 2.680000000000000000e+02 6.094598000000000000e+07 2.621000000000000000e+03 3.100000000000000000e+01 5.500000000000000000e+01 9.936000000000000000e+03
-7.986313343048095703e+00 5.934742450714111328e+00 1.215621642768383026e-02 2.520000000000000000e+02 6.104326000000000000e+07 2.478000000000000000e+03 3.100000000000000000e+01 8.000000000000000000e+01 9.950000000000000000e+03
-2.714046001434326172e+00 4.644824028015136719e+00 1.596637368202209473e-01 9.200000000000000000e+01 6.573751200000000000e+07 2.650000000000000000e+02 2.800000000000000000e+01 6.600000000000000000e+01 5.382000000000000000e+03
-2.682002067565917969e+00 4.655326843261718750e+00 1.594560742378234863e-01 4.490000000000000000e+02 6.583508000000000000e+07 1.292000000000000000e+03 2.800000000000000000e+01 9.800000000000000000e+01 5.375000000000000000e+03
-2.625742435455322266e+00 4.623023033142089844e+00 1.577947586774826050e-01 4.400000000000000000e+01 6.593144000000000000e+07 1.230000000000000000e+02 2.800000000000000000e+01 7.900000000000000000e+01 5.319000000000000000e+03
-2.733658552169799805e+00 4.685778617858886719e+00 1.098463162779808044e-01 2.650000000000000000e+02 6.632350000000000000e+07 7.750000000000000000e+02 2.900000000000000000e+01 8.700000000000000000e+01 5.426000000000000000e+03
-2.682921886444091797e+00 4.664331436157226562e+00 1.089555621147155762e-01 4.200000000000000000e+02 6.642087200000000000e+07 1.211000000000000000e+03 2.900000000000000000e+01 1.030000000000000000e+02 5.382000000000000000e+03
-2.613384246826171875e+00 4.550671100616455078e+00 5.587182193994522095e-02 3.000000000000000000e+01 6.700440800000000000e+07 7.900000000000000000e+01 3.000000000000000000e+01 2.700000000000000000e+01 5.248000000000000000e+03
-2.688560247421264648e+00 4.623062133789062500e+00 6.533813197165727615e-03 2.200000000000000000e+01 6.749312000000000000e+07 5.900000000000000000e+01 3.100000000000000000e+01 3.300000000000000000e+01 5.348000000000000000e+03
-2.652682065963745117e+00 4.626459598541259766e+00 6.515487097203731537e-03 2.800000000000000000e+01 6.759044000000000000e+07 7.600000000000000000e+01 3.100000000000000000e+01 3.100000000000000000e+01 5.333000000000000000e+03
-5.548163056373596191e-01 2.324656724929809570e+00 7.093199342489242554e-02 1.500000000000000000e+01 7.042551200000000000e+07 8.000000000000000000e+00 2.800000000000000000e+01 1.100000000000000000e+01 2.391000000000000000e+03
-5.432549715042114258e-01 2.339701175689697266e+00 7.128798961639404297e-02 3.000000000000000000e+01 7.052462400000000000e+07 1.700000000000000000e+01 2.800000000000000000e+01 1.100000000000000000e+01 2.403000000000000000e+03
-5.132618546485900879e-01 2.273763418197631836e+00 6.918168067932128906e-02 1.100000000000000000e+01 7.062323200000000000e+07 5.000000000000000000e+00 2.800000000000000000e+01 1.900000000000000000e+01 2.332000000000000000e+03
-5.873363614082336426e-01 2.399225234985351562e+00 1.393957585096359253e-01 7.300000000000000000e+01 7.091713600000000000e+07 4.400000000000000000e+01 2.500000000000000000e+01 7.300000000000000000e+01 2.474000000000000000e+03
-5.726039409637451172e-01 2.402783870697021484e+00 1.393957585096359253e-01 2.640000000000000000e+02 7.101625600000000000e+07 1.600000000000000000e+02 2.500000000000000000e+01 1.090000000000000000e+02 2.474000000000000000e+03
-5.537911653518676758e-01 2.388744831085205078e+00 1.383815556764602661e-01 2.880000000000000000e+02 7.111471200000000000e+07 1.730000000000000000e+02 2.500000000000000000e+01 8.900000000000000000e+01 2.456000000000000000e+03
-5.334324836730957031e-01 2.304584980010986328e+00 4.789834097027778625e-02 3.500000000000000000e+01 7.111471200000000000e+07 1.900000000000000000e+01 2.900000000000000000e+01 2.800000000000000000e+01 2.366000000000000000e+03
-5.342943668365478516e-01 2.370670318603515625e+00 1.371419727802276611e-01 1.420000000000000000e+02 7.121360800000000000e+07 8.300000000000000000e+01 2.500000000000000000e+01 4.500000000000000000e+01 2.434000000000000000e+03
-5.179648995399475098e-01 2.301962375640869141e+00 4.777687042951583862e-02 1.420000000000000000e+02 7.121360800000000000e+07 7.800000000000000000e+01 2.900000000000000000e+01 3.900000000000000000e+01 2.360000000000000000e+03
-5.083137750625610352e-01 2.325608491897583008e+00 4.820200428366661072e-02 6.000000000000000000e+01 7.131111200000000000e+07 3.300000000000000000e+01 2.900000000000000000e+01 4.400000000000000000e+01 2.381000000000000000e+03
-5.825995802879333496e-01 2.385169744491577148e+00 1.153591349720954895e-01 9.000000000000000000e+01 7.150748800000000000e+07 5.400000000000000000e+01 2.600000000000000000e+01 7.800000000000000000e+01 2.458000000000000000e+03
-5.702641010284423828e-01 2.398417711257934570e+00 1.158284544944763184e-01 2.200000000000000000e+02 7.160481600000000000e+07 1.340000000000000000e+02 2.600000000000000000e+01 7.400000000000000000e+01 2.468000000000000000e+03
-5.537361502647399902e-01 2.394085884094238281e+00 1.154529973864555359e-01 2.450000000000000000e+02 7.170336000000000000e+07 1.470000000000000000e+02 2.600000000000000000e+01 8.800000000000000000e+01 2.460000000000000000e+03
-5.373231768608093262e-01 2.328677177429199219e+00 2.544467523694038391e-02 2.100000000000000000e+01 7.170336000000000000e+07 1.100000000000000000e+01 3.000000000000000000e+01 2.600000000000000000e+01 2.390000000000000000e+03
-5.361872911453247070e-01 2.384768962860107422e+00 1.148428767919540405e-01 1.500000000000000000e+02 7.180083200000000000e+07 8.900000000000000000e+01 2.600000000000000000e+01 5.300000000000000000e+01 2.447000000000000000e+03
-5.186477899551391602e-01 2.312416076660156250e+00 2.523174881935119629e-02 6.900000000000000000e+01 7.180083200000000000e+07 3.800000000000000000e+01 3.000000000000000000e+01 4.000000000000000000e+01 2.370000000000000000e+03
-5.006179809570312500e-01 2.297968387603759766e+00 2.504011429846286774e-02 1.150000000000000000e+02 7.190006400000000000e+07 6.300000000000000000e+01 3.000000000000000000e+01 4.700000000000000000e+01 2.352000000000000000e+03
-5.699062943458557129e-01 2.341957092285156250e+00 9.048805385828018188e-02 1.280000000000000000e+02 7.209358400000000000e+07 7.400000000000000000e+01 2.700000000000000000e+01 8.100000000000000000e+01 2.412000000000000000e+03
-5.615139007568359375e-01 2.370692253112792969e+00 9.146346151828765869e-02 2.150000000000000000e+02 7.219182400000000000e+07 1.270000000000000000e+02 2.700000000000000000e+01 6.600000000000000000e+01 2.438000000000000000e+03
-5.514439344406127930e-01 2.393568754196166992e+00 9.221377968788146973e-02 2.200000000000000000e+02 7.228894400000000000e+07 1.330000000000000000e+02 2.700000000000000000e+01 8.500000000000000000e+01 2.458000000000000000e+03
-5.364251732826232910e-01 2.332099676132202148e+00 2.923600375652313232e-03 5.000000000000000000e+01 7.228894400000000000e+07 2.800000000000000000e+01 3.100000000000000000e+01 1.800000000000000000e+01 2.393000000000000000e+03
-5.382754802703857422e-01 2.403733253479003906e+00 9.247639030218124390e-02 1.490000000000000000e+02 7.238519200000000000e+07 9.000000000000000000e+01 2.700000000000000000e+01 5.900000000000000000e+01 2.465000000000000000e+03
-5.166510343551635742e-01 2.310949563980102539e+00 2.893057186156511307e-03 7.300000000000000000e+01 7.238519200000000000e+07 4.000000000000000000e+01 3.100000000000000000e+01 2.700000000000000000e+01 2.368000000000000000e+03
-5.298876762390136719e-01 2.436284780502319336e+00 9.360186010599136353e-02 4.100000000000000000e+01 7.248168800000000000e+07 2.500000000000000000e+01 2.700000000000000000e+01 3.700000000000000000e+01 2.495000000000000000e+03
-5.016128420829772949e-01 2.310167312622070312e+00 2.888170303776860237e-03 6.300000000000000000e+01 7.248168800000000000e+07 3.400000000000000000e+01 3.100000000000000000e+01 4.800000000000000000e+01 2.364000000000000000e+03
-9.745556116104125977e-02 7.152432203292846680e-01 1.461648382246494293e-02 6.100000000000000000e+01 7.257956800000000000e+07 3.000000000000000000e+00 2.900000000000000000e+01 2.300000000000000000e+01 7.220000000000000000e+02
-4.866037666797637939e-01 2.309287548065185547e+00 2.883283421397209167e-03 3.100000000000000000e+01 7.257956800000000000e+07 1.700000000000000000e+01 3.100000000000000000e+01 6.400000000000000000e+01 2.360000000000000000e+03
-9.461185336112976074e-02 7.277250885963439941e-01 1.485941652208566666e-02 6.200000000000000000e+01 7.267648800000000000e+07 3.000000000000000000e+00 2.900000000000000000e+01 1.700000000000000000e+01 7.340000000000000000e+02
-9.899316728115081787e-02 7.302793264389038086e-01 7.846329361200332642e-03 1.100000000000000000e+02 7.316048800000000000e+07 5.000000000000000000e+00 3.000000000000000000e+01 2.000000000000000000e+01 7.370000000000000000e+02
-1.089103221893310547e-01 7.390174269676208496e-01 9.126325021497905254e-04 9.200000000000000000e+01 7.354727200000000000e+07 5.000000000000000000e+00 3.100000000000000000e+01 1.700000000000000000e+01 7.470000000000000000e+02
-2.308223582804203033e-02 7.334693074226379395e-01 4.141304641962051392e-02 7.400000000000000000e+01 7.423115200000000000e+07 4.000000000000000000e+00 2.500000000000000000e+01 5.000000000000000000e+00 7.350000000000000000e+02
-1.842963509261608124e-02 7.276085615158081055e-01 4.107498005032539368e-02 1.130000000000000000e+02 7.432899200000000000e+07 6.000000000000000000e+00 2.500000000000000000e+01 2.000000000000000000e+01 7.290000000000000000e+02
-3.538321703672409058e-02 7.163355350494384766e-01 3.369725868105888367e-02 7.800000000000000000e+01 7.452512800000000000e+07 4.000000000000000000e+00 2.600000000000000000e+01 1.800000000000000000e+01 7.180000000000000000e+02
-3.081456758081912994e-02 7.125473022460937500e-01 3.350953012704849243e-02 1.010000000000000000e+02 7.462304800000000000e+07 5.000000000000000000e+00 2.600000000000000000e+01 2.000000000000000000e+01 7.140000000000000000e+02
-6.229078862816095352e-03 7.040998935699462891e-01 1.641146987676620483e-01 8.300000000000000000e+01 7.521452000000000000e+07 4.000000000000000000e+00 6.000000000000000000e+00 1.260000000000000000e+02 7.230000000000000000e+02
