-6.350330263376235962e-02 -7.352207899093627930e-01 7.856975309550762177e-03
-9.844866394996643066e-02 -7.272160053253173828e-01 1.485941652208566666e-02
-1.063413992524147034e-01 -7.190299034118652344e-01 1.471770647913217545e-02
-1.047315523028373718e-01 -6.808964014053344727e-01 3.887755796313285828e-02
-1.152097806334495544e-01 -6.923632025718688965e-01 3.961002826690673828e-02
-6.642938613891601562e+00 -6.879114151000976562e+00 1.168340630829334259e-02
-6.808754920959472656e+00 -6.964792251586914062e+00 1.189965289086103439e-02
-6.769060611724853516e+00 -6.839723110198974609e+00 1.175670977681875229e-02
-6.771974086761474609e+00 -6.759206295013427734e+00 1.168951485306024551e-02
-6.856045722961425781e+00 -6.759651660919189453e+00 1.176281832158565521e-02
-6.899542331695556641e+00 -6.719549655914306641e+00 1.176648400723934174e-02
-6.782819271087646484e+00 -6.525257587432861328e+00 1.149892527610063553e-02
-6.814755439758300781e+00 -6.475938320159912109e+00 1.148548536002635956e-02
-6.844884395599365234e+00 -6.425105094909667969e+00 1.146960351616144180e-02
-6.804983615875244141e+00 -6.309555053710937500e+00 1.133765652775764465e-02
-6.813334465026855469e+00 -6.239989757537841797e+00 1.128756534308195114e-02
-6.884865283966064453e+00 -6.228255271911621094e+00 1.134254317730665207e-02
-6.793202400207519531e+00 -6.069958209991455078e+00 1.112996228039264679e-02
-6.814574241638183594e+00 -6.014265537261962891e+00 1.110430620610713959e-02
-6.815165519714355469e+00 -5.940798282623291016e+00 1.104566268622875214e-02
-6.800714969635009766e+00 -5.855154514312744141e+00 1.096380688250064850e-02
-6.896697044372558594e+00 -5.864491939544677734e+00 1.106032356619834900e-02
-6.862865924835205078e+00 -5.763541698455810547e+00 1.094914693385362625e-02
-6.939665317535400391e+00 -5.755796909332275391e+00 1.101511996239423752e-02
-6.851073741912841797e+00 -5.611720561981201172e+00 1.081964280456304550e-02
-6.812294483184814453e+00 -5.510460853576660156e+00 1.070479955524206161e-02
-6.841289997100830078e+00 -5.464813232421875000e+00 1.069747004657983780e-02
-6.881758689880371094e+00 -5.428306579589843750e+00 1.070846524089574814e-02
-6.879435062408447266e+00 -5.358326911926269531e+00 1.065348740667104721e-02
-6.866208076477050781e+00 -5.280655860900878906e+00 1.058262772858142853e-02
-6.896090984344482422e+00 -5.236611843109130859e+00 1.057896204292774200e-02
-4.290135383605957031e+00 -2.542234897613525391e+00 1.480049043893814087e-01
-6.904889106750488281e+00 -5.176803588867187500e+00 1.054353173822164536e-02
-4.289255619049072266e+00 -2.506281852722167969e+00 1.474412381649017334e-01
-6.938935279846191406e+00 -5.136123180389404297e+00 1.054719742387533188e-02
-4.287230968475341797e+00 -2.469936609268188477e+00 1.468479186296463013e-01
-6.968704700469970703e+00 -5.092270374298095703e+00 1.054475363343954086e-02
-4.282314777374267578e+00 -2.432229995727539062e+00 1.461655795574188232e-01
-6.908985614776611328e+00 -4.983891487121582031e+00 1.040791906416416168e-02
-6.737420082092285156e+00 -4.797554016113281250e+00 1.010493095964193344e-02
-6.810090541839599609e+00 -4.786600589752197266e+00 1.016968209296464920e-02
-4.326449871063232422e+00 -2.559738159179687500e+00 1.017890349030494690e-01
-6.807289123535156250e+00 -4.722494602203369141e+00 1.012203563004732132e-02
-8.143136024475097656e+00 -4.364309787750244141e+00 2.742050886154174805e-01
-4.301486492156982422e+00 -2.509464502334594727e+00 1.008375436067581177e-01
-6.847689151763916016e+00 -4.688546180725097656e+00 1.013913936913013458e-02
-8.215723991394042969e+00 -4.338533878326416016e+00 2.757477462291717529e-01
-4.321135997772216797e+00 -2.485516071319580078e+00 1.009387597441673279e-01
-6.886271476745605469e+00 -4.653159618377685547e+00 1.015380024909973145e-02
-4.250205516815185547e+00 -2.410131454467773438e+00 9.893456101417541504e-02
-6.928004741668701172e+00 -4.619695186614990234e+00 1.017334777861833572e-02
-7.074008941650390625e+00 -4.654602050781250000e+00 1.034561172127723694e-02
-4.288200855255126953e+00 -2.568754911422729492e+00 5.322089046239852905e-02
-7.076435089111328125e+00 -4.594228744506835938e+00 1.030773762613534927e-02
-4.300438404083251953e+00 -2.540360450744628906e+00 5.317831039428710938e-02
-6.969761371612548828e+00 -4.464421749114990234e+00 1.011226139962673187e-02
-4.327375411987304688e+00 -2.523619174957275391e+00 2.353645563125610352e-01
-8.193889617919921875e+00 -4.384265899658203125e+00 1.881720423698425293e-01
-4.302983760833740234e+00 -2.506376028060913086e+00 5.301861092448234558e-02
-7.051970958709716797e+00 -4.456295013427734375e+00 1.019167341291904449e-02
-4.345376491546630859e+00 -2.498512983322143555e+00 2.355053424835205078e-01
-8.198527336120605469e+00 -4.322249889373779297e+00 1.876659393310546875e-01
-4.355567932128906250e+00 -2.501339435577392578e+00 5.347640439867973328e-02
-7.040993690490722656e+00 -4.389135837554931641e+00 1.013669557869434357e-02
-4.368223667144775391e+00 -2.473089218139648438e+00 5.344446748495101929e-02
-7.078014850616455078e+00 -4.352135658264160156e+00 1.015135645866394043e-02
-7.077224731445312500e+00 -4.292030811309814453e+00 1.011226139962673187e-02
-4.278190135955810547e+00 -2.558764696121215820e+00 6.090325303375720978e-03
-4.313142299652099609e+00 -2.545897722244262695e+00 1.880290657281875610e-01
-4.319650650024414062e+00 -2.547706604003906250e+00 6.126977037638425827e-03
-4.343364715576171875e+00 -2.527930259704589844e+00 1.886668354272842407e-01
-8.174303054809570312e+00 -4.366562366485595703e+00 9.866998344659805298e-02
-4.329150676727294922e+00 -2.517634868621826172e+00 6.118425168097019196e-03
-4.345793247222900391e+00 -2.493772029876708984e+00 1.881041079759597778e-01
-8.152274131774902344e+00 -4.290708541870117188e+00 9.808443486690521240e-02
-4.354927539825439453e+00 -2.496993303298950195e+00 6.133086048066616058e-03
-4.353626251220703125e+00 -2.460875272750854492e+00 6.109873298555612564e-03
-1.402554607391357422e+01 -5.929130554199218750e+00 4.519355893135070801e-01
-7.040845394134521484e+00 -3.923009872436523438e+00 9.847145527601242065e-03
-7.054265499114990234e+00 -3.873957872390747070e+00 9.832484647631645203e-03
-7.225652694702148438e+00 -3.910563707351684570e+00 1.003773603588342667e-02
-1.434472465515136719e+01 -6.996680259704589844e+00 1.699257194995880127e-01
-7.151568889617919922e+00 -3.813921689987182617e+00 9.902123361825942993e-03
-1.408992099761962891e+01 -6.765694618225097656e+00 1.664124280214309692e-01
-7.234146118164062500e+00 -3.801132917404174805e+00 9.983979165554046631e-03
-1.455697631835937500e+01 -6.880371093750000000e+00 1.714268475770950317e-01
-7.208489894866943359e+00 -3.731390237808227539e+00 9.916784241795539856e-03
-1.399699306488037109e+01 -5.905725479125976562e+00 3.076142072677612305e-01
-1.394340896606445312e+01 -6.486000537872314453e+00 1.637295633554458618e-01
-7.275793552398681641e+00 -3.709801673889160156e+00 9.977871552109718323e-03
-1.464940547943115234e+01 -6.705378532409667969e+00 1.715333163738250732e-01
-7.230502128601074219e+00 -3.630981922149658203e+00 9.885019622743129730e-03
-1.443315601348876953e+01 -6.499579429626464844e+00 1.685310602188110352e-01
-7.059026241302490234e+00 -3.490800380706787109e+00 9.621125645935535431e-03
-1.433288288116455078e+01 -6.348934650421142578e+00 1.669021695852279663e-01
-7.198092937469482422e+00 -3.504768848419189453e+00 9.781172499060630798e-03
-1.437523651123046875e+01 -6.262467384338378906e+00 1.669447571039199829e-01
-7.162651538848876953e+00 -3.433304786682128906e+00 9.704203344881534576e-03
-1.402182865142822266e+01 -6.006413936614990234e+00 1.624094247817993164e-01
-7.181774616241455078e+00 -3.388437747955322266e+00 9.701759554445743561e-03
-1.400496768951416016e+01 -5.897755622863769531e+00 1.617919355630874634e-01
-7.226919174194335938e+00 -3.355678319931030273e+00 9.734746068716049194e-03
-1.404273986816406250e+01 -5.812476158142089844e+00 1.618132293224334717e-01
-7.238277435302734375e+00 -3.307115793228149414e+00 9.722528979182243347e-03
-1.445512676239013672e+01 -5.879539012908935547e+00 1.661462783813476562e-01
-7.253872871398925781e+00 -3.260590553283691406e+00 9.716420434415340424e-03
-1.448350143432617188e+01 -5.787765026092529297e+00 1.660611033439636230e-01
-7.268255233764648438e+00 -3.213593959808349609e+00 9.709089994430541992e-03
-1.432885742187500000e+01 -5.624254703521728516e+00 1.638892590999603271e-01
-7.085167407989501953e+00 -3.080810308456420898e+00 9.439087472856044769e-03
-1.437709236145019531e+01 -5.541623115539550781e+00 1.640489548444747925e-01
-7.046010494232177734e+00 -3.012511968612670898e+00 9.362119249999523163e-03
-1.459880447387695312e+01 -5.524437427520751953e+00 1.661888659000396729e-01
-7.341847419738769531e+00 -3.085851669311523438e+00 9.729859419167041779e-03
-1.422373104095458984e+01 -5.282959461212158203e+00 1.615470796823501587e-01
-7.355098247528076172e+00 -3.038453817367553711e+00 9.722528979182243347e-03
-1.429064083099365234e+01 -5.208253860473632812e+00 1.619409918785095215e-01
-7.329128265380859375e+00 -2.975212335586547852e+00 9.663886390626430511e-03
-1.432797813415527344e+01 -5.122489929199218750e+00 1.620048731565475464e-01
-7.352818965911865234e+00 -2.932408332824707031e+00 9.671216830611228943e-03
-1.439499759674072266e+01 -5.047050952911376953e+00 1.624094247817993164e-01
-7.395813465118408203e+00 -2.897084712982177734e+00 9.704203344881534576e-03
-1.447959518432617188e+01 -4.977157592773437500e+00 1.630162596702575684e-01
-7.379850864410400391e+00 -2.838726043701171875e+00 9.660220704972743988e-03
-1.428243541717529297e+01 -4.811600685119628906e+00 1.604611426591873169e-01
-7.398065567016601562e+00 -2.793743848800659180e+00 9.661442600190639496e-03
-1.430314350128173828e+01 -4.721054077148437500e+00 1.603653281927108765e-01
-7.399127960205078125e+00 -2.742389440536499023e+00 9.640673175454139709e-03
-1.437370586395263672e+01 -4.646736621856689453e+00 1.608337610960006714e-01
-7.347211360931396484e+00 -2.671988248825073242e+00 9.551486931741237640e-03
-1.455734062194824219e+01 -4.607637882232666016e+00 1.625691205263137817e-01
-7.441642761230468750e+00 -2.654744386672973633e+00 9.652890264987945557e-03
-1.434463691711425781e+01 -4.443665027618408203e+00 1.598862558603286743e-01
-7.340747833251953125e+00 -2.568086624145507812e+00 9.501395747065544128e-03
-1.417737007141113281e+01 -4.296689987182617188e+00 1.577250510454177856e-01
-7.397040843963623047e+00 -2.536946058273315430e+00 9.553929790854454041e-03
-1.435494518280029297e+01 -4.254513263702392578e+00 1.594071686267852783e-01
-7.357491016387939453e+00 -2.473031997680664062e+00 9.483070112764835358e-03
-1.386213874816894531e+01 -4.016093730926513672e+00 1.536581665277481079e-01
-7.363028526306152344e+00 -2.424712657928466797e+00 9.470853023231029510e-03
-1.417708492279052734e+01 -4.013214111328125000e+00 1.568733453750610352e-01
-6.905712604522705078e+00 -2.227240562438964844e+00 8.864874951541423798e-03
-1.418891429901123047e+01 -3.922685861587524414e+00 1.567349433898925781e-01
-7.366482257843017578e+00 -2.326044559478759766e+00 9.437866508960723877e-03
-1.391343975067138672e+01 -3.754785537719726562e+00 1.534345895051956177e-01
-7.292716979980468750e+00 -2.253638029098510742e+00 9.325467050075531006e-03
-1.425628948211669922e+01 -3.753617286682128906e+00 1.569585204124450684e-01
-7.212601184844970703e+00 -2.180488824844360352e+00 9.205737151205539703e-03
-1.381996917724609375e+01 -3.548204421997070312e+00 1.519121676683425903e-01
-7.579704761505126953e+00 -2.240804672241210938e+00 9.656555950641632080e-03
-1.408884048461914062e+01 -3.525232791900634766e+00 1.546269804239273071e-01
-7.586586475372314453e+00 -2.192311048507690430e+00 9.648003615438938141e-03
-1.377989292144775391e+01 -3.358220338821411133e+00 1.510072350502014160e-01
-7.580647945404052734e+00 -2.140285015106201172e+00 9.623569436371326447e-03
-1.379537391662597656e+01 -3.272451162338256836e+00 1.509539932012557983e-01
-7.379623889923095703e+00 -2.034722328186035156e+00 9.352345019578933716e-03
-1.381032180786132812e+01 -3.186618566513061523e+00 1.509007662534713745e-01
-7.616963863372802734e+00 -2.049956321716308594e+00 9.637008421123027802e-03
-7.418545722961425781e+00 -1.947819232940673828e+00 9.370670653879642487e-03
-1.458701896667480469e+01 -3.177817583084106445e+00 1.589493751525878906e-01
-7.425513744354248047e+00 -1.901023149490356445e+00 9.364562109112739563e-03
-1.363379859924316406e+01 -2.882645845413208008e+00 1.483669430017471313e-01
-7.302172660827636719e+00 -1.821778297424316406e+00 9.194741956889629364e-03
-1.321434307098388672e+01 -2.709360599517822266e+00 1.436186879873275757e-01
-7.510473728179931641e+00 -1.824868440628051758e+00 9.442753158509731293e-03
-1.422228622436523438e+01 -2.825198888778686523e+00 1.543821096420288086e-01
-7.576999187469482422e+00 -1.791868567466735840e+00 9.512391872704029083e-03
-1.397520732879638672e+01 -2.687090396881103516e+00 1.515182554721832275e-01
-7.071339607238769531e+00 -1.626536130905151367e+00 8.864874951541423798e-03
-1.495683288574218750e+01 -2.780777215957641602e+00 1.619729250669479370e-01
-7.616960048675537109e+00 -1.702897548675537109e+00 9.535604156553745270e-03
-1.499329853057861328e+01 -2.692486286163330078e+00 1.621858626604080200e-01
-7.528565406799316406e+00 -1.634697794914245605e+00 9.412209503352642059e-03
-1.455631542205810547e+01 -2.521916627883911133e+00 1.572885513305664062e-01
-7.598143100738525391e+00 -1.601050019264221191e+00 9.486734867095947266e-03
-1.163618087768554688e+01 -1.087137699127197266e+00 3.468577265739440918e-01
-1.422828388214111328e+01 -2.375254631042480469e+00 1.535836309194564819e-01
-7.553937435150146484e+00 -1.543388724327087402e+00 9.419539943337440491e-03
-1.426036167144775391e+01 -2.290761470794677734e+00 1.537752598524093628e-01
-7.706486701965332031e+00 -1.525357604026794434e+00 9.597912430763244629e-03
-1.405377197265625000e+01 -2.169203281402587891e+00 1.514011472463607788e-01
-7.611594200134277344e+00 -1.458099722862243652e+00 9.468409232795238495e-03
-1.431015014648437500e+01 -2.118961334228515625e+00 1.540201455354690552e-01
-7.711842060089111328e+00 -1.428304791450500488e+00 9.582030586898326874e-03
-1.451436138153076172e+01 -9.974433779716491699e-01 4.317921996116638184e-01
-1.423080825805664062e+01 -2.018059015274047852e+00 1.530300229787826538e-01
-7.742116928100585938e+00 -1.384832620620727539e+00 9.608908556401729584e-03
-1.159600830078125000e+01 -1.147152304649353027e+00 2.359489202499389648e-01
-1.446983528137207031e+01 -1.961461544036865234e+00 1.554680317640304565e-01
-7.725832462310791016e+00 -1.333050966262817383e+00 9.578364901244640350e-03
-1.158889198303222656e+01 -1.074686408042907715e+00 2.356655001640319824e-01
-1.435466194152832031e+01 -1.856225132942199707e+00 1.541053056716918945e-01
-7.780230522155761719e+00 -1.293328285217285156e+00 9.635786525905132294e-03
-1.310740947723388672e+01 -6.654978990554809570e-01 1.344689369201660156e+00
-1.433104515075683594e+01 -1.763836383819580078e+00 1.537326872348785400e-01
-7.733709812164306641e+00 -1.236879348754882812e+00 9.568590670824050903e-03
-1.311422824859619141e+01 -5.851928591728210449e-01 1.344995260238647461e+00
-1.309674072265625000e+01 -5.798318982124328613e-01 8.638424873352050781e-01
-1.436940765380859375e+01 -1.679119110107421875e+00 1.540307849645614624e-01
-7.722373962402343750e+00 -1.186517477035522461e+00 9.545378386974334717e-03
-1.299960041046142578e+01 -5.047198534011840820e-01 1.812146067619323730e+00
-1.309669589996337891e+01 -5.039111971855163574e-01 1.342854738235473633e+00
-1.312099170684814453e+01 -5.002592206001281738e-01 8.652232885360717773e-01
-1.327059841156005859e+01 -5.036437511444091797e-01 3.941457271575927734e-01
-1.417470169067382812e+01 -1.568266630172729492e+00 1.518376469612121582e-01
-7.730498313903808594e+00 -1.139257431030273438e+00 9.546600282192230225e-03
-1.303512001037597656e+01 -4.260139167308807373e-01 1.816698908805847168e+00
-1.306673049926757812e+01 -4.224810600280761719e-01 1.339491248130798340e+00
-1.313877391815185547e+01 -4.202193915843963623e-01 8.662095665931701660e-01
-1.319851016998291016e+01 -4.198240041732788086e-01 3.919207751750946045e-01
-1.451646423339843750e+01 -9.875651597976684570e-01 2.946172952651977539e-01
-1.403288745880126953e+01 -1.465475797653198242e+00 1.502193957567214966e-01
-7.729421615600585938e+00 -1.090684652328491211e+00 9.536826051771640778e-03
-1.304342937469482422e+01 -3.461816012859344482e-01 1.817526698112487793e+00
-1.306311035156250000e+01 -3.421408832073211670e-01 1.338879704475402832e+00
-1.312414741516113281e+01 -3.391552269458770752e-01 8.650918006896972656e-01
-1.321183013916015625e+01 -3.391137123107910156e-01 3.922471106052398682e-01
-1.451526546478271484e+01 -8.980430364608764648e-01 2.944755852222442627e-01
-1.159453392028808594e+01 -1.138960957527160645e+00 1.240401342511177063e-01
-7.727049350738525391e+00 -1.042034506797790527e+00 9.525830857455730438e-03
-1.308286571502685547e+01 -2.623396813869476318e-01 1.340714335441589355e+00
-1.312298870086669922e+01 -2.585616111755371094e-01 8.648945093154907227e-01
-1.320966434478759766e+01 -2.579629719257354736e-01 3.921284377574920654e-01
-1.161723518371582031e+01 -1.069263100624084473e+00 1.242104768753051758e-01
-7.777929782867431641e+00 -1.000342965126037598e+00 9.580808691680431366e-03
-1.306732082366943359e+01 -1.818245053291320801e-01 1.338981628417968750e+00
-1.309794616699218750e+01 -6.582850813865661621e-01 1.218901991844177246e+00
-1.416807174682617188e+01 -1.216422557830810547e+00 1.514011472463607788e-01
-7.821640014648437500e+00 -9.572156667709350586e-01 9.627234190702438354e-03
-1.304105949401855469e+01 -5.752286911010742188e-01 1.213256835937500000e+00
-1.311755561828613281e+01 -5.740151405334472656e-01 7.409836649894714355e-01
-1.424604034423828125e+01 -1.135105013847351074e+00 1.521570384502410889e-01
-7.815446376800537109e+00 -9.078203439712524414e-01 9.612573310732841492e-03
-1.309790325164794922e+01 -5.018113255500793457e-01 1.697716236114501953e+00
-1.303538894653320312e+01 -4.948594570159912109e-01 1.212423920631408691e+00
-1.312083148956298828e+01 -4.935165345668792725e-01 7.409836649894714355e-01
-1.325308322906494141e+01 -4.938582777976989746e-01 2.685424685478210449e-01
-1.411013031005859375e+01 -1.037189126014709473e+00 1.506346166133880615e-01
-7.805959224700927734e+00 -8.582093119621276855e-01 9.594247676432132721e-03
-1.303531551361083984e+01 -4.193302094936370850e-01 1.689238548278808594e+00
-1.304116535186767578e+01 -4.149615168571472168e-01 1.212701559066772461e+00
-1.316153335571289062e+01 -4.141927063465118408e-01 7.431247830390930176e-01
-1.324187374114990234e+01 -4.120942056179046631e-01 2.682590186595916748e-01
-1.431377029418945312e+01 -9.638938903808593750e-01 1.527425795793533325e-01
-7.808094024658203125e+00 -8.099871277809143066e-01 9.590581990778446198e-03
-1.312885093688964844e+01 -3.417130410671234131e-01 1.701055884361267090e+00
-1.304545688629150391e+01 -3.349857330322265625e-01 1.212886691093444824e+00
-1.315384578704833984e+01 -3.331744372844696045e-01 7.425612807273864746e-01
-1.322016525268554688e+01 -3.302366137504577637e-01 2.677731513977050781e-01
-1.408386898040771484e+01 -8.616376519203186035e-01 1.502300500869750977e-01
-7.810926914215087891e+00 -7.618681788444519043e-01 9.588139131665229797e-03
-1.304627132415771484e+01 -2.549145519733428955e-01 1.212794065475463867e+00
-1.316961765289306641e+01 -2.527258694171905518e-01 7.433501482009887695e-01
-1.317296218872070312e+01 -2.481901496648788452e-01 2.667811810970306396e-01
-1.369351100921630859e+01 -7.534496784210205078e-01 1.460141092538833618e-01
-7.840350627899169922e+00 -7.162011265754699707e-01 9.618681855499744415e-03
-1.314687633514404297e+01 -6.585876941680908203e-01 1.581287622451782227e+00
-1.304958057403564453e+01 -1.748860180377960205e-01 1.212979078292846680e+00
-1.332234573364257812e+01 -6.510615348815917969e-01 1.420111060142517090e-01
-7.845593929290771484e+00 -6.681650280952453613e-01 9.619903750717639923e-03
-1.315364646911621094e+01 -5.780383348464965820e-01 1.581645488739013672e+00
-1.306912231445312500e+01 -5.697532296180725098e-01 1.091589808464050293e+00
-1.314120769500732422e+01 -5.683000087738037109e-01 6.180020570755004883e-01
-1.312128829956054688e+01 -5.605555772781372070e-01 1.398286074399948120e-01
-7.834592342376708984e+00 -6.188316345214843750e-01 9.601578116416931152e-03
-1.313214206695556641e+01 -4.963806569576263428e-01 1.578663825988769531e+00
-1.305046367645263672e+01 -4.887313842773437500e-01 1.089760303497314453e+00
-1.315542793273925781e+01 -4.880637526512145996e-01 6.185183525085449219e-01
-1.312448024749755859e+01 -4.800343215465545654e-01 1.398286074399948120e-01
-7.846221446990966797e+00 -5.713288187980651855e-01 9.611352346837520599e-03
-1.313394737243652344e+01 -4.157625734806060791e-01 1.578544497489929199e+00
-1.303628349304199219e+01 -4.081159532070159912e-01 1.088346719741821289e+00
-1.317514896392822266e+01 -4.078598022460937500e-01 6.193161606788635254e-01
-1.321713256835937500e+01 -4.022324979305267334e-01 1.407867819070816040e-01
-7.832616806030273438e+00 -5.220440030097961426e-01 9.590581990778446198e-03
-1.313625144958496094e+01 -3.351663649082183838e-01 1.578544497489929199e+00
-1.306544113159179688e+01 -3.287960290908813477e-01 1.090591907501220703e+00
-1.315343666076660156e+01 -3.264161944389343262e-01 6.181898117065429688e-01
-1.319635868072509766e+01 -3.205675780773162842e-01 1.405419111251831055e-01
-7.814711093902587891e+00 -4.727061986923217773e-01 9.564925916492938995e-03
-1.311522960662841797e+01 -2.541151642799377441e-01 1.575801253318786621e+00
-1.311503791809082031e+01 -2.495317459106445312e-01 1.094583392143249512e+00
-1.317616558074951172e+01 -2.460937947034835815e-01 6.191753745079040527e-01
-1.315608692169189453e+01 -2.388279438018798828e-01 1.400947570800781250e-01
-7.775526046752929688e+00 -4.224685132503509521e-01 9.513612836599349976e-03
-1.305498981475830078e+01 -1.728220134973526001e-01 1.568406462669372559e+00
-1.313272476196289062e+01 -6.511290073394775391e-01 1.453970193862915039e+00
-1.322029781341552734e+01 -1.588561385869979858e-01 1.407654881477355957e-01
-7.774975299835205078e+00 -3.746064603328704834e-01 9.509948082268238068e-03
-1.310668277740478516e+01 -5.692420005798339844e-01 1.450672984123229980e+00
-1.309016895294189453e+01 -5.616580247879028320e-01 9.690638780593872070e-01
-1.314193725585937500e+01 -5.569856166839599609e-01 4.938201606273651123e-01
-1.164914989471435547e+01 7.743738293647766113e-01 3.465017378330230713e-01
-1.353899955749511719e+01 -7.960452139377593994e-02 1.441510170698165894e-01
-7.675217151641845703e+00 -3.226095139980316162e-01 9.385331533849239349e-03
-1.308609008789062500e+01 -4.879213869571685791e-01 1.448035120964050293e+00
-1.309735488891601562e+01 -4.814742207527160645e-01 9.693589210510253906e-01
-1.322200202941894531e+01 -4.791241586208343506e-01 4.967088699340820312e-01
-1.344923782348632812e+01 3.447648137807846069e-03 1.431928426027297974e-01
-7.722023487091064453e+00 -2.771230638027191162e-01 9.440309368073940277e-03
-1.307791042327880859e+01 -4.072771370410919189e-01 1.446826219558715820e+00
-1.308012676239013672e+01 -4.004909098148345947e-01 9.678837656974792480e-01
-1.320971012115478516e+01 -3.975355625152587891e-01 4.961461126804351807e-01
-1.327797603607177734e+01 8.487754315137863159e-02 1.413723230361938477e-01
-7.762561321258544922e+00 -2.308959513902664185e-01 9.487956762313842773e-03
-1.308612537384033203e+01 -3.271740078926086426e-01 1.447485685348510742e+00
-1.309330368041992188e+01 -3.204936385154724121e-01 9.686951041221618652e-01
-1.318093109130859375e+01 -3.157329857349395752e-01 4.949831068515777588e-01
-1.333719825744628906e+01 1.670997142791748047e-01 1.420111060142517090e-01
-7.670857906341552734e+00 -1.810668110847473145e-01 9.374336339533329010e-03
-1.309881687164306641e+01 -2.470790743827819824e-01 1.448694586753845215e+00
-1.310599327087402344e+01 -2.403497695922851562e-01 9.695065021514892578e-01
-1.317662620544433594e+01 -2.347435802221298218e-01 4.947580397129058838e-01
-1.342890071868896484e+01 2.506676614284515381e-01 1.430012136697769165e-01
-7.758810997009277344e+00 -1.355152130126953125e-01 9.480626322329044342e-03
-1.311002540588378906e+01 -1.668280661106109619e-01 1.449793696403503418e+00
-1.339112281799316406e+01 3.321684598922729492e-01 1.426179409027099609e-01
-7.748497486114501953e+00 -8.778088539838790894e-02 9.467187337577342987e-03
-1.159848594665527344e+01 7.790123224258422852e-01 2.353820800781250000e-01
-1.281114196777343750e+01 3.964514434337615967e-01 1.364643722772598267e-01
-7.730890274047851562e+00 -4.014188423752784729e-02 9.445196017622947693e-03
-1.157254886627197266e+01 8.486291170120239258e-01 2.349569499492645264e-01
-1.327811813354492188e+01 4.924705028533935547e-01 1.414681375026702881e-01
-7.684991359710693359e+00 7.251319009810686111e-03 9.388997219502925873e-03
-1.344767475128173828e+01 5.814064145088195801e-01 1.433099508285522461e-01
-7.649803161621093750e+00 5.415762215852737427e-02 9.346236474812030792e-03
-1.320116424560546875e+01 6.519238352775573730e-01 1.407229006290435791e-01
-7.665325164794921875e+00 1.013063490390777588e-01 9.365784004330635071e-03
-1.322187614440917969e+01 7.342986464500427246e-01 1.409890651702880859e-01
-7.712550163269042969e+00 1.492667943239212036e-01 9.424426592886447906e-03
-1.155537509918212891e+01 7.128934860229492188e-01 1.232629567384719849e-01
-7.802459716796875000e+00 1.989063918590545654e-01 9.535604156553745270e-03
-1.157372951507568359e+01 7.853395342826843262e-01 1.235078200697898865e-01
-7.734125614166259766e+00 2.446592450141906738e-01 9.453748352825641632e-03
-7.036055564880371094e+00 1.035661458969116211e+00 2.110753357410430908e-01
-1.161655807495117188e+01 8.598829507827758789e-01 1.240188330411911011e-01
-7.796433448791503906e+00 2.945263683795928955e-01 9.531939402222633362e-03
-7.015736579895019531e+00 1.076691627502441406e+00 2.106600105762481689e-01
-1.299952793121337891e+01 1.042491912841796875e+00 1.388491541147232056e-01
-7.797476291656494141e+00 3.424904644489288330e-01 9.535604156553745270e-03
-1.300085544586181641e+01 1.122924208641052246e+00 1.389343142509460449e-01
-7.718324661254882812e+00 3.864776492118835449e-01 9.441531263291835785e-03
-1.310324668884277344e+01 1.212812423706054688e+00 1.401054114103317261e-01
-7.769722938537597656e+00 4.368605613708496094e-01 9.507505223155021667e-03
-1.300102329254150391e+01 1.283854246139526367e+00 1.390940099954605103e-01
-7.729967594146728516e+00 4.822227358818054199e-01 9.462300688028335571e-03
-1.309533214569091797e+01 1.374352931976318359e+00 1.401905715465545654e-01
-7.681968688964843750e+00 5.265665054321289062e-01 9.407322853803634644e-03
-6.965786933898925781e+00 1.030209660530090332e+00 1.425815671682357788e-01
-1.284614849090576172e+01 1.427944660186767578e+00 1.376141756772994995e-01
-7.723468303680419922e+00 5.770450234413146973e-01 9.462300688028335571e-03
-7.022574424743652344e+00 1.082681298255920410e+00 1.438772082328796387e-01
-1.293745040893554688e+01 1.518513441085815430e+00 1.386894434690475464e-01
-7.678915500640869141e+00 6.211189627647399902e-01 9.412209503352642059e-03
-1.267780685424804688e+01 1.566957712173461914e+00 1.360065788030624390e-01
-7.579321861267089844e+00 6.598973870277404785e-01 9.294923394918441772e-03
-1.271951770782470703e+01 1.651412606239318848e+00 1.365601867437362671e-01
-7.608983039855957031e+00 7.095476388931274414e-01 9.336462244391441345e-03
-1.309358024597167969e+01 1.781739830970764160e+00 1.406909525394439697e-01
-7.599511146545410156e+00 7.557274103164672852e-01 9.330353699624538422e-03
-7.075287342071533203e+00 1.007041215896606445e+00 7.608915865421295166e-02
-7.676276683807373047e+00 8.109577894210815430e-01 9.430536068975925446e-03
-8.352375984191894531e+00 1.865781545639038086e+00 2.540023922920227051e-01
-7.054139137268066406e+00 1.048230886459350586e+00 7.592947036027908325e-02
-7.725815296173095703e+00 8.641570210456848145e-01 9.497730992734432220e-03
-8.325184822082519531e+00 1.913413405418395996e+00 2.535277307033538818e-01
-7.020894050598144531e+00 1.087362408638000488e+00 7.564201951026916504e-02
-7.772008895874023438e+00 9.176427721977233887e-01 9.561260230839252472e-03
-7.002243518829345703e+00 1.128512024879455566e+00 7.551426440477371216e-02
-7.766232013702392578e+00 9.653136730194091797e-01 9.561260230839252472e-03
-1.264518356323242188e+01 2.117637872695922852e+00 1.365069597959518433e-01
-7.754212856292724609e+00 1.012171626091003418e+00 9.553929790854454041e-03
-1.236299896240234375e+01 2.148448467254638672e+00 1.336005181074142456e-01
-7.179152011871337891e+00 9.819455742835998535e-01 8.852656930685043335e-03
-1.235745620727539062e+01 2.225683927536010742e+00 1.336856782436370850e-01
-7.070039749145507812e+00 1.011251926422119141e+00 8.725597523152828217e-03
-7.047240734100341797e+00 1.049641609191894531e+00 2.674874663352966309e-01
-8.340374946594238281e+00 1.869119286537170410e+00 1.730697005987167358e-01
-1.260111331939697266e+01 2.349485635757446289e+00 1.364750117063522339e-01
-7.039965152740478516e+00 1.051069974899291992e+00 8.696275763213634491e-03
-7.033755302429199219e+00 1.091789960861206055e+00 2.672248482704162598e-01
-8.238144874572753906e+00 1.899370074272155762e+00 1.711869537830352783e-01
-1.225950145721435547e+01 2.363720417022705078e+00 1.329298019409179688e-01
-7.022513866424560547e+00 1.092555522918701172e+00 8.682836778461933136e-03
-1.210845184326171875e+01 2.411747694015502930e+00 1.314499527215957642e-01
-7.024561882019042969e+00 1.137062430381774902e+00 8.693831972777843475e-03
-1.203759670257568359e+01 2.474521875381469727e+00 1.308431327342987061e-01
-7.122971534729003906e+00 1.197888255119323730e+00 8.824557997286319733e-03
-1.450273036956787109e+01 4.188140392303466797e+00 4.480196535587310791e-01
-1.230488872528076172e+01 2.608260869979858398e+00 1.339199095964431763e-01
-8.018837928771972656e+00 1.399195790290832520e+00 9.944884106516838074e-03
-8.362419128417968750e+00 1.826264739036560059e+00 9.113239496946334839e-02
-8.022894859313964844e+00 1.450685262680053711e+00 9.960766881704330444e-03
-8.351056098937988281e+00 1.877541184425354004e+00 9.113239496946334839e-02
-7.857555866241455078e+00 1.470634698867797852e+00 9.766511619091033936e-03
-8.312100410461425781e+00 1.922438025474548340e+00 9.083429723978042603e-02
-7.842493534088134766e+00 1.517680048942565918e+00 9.759181179106235504e-03
-1.197548294067382812e+01 2.847234249114990234e+00 1.310560405254364014e-01
-7.847742080688476562e+00 1.568712353706359863e+00 9.777506813406944275e-03
-1.109010124206542969e+01 3.568249940872192383e+00 1.193637371063232422e+00
-1.211320877075195312e+01 2.958622217178344727e+00 1.327594518661499023e-01
-7.861474514007568359e+00 1.621684312820434570e+00 9.806828573346138000e-03
-1.098034477233886719e+01 3.603186845779418945e+00 1.609754085540771484e+00
-1.103775596618652344e+01 3.626294612884521484e+00 1.190375804901123047e+00
-1.117419815063476562e+01 3.677604198455810547e+00 3.491420447826385498e-01
-1.445428276062011719e+01 4.184913158416748047e+00 3.046990334987640381e-01
-1.192703247070312500e+01 2.990815639495849609e+00 1.309176534414291382e-01
-7.780951023101806641e+00 1.654912471771240234e+00 9.718864224851131439e-03
-1.098996067047119141e+01 3.681188821792602539e+00 1.614444971084594727e+00
-1.098322963714599609e+01 3.683198690414428711e+00 1.186910390853881836e+00
-1.114703273773193359e+01 3.742458820343017578e+00 7.748150229454040527e-01
-1.189877319335937500e+01 3.061450719833374023e+00 1.308111846446990967e-01
-7.825352668762207031e+00 1.714610099792480469e+00 9.787281043827533722e-03
-1.099059581756591797e+01 3.756561040878295898e+00 1.617893934249877930e+00
-1.092936325073242188e+01 3.739892959594726562e+00 1.183546781539916992e+00
-1.105211639404296875e+01 3.786207914352416992e+00 7.698178887367248535e-01
-8.364513397216796875e+00 1.883538484573364258e+00 3.218853771686553955e-01
-1.204509639739990234e+01 3.178024291992187500e+00 1.326317042112350464e-01
-7.915160655975341797e+00 1.785255551338195801e+00 9.913118556141853333e-03
-1.100755405426025391e+01 3.837948799133300781e+00 1.623826384544372559e+00
-1.089869594573974609e+01 3.804260969161987305e+00 1.182731389999389648e+00
-1.115867233276367188e+01 3.446051120758056641e+00 1.085452914237976074e+00
-1.100795364379882812e+01 3.846709489822387695e+00 7.683714032173156738e-01
-1.202054405212402344e+01 3.250566959381103516e+00 1.325784772634506226e-01
-7.902109146118164062e+00 1.833336472511291504e+00 9.910675697028636932e-03
-1.119283485412597656e+01 3.979743242263793945e+00 1.654730200767517090e+00
-1.113067054748535156e+01 3.512357234954833984e+00 1.084805130958557129e+00
-1.098508262634277344e+01 3.914515256881713867e+00 7.684371471405029297e-01
-1.107775497436523438e+01 3.949717998504638672e+00 3.490530550479888916e-01
-1.190689754486083984e+01 3.298368692398071289e+00 1.315457820892333984e-01
-7.866393566131591797e+00 1.875989079475402832e+00 9.880132973194122314e-03
-1.110701465606689453e+01 3.579976797103881836e+00 1.084620118141174316e+00
-1.109558582305908203e+01 4.032981395721435547e+00 3.503880202770233154e-01
-1.185661315917968750e+01 3.362907409667968750e+00 1.312157511711120605e-01
-7.778975009918212891e+00 1.905661702156066895e+00 9.784838184714317322e-03
-1.098042201995849609e+01 3.609449148178100586e+00 1.497078180313110352e+00
-1.101012134552001953e+01 3.623470783233642578e+00 1.077309131622314453e+00
-1.135261344909667969e+01 3.740578651428222656e+00 6.745537519454956055e-01
-1.117619609832763672e+01 3.686776161193847656e+00 2.382972836494445801e-01
-1.182423210144042969e+01 3.432250022888183594e+00 1.310879886150360107e-01
-7.763255596160888672e+00 1.952380895614624023e+00 9.779950603842735291e-03
-1.098063373565673828e+01 3.684327125549316406e+00 1.500161051750183105e+00
-1.096597194671630859e+01 3.683666944503784180e+00 1.075180649757385254e+00
-1.118087482452392578e+01 3.760200500488281250e+00 6.657077074050903320e-01
-1.116757678985595703e+01 3.760067701339721680e+00 2.386009246110916138e-01
-1.197645187377929688e+01 3.556256771087646484e+00 1.330149620771408081e-01
-7.785988330841064453e+00 2.008972883224487305e+00 9.823932312428951263e-03
-1.100660896301269531e+01 3.768337488174438477e+00 1.506840348243713379e+00
-1.092526626586914062e+01 3.744749307632446289e+00 1.073422312736511230e+00
-1.121330928802490234e+01 3.847853660583496094e+00 6.690320372581481934e-01
-1.225675773620605469e+01 3.721478223800659180e+00 1.363791972398757935e-01
-7.469960212707519531e+00 1.976394891738891602e+00 9.440309368073940277e-03
-1.102912235260009766e+01 3.847493171691894531e+00 1.946339488029479980e+00
-1.099638748168945312e+01 3.840379714965820312e+00 1.508638620376586914e+00
-1.090584278106689453e+01 3.813029289245605469e+00 1.073792457580566406e+00
-1.102174949645996094e+01 3.857872247695922852e+00 6.590027213096618652e-01
-1.160147571563720703e+01 3.600411415100097656e+00 1.293313503265380859e-01
-7.721177577972412109e+00 2.093637704849243164e+00 9.773841127753257751e-03
-1.098950862884521484e+01 3.909473657608032227e+00 1.943545341491699219e+00
-1.117254257202148438e+01 3.978981494903564453e+00 1.536126852035522461e+00
-1.100539302825927734e+01 3.928112745285034180e+00 6.594534516334533691e-01
-1.110777187347412109e+01 3.969026327133178711e+00 2.388438582420349121e-01
-1.126461791992187500e+01 3.571792125701904297e+00 1.258180737495422363e-01
-7.728419780731201172e+00 2.146594762802124023e+00 9.799497202038764954e-03
-1.098963069915771484e+01 3.544126987457275391e+00 1.387115359306335449e+00
-1.107757282257080078e+01 4.035054683685302734e+00 2.387224137783050537e-01
-1.121490192413330078e+01 3.631908893585205078e+00 1.255093216896057129e-01
-7.809366226196289062e+00 2.220780849456787109e+00 9.919228032231330872e-03
-1.098465251922607422e+01 3.617081165313720703e+00 1.389262318611145020e+00
-1.104107570648193359e+01 3.639932870864868164e+00 9.700987339019775391e-01
-1.119591999053955078e+01 3.695313930511474609e+00 5.539397001266479492e-01
-1.106854057312011719e+01 4.108864307403564453e+00 2.390665709972381592e-01
-1.119905090332031250e+01 3.702851295471191406e+00 1.255838423967361450e-01
-7.849361896514892578e+00 2.284304141998291016e+00 9.987644851207733154e-03
-1.098577976226806641e+01 3.692321300506591797e+00 1.392243981361389160e+00
-1.099775600433349609e+01 3.700619459152221680e+00 9.682693481445312500e-01
-1.124403190612792969e+01 3.787858486175537109e+00 5.574596524238586426e-01
-1.118938446044921875e+01 3.775973796844482422e+00 1.257328987121582031e-01
-7.834239959716796875e+00 2.332138776779174805e+00 9.986422955989837646e-03
-1.103390884399414062e+01 3.773247241973876953e+00 1.830272197723388672e+00
-1.099203205108642578e+01 3.769643783569335938e+00 1.395941376686096191e+00
-1.094185256958007812e+01 3.756704330444335938e+00 9.653588533401489258e-01
-1.115938663482666016e+01 3.842280626296997070e+00 1.256583631038665771e-01
-7.848482608795166016e+00 2.388900518417358398e+00 1.002307515591382980e-02
-1.100961589813232422e+01 3.840553522109985352e+00 1.830117106437683105e+00
-1.096494579315185547e+01 3.835707426071166992e+00 1.395464301109313965e+00
-1.092800140380859375e+01 3.827065467834472656e+00 9.661903977394104004e-01
-1.103174114227294922e+01 3.867719411849975586e+00 5.492465496063232422e-01
-1.143561935424804688e+01 4.016043663024902344e+00 1.290438920259475708e-01
-7.839405536651611328e+00 2.438795089721679688e+00 1.003040466457605362e-02
-1.099608135223388672e+01 3.911676883697509766e+00 1.831822633743286133e+00
-1.118340682983398438e+01 3.989312648773193359e+00 1.426355361938476562e+00
-1.103978157043457031e+01 3.946768999099731445e+00 5.508422255516052246e-01
-1.110762977600097656e+01 3.977585792541503906e+00 1.256157904863357544e-01
-7.836683273315429688e+00 2.490788698196411133e+00 1.004628743976354599e-02
-1.461409664154052734e+01 6.550598144531250000e+00 4.719563961029052734e+00
-1.097465896606445312e+01 3.980084419250488281e+00 1.832287788391113281e+00
-1.099976444244384766e+01 3.553622007369995117e+00 1.278227567672729492e+00
-1.111495113372802734e+01 4.057323932647705078e+00 1.259777545928955078e-01
-7.905904293060302734e+00 2.566305398941040039e+00 1.015502121299505234e-02
-1.455180644989013672e+01 6.630202770233154297e+00 4.712497234344482422e+00
-1.099379920959472656e+01 3.626341581344604492e+00 1.280096054077148438e+00
-1.119353485107421875e+01 3.698724746704101562e+00 8.719214797019958496e-01
-1.115544891357421875e+01 3.692619800567626953e+00 4.411480128765106201e-01
-1.105891990661621094e+01 4.113942623138427734e+00 1.256264299154281616e-01
-7.914689064025878906e+00 2.622945785522460938e+00 1.018678676337003708e-02
-1.472236347198486328e+01 6.817308902740478516e+00 4.781187534332275391e+00
-1.103453350067138672e+01 3.708573579788208008e+00 1.716927289962768555e+00
-1.098076152801513672e+01 3.696901321411132812e+00 1.281195163726806641e+00
-1.103455257415771484e+01 3.721445083618164062e+00 8.613000512123107910e-01
-1.128686428070068359e+01 4.277759075164794922e+00 1.285115778446197510e-01
-7.934442520141601562e+00 2.683634996414184570e+00 1.023321226239204407e-02
-1.477225685119628906e+01 6.950804233551025391e+00 4.811151027679443359e+00
-1.102654457092285156e+01 3.781345367431640625e+00 1.719262003898620605e+00
-1.094001007080078125e+01 3.758073091506958008e+00 1.279106855392456055e+00
-1.097567653656005859e+01 3.776751041412353516e+00 8.584971427917480469e-01
-1.130424880981445312e+01 4.363859176635742188e+00 1.290119588375091553e-01
-7.885686397552490234e+00 2.721178293228149414e+00 1.019167341291904449e-02
-1.103581809997558594e+01 3.860364437103271484e+00 1.724368810653686523e+00
-1.090361309051513672e+01 3.820527553558349609e+00 1.277568221092224121e+00
-1.093253517150878906e+01 3.837089776992797852e+00 8.569481372833251953e-01
-1.110444450378417969e+01 3.903958082199096680e+00 4.418983161449432373e-01
-1.116651535034179688e+01 4.389604568481445312e+00 1.277450472116470337e-01
-7.882990360260009766e+00 2.774492740631103516e+00 1.020999904721975327e-02
-1.102776432037353516e+01 3.933656692504882812e+00 1.726849317550659180e+00
-1.088183689117431641e+01 3.888027667999267578e+00 1.277788043022155762e+00
-1.091911411285400391e+01 3.907794713973999023e+00 8.577594757080078125e-01
-1.100408649444580078e+01 3.944706201553344727e+00 4.388595521450042725e-01
-1.022798633575439453e+01 4.977823257446289062e+00 3.376018702983856201e-01
-1.129997730255126953e+01 4.522314071655273438e+00 1.295868605375289917e-01
-7.990059852600097656e+00 2.867396354675292969e+00 1.037126779556274414e-02
-1.497950553894042969e+01 6.698499679565429688e+00 4.649467945098876953e+00
-1.073675251007080078e+01 4.373528957366943359e+00 1.234332993626594543e-01
-7.710296630859375000e+00 2.820518732070922852e+00 1.003040466457605362e-02
-1.493286800384521484e+01 6.787897586822509766e+00 4.647832393646240234e+00
-1.101454544067382812e+01 4.565682411193847656e+00 1.269465833902359009e-01
-7.681601047515869141e+00 2.863583564758300781e+00 1.001574378460645676e-02
-1.485599994659423828e+01 6.863255977630615234e+00 4.636927604675292969e+00
-1.101027965545654297e+01 4.643283367156982422e+00 1.272233873605728149e-01
-7.729325771331787109e+00 2.935516595840454102e+00 1.010126620531082153e-02
-1.460981178283691406e+01 6.858608722686767578e+00 4.573135852813720703e+00
-1.134916591644287109e+01 4.868435382843017578e+00 1.314819008111953735e-01
-7.865055561065673828e+00 3.042415380477905273e+00 1.030285097658634186e-02
-1.017985439300537109e+01 4.885973453521728516e+00 2.286406755447387695e-01
-1.127233695983886719e+01 4.917589664459228516e+00 1.309389472007751465e-01
-7.856473922729492188e+00 3.094648361206054688e+00 1.031628996133804321e-02
-1.441198539733886719e+01 6.982839584350585938e+00 4.537695407867431641e+00
-1.017933940887451172e+01 4.962802410125732422e+00 2.293087393045425415e-01
-1.093117237091064453e+01 4.848808765411376953e+00 1.273192018270492554e-01
-7.843834877014160156e+00 3.145401954650878906e+00 1.032484229654073715e-02
-1.120202636718750000e+01 5.051437377929687500e+00 1.308324784040451050e-01
-7.824387550354003906e+00 3.193471670150756836e+00 1.032484229654073715e-02
-1.396976852416992188e+01 6.981535911560058594e+00 4.425104618072509766e+00
-1.128990077972412109e+01 5.174656867980957031e+00 1.322271525859832764e-01
-7.703058719635009766e+00 3.199230194091796875e+00 1.019045244902372360e-02
-1.128422355651855469e+01 5.256076812744140625e+00 1.325358897447586060e-01
-7.828824520111083984e+00 3.307930707931518555e+00 1.038348581641912460e-02
-1.454723453521728516e+01 6.822841644287109375e+00 4.383589267730712891e+00
-1.093451690673828125e+01 5.175071716308593750e+00 1.287990361452102661e-01
-7.841454982757568359e+00 3.370120286941528320e+00 1.042746845632791519e-02
-1.444326210021972656e+01 6.882508277893066406e+00 4.364902496337890625e+00
-1.016899108886718750e+01 4.889360904693603516e+00 1.201329380273818970e-01
-7.825209617614746094e+00 3.420173168182373047e+00 1.043357606977224350e-02
-1.013969802856445312e+01 4.952103614807128906e+00 1.201435849070549011e-01
-7.789455413818359375e+00 3.461625814437866211e+00 1.041402854025363922e-02
-1.411616802215576172e+01 6.940469741821289062e+00 4.291469573974609375e+00
-1.038502788543701172e+01 5.151078701019287109e+00 1.234226450324058533e-01
-7.736172676086425781e+00 3.494946479797363281e+00 1.037126779556274414e-02
-1.464361667633056641e+01 6.646780490875244141e+00 4.227908134460449219e+00
-1.079082489013671875e+01 5.435112476348876953e+00 1.286393404006958008e-01
-7.633701801300048828e+00 3.505210399627685547e+00 1.026253402233123779e-02
-1.115433788299560547e+01 5.704278945922851562e+00 1.333875805139541626e-01
-7.666421890258789062e+00 3.577355146408081055e+00 1.033583749085664749e-02
-1.034259033203125000e+01 5.369465351104736328e+00 1.240720674395561218e-01
-7.735589981079101562e+00 3.667597532272338867e+00 1.045923307538032532e-02
-1.063233852386474609e+01 5.602980136871337891e+00 1.279579848051071167e-01
-7.699426174163818359e+00 3.708483695983886719e+00 1.044090650975704193e-02
-1.102717113494873047e+01 5.897780895233154297e+00 1.331427246332168579e-01
-7.627121925354003906e+00 3.731486082077026367e+00 1.037371065467596054e-02
-1.030615901947021484e+01 5.593750000000000000e+00 1.248492449522018433e-01
-7.634531021118164062e+00 3.793344020843505859e+00 1.041525043547153473e-02
-1.055192947387695312e+01 5.811244010925292969e+00 1.282560676336288452e-01
-7.627182006835937500e+00 3.848225355148315430e+00 1.043724082410335541e-02
-1.060423851013183594e+01 5.925142765045166016e+00 1.293313503265380859e-01
-7.601646423339843750e+00 3.894040584564208984e+00 1.043479796499013901e-02
-1.073470592498779297e+01 6.084771156311035156e+00 1.313754320144653320e-01
-7.596240997314453125e+00 3.950299024581909180e+00 1.046045403927564621e-02
-1.091821956634521484e+01 6.277620792388916016e+00 1.340902447700500488e-01
-7.564785003662109375e+00 3.993099927902221680e+00 1.045068074017763138e-02
-2.984336853027343750e+00 2.042581558227539062e+00 1.073324754834175110e-01
-1.058666896820068359e+01 6.173730850219726562e+00 1.304811537265777588e-01
-7.572755813598632812e+00 4.056913852691650391e+00 1.049588434398174286e-02
-2.858397483825683594e+00 1.982248187065124512e+00 1.032385379076004028e-01
-1.059248352050781250e+01 6.264533519744873047e+00 1.310241073369979858e-01
-7.555627346038818359e+00 4.107601642608642578e+00 1.050687953829765320e-02
-2.833912611007690430e+00 1.991129994392395020e+00 1.027935370802879333e-01
-1.070906257629394531e+01 6.422497272491455078e+00 1.329510957002639771e-01
-7.553923130035400391e+00 4.166926383972167969e+00 1.053986698389053345e-02
-1.059170436859130859e+01 6.440806865692138672e+00 1.319822818040847778e-01
-7.506397247314453125e+00 4.200988292694091797e+00 1.050932332873344421e-02
-1.062263298034667969e+01 6.549231529235839844e+00 1.328659206628799438e-01
-7.533525466918945312e+00 4.277084350585937500e+00 1.058384869247674942e-02
-1.070095825195312500e+01 6.688486576080322266e+00 1.343564093112945557e-01
-7.561735153198242188e+00 4.354668617248535156e+00 1.066081877797842026e-02
-1.080077648162841797e+01 6.843396186828613281e+00 1.361343413591384888e-01
-7.537462711334228516e+00 4.402497291564941406e+00 1.066448260098695755e-02
-2.936540126800537109e+00 2.039428710937500000e+00 7.239411026239395142e-02
-1.062059879302978516e+01 6.820920944213867188e+00 1.343883424997329712e-01
-7.515470504760742188e+00 4.451721668243408203e+00 1.067181397229433060e-02
-2.825851202011108398e+00 1.988367915153503418e+00 6.996477395296096802e-02
-1.063134288787841797e+01 6.920326709747314453e+00 1.350590586662292480e-01
-7.561736106872558594e+00 4.542034149169921875e+00 1.077688205987215042e-02
-2.820110559463500977e+00 2.010312318801879883e+00 7.012673467397689819e-02
-1.042174625396728516e+01 6.875300884246826172e+00 1.329298019409179688e-01
-7.520059585571289062e+00 4.580023765563964844e+00 1.075733453035354614e-02
-7.480754852294921875e+00 4.619250297546386719e+00 1.074145268648862839e-02
-4.142722606658935547e+00 3.266591787338256836e+00 1.565784513950347900e-01
-2.917358875274658203e+00 1.976407408714294434e+00 3.751758858561515808e-02
-7.475155830383300781e+00 4.679390430450439453e+00 1.077443826943635941e-02
-2.941902875900268555e+00 2.017215967178344727e+00 1.675945669412612915e-01
-4.112446784973144531e+00 3.283841371536254883e+00 1.561927795410156250e-01
-7.453902244567871094e+00 4.729990959167480469e+00 1.078543439507484436e-02
-2.883530616760253906e+00 2.003313064575195312e+00 1.649663746356964111e-01
-2.864974975585937500e+00 1.992646574974060059e+00 3.715561330318450928e-02
-7.462585926055908203e+00 4.799981594085693359e+00 1.084041222929954529e-02
-2.855664253234863281e+00 2.010044097900390625e+00 1.640746593475341797e-01
-7.450585365295410156e+00 4.857149124145507812e+00 1.086606830358505249e-02
-7.390606403350830078e+00 4.882929325103759766e+00 1.082208659499883652e-02
-2.900827169418334961e+00 1.942232370376586914e+00 4.265060182660818100e-03
-2.911494016647338867e+00 1.973870873451232910e+00 1.320555359125137329e-01
-4.150866985321044922e+00 3.277642488479614258e+00 1.070930734276771545e-01
-2.901268005371093750e+00 1.968416571617126465e+00 4.283386282622814178e-03
-2.880383253097534180e+00 1.978684306144714355e+00 1.311926692724227905e-01
-4.134581565856933594e+00 3.306171655654907227e+00 1.071942895650863647e-01
-2.894903659820556641e+00 1.990146994590759277e+00 4.291938617825508118e-03
-2.886231899261474609e+00 2.008879661560058594e+00 1.320180147886276245e-01
-2.864585399627685547e+00 1.995298027992248535e+00 4.265060182660818100e-03
-2.867318153381347656e+00 2.021944522857666016e+00 1.317178905010223389e-01
-2.864544391632080078e+00 2.021486043930053711e+00 4.283386282622814178e-03
-2.846392154693603516e+00 2.034953355789184570e+00 4.274833947420120239e-03
-4.169282436370849609e+00 3.255459785461425781e+00 5.631896853446960449e-02
-6.999186038970947266e+00 5.069067955017089844e+00 1.055819261819124222e-02
-4.144522666931152344e+00 3.277259349822998047e+00 5.625509098172187805e-02
-7.121146678924560547e+00 5.224308013916015625e+00 1.079032197594642639e-02
-4.098577976226806641e+00 3.282002210617065430e+00 5.590376257896423340e-02
-7.090561866760253906e+00 5.269096851348876953e+00 1.079276483505964279e-02
-4.083023071289062500e+00 3.310867786407470703e+00 5.596764385700225830e-02
-7.184335231781005859e+00 5.407521247863769531e+00 1.098579820245504379e-02
-7.093760490417480469e+00 5.407850265502929688e+00 1.089783292263746262e-02
-7.089732170104980469e+00 5.473887443542480469e+00 1.094303838908672333e-02
-4.153097152709960938e+00 3.247418880462646484e+00 6.440961733460426331e-03
-4.175211429595947266e+00 3.303822040557861328e+00 1.998840421438217163e-01
-4.127605438232421875e+00 3.268495082855224609e+00 6.432409863919019699e-03
-4.113530635833740234e+00 3.296259641647338867e+00 1.978957056999206543e-01
-4.117614746093750000e+00 3.301892757415771484e+00 6.448292173445224762e-03
-4.100381851196289062e+00 3.329617261886596680e+00 6.453178822994232178e-03
-6.071768760681152344e+00 6.208747863769531250e+00 2.577403485774993896e-01
-7.113132953643798828e+00 5.848838329315185547e+00 1.125091407448053360e-02
-7.124758243560791016e+00 5.932044029235839844e+00 1.132666133344173431e-02
-7.033942222595214844e+00 5.929885864257812500e+00 1.123991888016462326e-02
-6.936577320098876953e+00 5.920995235443115234e+00 1.114218030124902725e-02
-7.060513496398925781e+00 6.102069854736328125e+00 1.140118669718503952e-02
-6.958218097686767578e+00 6.088644504547119141e+00 1.129611767828464508e-02
-6.073817729949951172e+00 6.219388008117675781e+00 1.760253906250000000e-01
-7.077915191650390625e+00 6.270480632781982422e+00 1.155268121510744095e-02
-6.990919589996337891e+00 6.270391464233398438e+00 1.147326920181512833e-02
-7.001914501190185547e+00 6.358209609985351562e+00 1.155512407422065735e-02
-6.960561275482177734e+00 6.399023056030273438e+00 1.155146025121212006e-02
-7.013399600982666016e+00 6.527453899383544922e+00 1.170539762824773788e-02
-6.097982406616210938e+00 6.176445007324218750e+00 9.240995347499847412e-02
-6.882966995239257812e+00 6.485329151153564453e+00 1.155390311032533646e-02
-6.063460826873779297e+00 6.217324733734130859e+00 9.246318042278289795e-02
-6.835807800292968750e+00 6.520537853240966797e+00 1.154168508946895599e-02
-6.006466388702392578e+00 6.234968185424804688e+00 9.217572957277297974e-02
-6.824443817138671875e+00 6.590145111083984375e+00 1.159055437892675400e-02
-6.872547626495361328e+00 6.718576908111572266e+00 1.174204889684915543e-02
-6.890898704528808594e+00 6.819707870483398438e+00 1.184467505663633347e-02
-6.854575157165527344e+00 6.867522716522216797e+00 1.185444835573434830e-02
-6.072312831878662109e+00 6.158905029296875000e+00 1.056674402207136154e-02
-6.046268939971923828e+00 6.208226680755615234e+00 1.058751437813043594e-02
-6.005982398986816406e+00 6.243046760559082031e+00 1.058384869247674942e-02
-3.119485139846801758e+00 4.242783069610595703e+00 7.335501313209533691e-01
-3.145896434783935547e+00 4.330997943878173828e+00 1.149530291557312012e+00
-3.122069120407104492e+00 4.299772739410400391e+00 9.388605356216430664e-01
-3.100374937057495117e+00 4.271462917327880859e+00 7.352057099342346191e-01
-3.075648069381713867e+00 4.290974617004394531e+00 1.340796947479248047e+00
-3.054313421249389648e+00 4.259639263153076172e+00 1.125594854354858398e+00
-3.030226707458496094e+00 4.227604866027832031e+00 9.190253615379333496e-01
-3.063723564147949219e+00 4.275913715362548828e+00 7.327224016189575195e-01
-3.061577081680297852e+00 4.327172279357910156e+00 1.346212387084960938e+00
-3.022471189498901367e+00 4.270319938659667969e+00 1.123495221138000488e+00
-2.982616662979125977e+00 4.215570926666259766e+00 9.124137759208679199e-01
-3.024847269058227539e+00 4.276842117309570312e+00 7.296871542930603027e-01
-3.046067237854003906e+00 4.361769199371337891e+00 1.351135492324829102e+00
-3.002931356430053711e+00 4.298402786254882812e+00 1.126014828681945801e+00
-2.953875064849853516e+00 4.229755878448486328e+00 9.115437865257263184e-01
-2.990610837936401367e+00 4.283951759338378906e+00 7.277556657791137695e-01
-2.998273849487304688e+00 4.298124790191650391e+00 5.369380712509155273e-01
-3.041320562362670898e+00 4.363078594207763672e+00 3.504552245140075684e-01
-3.021996974945068359e+00 4.384367942810058594e+00 1.352366328239440918e+00
-2.978165149688720703e+00 4.319162368774414062e+00 1.126644611358642578e+00
-2.954691171646118164e+00 4.286719322204589844e+00 9.198953509330749512e-01
-2.960335254669189453e+00 4.296512126922607422e+00 7.267899513244628906e-01
-2.971280574798583984e+00 4.315621376037597656e+00 5.368361473083496094e-01
-2.993565797805786133e+00 4.351240634918212891e+00 3.480224013328552246e-01
-3.017800569534301758e+00 4.388106822967529297e+00 1.580617576837539673e-01
-2.952540874481201172e+00 4.341984272003173828e+00 1.547370195388793945e+00
-2.975412607192993164e+00 4.373977661132812500e+00 1.343504667282104492e+00
-2.921904087066650391e+00 4.293706417083740234e+00 1.115306854248046875e+00
-2.912270545959472656e+00 4.281156063079833984e+00 9.148496389389038086e-01
-3.156318902969360352e+00 4.294352531433105469e+00 8.880317807197570801e-01
-2.916094779968261719e+00 4.288386821746826172e+00 7.223750948905944824e-01
-3.123095273971557617e+00 4.252259254455566406e+00 6.833509802818298340e-01
-2.936358213424682617e+00 4.321429729461669922e+00 5.353072881698608398e-01
-2.967371225357055664e+00 4.370352268218994141e+00 3.480881452560424805e-01
-2.988012552261352539e+00 4.402406215667724609e+00 1.579134315252304077e-01
-2.907670259475708008e+00 4.332938194274902344e+00 1.537759065628051758e+00
-2.927989959716796875e+00 4.361572742462158203e+00 1.334150910377502441e+00
-2.890597820281982422e+00 4.304249286651611328e+00 1.113417267799377441e+00
-3.166029930114746094e+00 4.360216617584228516e+00 1.102167129516601562e+00
-2.874420881271362305e+00 4.281775474548339844e+00 9.111958146095275879e-01
-3.117165327072143555e+00 4.296073913574218750e+00 8.844158053398132324e-01
-2.891934394836425781e+00 4.309488773345947266e+00 7.229269742965698242e-01
-3.092869997024536133e+00 4.265722274780273438e+00 6.824518442153930664e-01
-2.909787178039550781e+00 4.339365482330322266e+00 5.353072881698608398e-01
-2.947164773941040039e+00 4.398425102233886719e+00 3.488771617412567139e-01
-2.958718538284301758e+00 4.417335033416748047e+00 1.577947586774826050e-01
-2.864082098007202148e+00 4.325105667114257812e+00 1.528713583946228027e+00
-2.888861656188964844e+00 4.360872268676757812e+00 1.328489422798156738e+00
-3.091175794601440430e+00 4.309360980987548828e+00 1.289885997772216797e+00
-2.859812021255493164e+00 4.315384387969970703e+00 1.111737489700317383e+00
-3.038761615753173828e+00 4.239414691925048828e+00 1.066897749900817871e+00
-2.840480327606201172e+00 4.287837982177734375e+00 9.087598323822021484e-01
-3.064899444580078125e+00 4.279033660888671875e+00 8.770197629928588867e-01
-2.894419908523559570e+00 4.370919227600097656e+00 7.302390336990356445e-01
-2.880910634994506836e+00 4.353819370269775391e+00 5.348995327949523926e-01
-2.889852285385131836e+00 4.370646953582763672e+00 3.452608585357666016e-01
-2.933211803436279297e+00 4.437907695770263672e+00 1.578837484121322632e-01
-2.836964845657348633e+00 4.341794490814208984e+00 1.528430819511413574e+00
-2.862579822540283203e+00 4.379326820373535156e+00 1.328735589981079102e+00
-3.048392534255981445e+00 4.305249691009521484e+00 1.283032417297363281e+00
-2.831139326095581055e+00 4.329577445983886719e+00 1.110897660255432129e+00
-3.010428190231323242e+00 4.254781246185302734e+00 1.066096067428588867e+00
-2.815194845199584961e+00 4.306835174560546875e+00 9.091079235076904297e-01
-2.984488248825073242e+00 4.221242904663085938e+00 8.614056110382080078e-01
-2.832873106002807617e+00 4.335532188415527344e+00 7.214093804359436035e-01
-2.995083570480346680e+00 4.239367961883544922e+00 6.723043322563171387e-01
-2.801435232162475586e+00 4.345414638519287109e+00 1.523625373840332031e+00
-2.830401897430419922e+00 4.388664245605468750e+00 1.326274037361145020e+00
-3.029711246490478516e+00 4.335023403167724609e+00 1.286341071128845215e+00
-2.811410903930664062e+00 4.357547760009765625e+00 1.113627195358276367e+00
-2.980899095535278320e+00 4.268353462219238281e+00 1.064893722534179688e+00
-2.789783000946044922e+00 4.325682640075683594e+00 9.094558358192443848e-01
-2.939337968826293945e+00 4.211973190307617188e+00 8.558173775672912598e-01
-2.792801141738891602e+00 4.332022190093994141e+00 7.179603576660156250e-01
-2.970716953277587891e+00 4.260106086730957031e+00 6.726897358894348145e-01
-2.789015531539916992e+00 4.329468250274658203e+00 5.276629328727722168e-01
-3.011922836303710938e+00 4.322412014007568359e+00 4.896523058414459229e-01
-3.052246093750000000e+00 4.383541107177734375e+00 3.014419078826904297e-01
-3.069219112396240234e+00 4.411200046539306641e+00 1.088138520717620850e-01
-2.830831527709960938e+00 4.450743675231933594e+00 1.554437041282653809e+00
-2.800818681716918945e+00 4.401859760284423828e+00 1.325043320655822754e+00
-3.000848054885864258e+00 4.350332260131835938e+00 1.285395741462707520e+00
-2.781470537185668945e+00 4.369767665863037109e+00 1.112367391586303711e+00
-2.964661121368408203e+00 4.301083087921142578e+00 1.068500876426696777e+00
-2.763717174530029297e+00 4.343549728393554688e+00 9.096298217773437500e-01
-2.945331573486328125e+00 4.276233673095703125e+00 8.651859164237976074e-01
-2.753410577774047852e+00 4.329019546508789062e+00 7.146492004394531250e-01
-2.946770191192626953e+00 4.281521320343017578e+00 6.732034683227539062e-01
-2.743722438812255859e+00 4.317114353179931641e+00 5.240955948829650879e-01
-2.970674514770507812e+00 4.319480895996093750e+00 4.872461557388305664e-01
-2.775747537612915039e+00 4.370874404907226562e+00 3.411842584609985352e-01
-3.019071340560913086e+00 4.393135547637939453e+00 3.008221089839935303e-01
-3.016625881195068359e+00 4.392861366271972656e+00 1.079028546810150146e-01
-2.775429248809814453e+00 4.423341274261474609e+00 1.538889884948730469e+00
-2.770664930343627930e+00 4.414036750793457031e+00 1.323566317558288574e+00
-2.945664405822753906e+00 4.326896190643310547e+00 1.273106575012207031e+00
-2.767084121704101562e+00 4.406623840332031250e+00 1.117406368255615234e+00
-2.928846359252929688e+00 4.305422306060791016e+00 1.065094113349914551e+00
-2.737013816833496094e+00 4.360425949096679688e+00 9.096298217773437500e-01
-2.911828756332397461e+00 4.283620357513427734e+00 8.630492091178894043e-01
-2.723111391067504883e+00 4.339960098266601562e+00 7.136834263801574707e-01
-2.908185005187988281e+00 4.281474113464355469e+00 6.703776121139526367e-01
-2.714539289474487305e+00 4.329654216766357422e+00 5.235859155654907227e-01
-2.940200328826904297e+00 4.331860065460205078e+00 4.865983426570892334e-01
-2.735632419586181641e+00 4.366683483123779297e+00 3.395404517650604248e-01
-2.965719223022460938e+00 4.372741699218750000e+00 2.981739342212677002e-01
-2.770364999771118164e+00 4.423840522766113281e+00 1.549171358346939087e-01
-2.975592374801635742e+00 4.390597343444824219e+00 1.073967441916465759e-01
-2.923543691635131836e+00 4.348283767700195312e+00 1.484667301177978516e+00
-2.743528604507446289e+00 4.430953979492187500e+00 1.323566317558288574e+00
-2.909847974777221680e+00 4.331177711486816406e+00 1.269088983535766602e+00
-2.778091907501220703e+00 4.485026836395263672e+00 1.132943511009216309e+00
-2.887083530426025391e+00 4.300536632537841797e+00 1.059483170509338379e+00
-3.130916118621826172e+00 4.313342094421386719e+00 1.037953495979309082e+00
-2.701394319534301758e+00 4.362905025482177734e+00 9.066720008850097656e-01
-2.864608526229858398e+00 4.270278453826904297e+00 8.568035364151000977e-01
-3.095280408859252930e+00 4.265814304351806641e+00 8.272197246551513672e-01
-2.696951866149902344e+00 4.357429027557373047e+00 7.138214111328125000e-01
-2.889590024948120117e+00 4.310770511627197266e+00 6.721758842468261719e-01
-3.054650783538818359e+00 4.217557907104492188e+00 6.255735754966735840e-01
-2.687921762466430664e+00 4.346228599548339844e+00 5.235859155654907227e-01
-2.919660329818725586e+00 4.358919143676757812e+00 4.876163005828857422e-01
-2.703541994094848633e+00 4.374898433685302734e+00 3.388829529285430908e-01
-2.941054105758666992e+00 4.394175529479980469e+00 2.983993291854858398e-01
-2.741067409515380859e+00 4.437354564666748047e+00 1.547984778881072998e-01
-2.951375246047973633e+00 4.412928104400634766e+00 1.074979677796363831e-01
-2.890957117080688477e+00 4.357321739196777344e+00 1.481668710708618164e+00
-2.718309879302978516e+00 4.451013088226318359e+00 1.324550867080688477e+00
-2.882143497467041016e+00 4.347331047058105469e+00 1.268616318702697754e+00
-3.103025913238525391e+00 4.324187755584716797e+00 1.240507364273071289e+00
-2.733698844909667969e+00 4.474455833435058594e+00 1.126014828681945801e+00
-2.848738193511962891e+00 4.300201892852783203e+00 1.055074453353881836e+00
-3.067229747772216797e+00 4.280610084533691406e+00 1.025528550148010254e+00
-2.718713283538818359e+00 4.451673984527587891e+00 9.216353297233581543e-01
-2.830185651779174805e+00 4.275437355041503906e+00 8.543381690979003906e-01
-3.073649883270263672e+00 4.291151523590087891e+00 8.284602165222167969e-01
-2.674808979034423828e+00 4.381503105163574219e+00 7.150630354881286621e-01
-2.904119253158569336e+00 4.390454769134521484e+00 6.818096041679382324e-01
-2.987138509750366211e+00 4.178069591522216797e+00 6.169860959053039551e-01
-2.652914762496948242e+00 4.349051475524902344e+00 5.219551920890808105e-01
-2.899996995925903320e+00 4.387550354003906250e+00 4.888193905353546143e-01
-2.679763317108154297e+00 4.396517276763916016e+00 3.392774760723114014e-01
-2.890376567840576172e+00 4.376315116882324219e+00 2.959765195846557617e-01
-2.709627866744995117e+00 4.447260856628417969e+00 1.545611321926116943e-01
-2.935256481170654297e+00 4.447643280029296875e+00 1.079028546810150146e-01
-2.863639831542968750e+00 4.374173641204833984e+00 1.481396079063415527e+00
-2.689947605133056641e+00 4.465948104858398438e+00 1.324058651924133301e+00
-2.846903800964355469e+00 4.351923465728759766e+00 1.264835119247436523e+00
-3.034777641296386719e+00 4.284336566925048828e+00 1.223710060119628906e+00
-2.706192731857299805e+00 4.491145133972167969e+00 1.126014828681945801e+00
-2.814794301986694336e+00 4.306119918823242188e+00 1.052268981933593750e+00
-3.015400409698486328e+00 4.263287544250488281e+00 1.016926765441894531e+00
-2.695411682128906250e+00 4.475019931793212891e+00 9.230272173881530762e-01
-2.813608169555664062e+00 4.307587146759033203e+00 8.572965860366821289e-01
-2.966845750808715820e+00 4.196192741394042969e+00 8.065973520278930664e-01
-2.665244340896606445e+00 4.426682949066162109e+00 7.197538614273071289e-01
-2.851107597351074219e+00 4.368328571319580078e+00 6.756440401077270508e-01
-2.653764486312866211e+00 4.414587497711181641e+00 3.394089639186859131e-01
-2.691556215286254883e+00 4.479225158691406250e+00 1.550951302051544189e-01
-2.843532800674438477e+00 4.402168273925781250e+00 1.484939932823181152e+00
-2.663979530334472656e+00 4.484869480133056641e+00 1.324797153472900391e+00
-2.806973934173583984e+00 4.348899841308593750e+00 1.258926868438720703e+00
-3.024057626724243164e+00 4.325225353240966797e+00 1.230065703392028809e+00
-2.681081771850585938e+00 4.511868000030517578e+00 1.127064585685729980e+00
-2.785664558410644531e+00 4.319193363189697266e+00 1.051267027854919434e+00
-2.979070663452148438e+00 4.267222404479980469e+00 1.013486027717590332e+00
-2.657844781875610352e+00 4.474541664123535156e+00 9.195473790168762207e-01
-2.785521268844604492e+00 4.322283267974853516e+00 8.568035364151000977e-01
-2.934823751449584961e+00 4.205406665802001953e+00 8.048918247222900391e-01
-2.641066312789916992e+00 4.448062419891357422e+00 7.205815911293029785e-01
-2.780759096145629883e+00 4.318203449249267578e+00 6.652396321296691895e-01
-2.973664283752441406e+00 4.268995761871337891e+00 6.249771714210510254e-01
-2.803910493850708008e+00 4.357495307922363281e+00 4.816009700298309326e-01
-3.013916969299316406e+00 4.330004692077636719e+00 4.402282536029815674e-01
-3.033803224563598633e+00 4.361821174621582031e+00 2.496319115161895752e-01
-2.660964012145996094e+00 4.490496158599853516e+00 1.549171358346939087e-01
-2.828877687454223633e+00 4.439005851745605469e+00 1.491482734680175781e+00
-3.024178028106689453e+00 4.377509593963623047e+00 1.451545834541320801e+00
-2.779714822769165039e+00 4.365221977233886719e+00 1.258690476417541504e+00
-2.992483615875244141e+00 4.336485385894775391e+00 1.228022813796997070e+00
-2.643461227416992188e+00 4.511362552642822266e+00 1.122865319252014160e+00
-2.779621839523315430e+00 4.368440628051757812e+00 1.059082388877868652e+00
-2.951160669326782227e+00 4.282996654510498047e+00 1.012912511825561523e+00
-2.617399215698242188e+00 4.468672752380371094e+00 9.150236248970031738e-01
-2.754184722900390625e+00 4.331801891326904297e+00 8.553243279457092285e-01
-2.947070598602294922e+00 4.278658866882324219e+00 8.154355287551879883e-01
-2.589203119277954102e+00 4.422303199768066406e+00 7.138214111328125000e-01
-2.741979360580444336e+00 4.315931797027587891e+00 6.622852683067321777e-01
-2.947414159774780273e+00 4.287161827087402344e+00 6.249771714210510254e-01
-2.738163948059082031e+00 4.313251972198486328e+00 4.748451709747314453e-01
-2.972056388854980469e+00 4.326239109039306641e+00 4.379830360412597656e-01
-2.793288946151733398e+00 4.403482913970947266e+00 2.942861616611480713e-01
-2.998502731323242188e+00 4.368001461029052734e+00 2.489279359579086304e-01
-3.031017780303955078e+00 4.420325279235839844e+00 5.706420913338661194e-02
-3.002695798873901367e+00 4.403954029083251953e+00 1.454177856445312500e+00
-2.764766216278076172e+00 4.401120185852050781e+00 1.264126181602478027e+00
-2.950469255447387695e+00 4.332226753234863281e+00 1.221667170524597168e+00
-2.570243597030639648e+00 4.448765754699707031e+00 1.103339076042175293e+00
-2.762661695480346680e+00 4.401179790496826172e+00 1.062889814376831055e+00
-2.911578178405761719e+00 4.281544208526611328e+00 1.008324861526489258e+00
-2.732270479202270508e+00 4.356140136718750000e+00 8.568035364151000977e-01
-2.914652585983276367e+00 4.287673950195312500e+00 8.137299418449401855e-01
-3.112765550613403320e+00 4.242655754089355469e+00 7.760972976684570312e-01
-2.702279090881347656e+00 4.311666965484619141e+00 6.590740084648132324e-01
-2.906559467315673828e+00 4.283804416656494141e+00 6.218761205673217773e-01
-2.710061550140380859e+00 4.327440261840820312e+00 4.745675623416900635e-01
-2.937066793441772461e+00 4.332021236419677734e+00 4.367356896400451660e-01
-2.748209953308105469e+00 4.391763210296630859e+00 2.923704683780670166e-01
-2.977247238159179688e+00 4.394587039947509766e+00 2.493972480297088623e-01
-2.796068429946899414e+00 4.471713542938232422e+00 1.067894026637077332e-01
-2.984783887863159180e+00 4.410683631896972656e+00 5.670223385095596313e-02
-2.961075544357299805e+00 4.400684356689453125e+00 1.447071433067321777e+00
-2.744363069534301758e+00 4.428739070892333984e+00 1.267198443412780762e+00
-2.901014566421508789e+00 4.316300392150878906e+00 1.212133407592773438e+00
-2.759329557418823242e+00 4.456365108489990234e+00 1.072108030319213867e+00
-2.878688812255859375e+00 4.289548397064208984e+00 1.006031155586242676e+00
-3.132752418518066406e+00 4.318943500518798828e+00 9.869475960731506348e-01
-2.694591522216796875e+00 4.355207920074462891e+00 8.533520102500915527e-01
-2.869576692581176758e+00 4.277583599090576172e+00 8.084580302238464355e-01
-3.094798803329467773e+00 4.272892475128173828e+00 7.781400084495544434e-01
-2.683594942092895508e+00 4.340819835662841797e+00 6.610007882118225098e-01
-2.887953281402587891e+00 4.313107967376708984e+00 6.235459446907043457e-01
-2.681888103485107422e+00 4.341446399688720703e+00 4.742899537086486816e-01
-2.923176050186157227e+00 4.369010925292968750e+00 4.386482834815979004e-01
-2.719637632369995117e+00 4.405994415283203125e+00 2.922014594078063965e-01
-2.957998991012573242e+00 4.424398422241210938e+00 2.500542998313903809e-01
-2.763329505920410156e+00 4.480276584625244141e+00 1.065869629383087158e-01
-2.964328289031982422e+00 4.438893318176269531e+00 5.682999268174171448e-02
-2.914806365966796875e+00 4.389836788177490234e+00 1.437596321105957031e+00
-3.103150367736816406e+00 4.317894458770751953e+00 1.397945523262023926e+00
-2.715110063552856445e+00 4.442178249359130859e+00 1.266252994537353516e+00
-2.872860670089721680e+00 4.331584930419921875e+00 1.211452484130859375e+00
-3.100220203399658203e+00 4.321770668029785156e+00 1.188880681991577148e+00
-2.724274158477783203e+00 4.460669994354248047e+00 1.069102048873901367e+00
-2.836597681045532227e+00 4.283397674560546875e+00 1.000487685203552246e+00
-3.059823274612426758e+00 4.273324966430664062e+00 9.722143411636352539e-01
-2.688371181488037109e+00 4.405339241027832031e+00 8.599264025688171387e-01
-2.824190139770507812e+00 4.266279220581054688e+00 8.030311465263366699e-01
-3.069097995758056641e+00 4.292605876922607422e+00 7.782859206199645996e-01
-2.666203022003173828e+00 4.372445106506347656e+00 6.633128523826599121e-01
-2.868002176284790039e+00 4.340687751770019531e+00 6.249771714210510254e-01
-2.655716896057128906e+00 4.358670711517333984e+00 4.743824899196624756e-01
-2.903451204299926758e+00 4.397675991058349609e+00 4.397293031215667725e-01
-2.694109201431274414e+00 4.425157070159912109e+00 2.923704683780670166e-01
-2.922544717788696289e+00 4.429957866668701172e+00 2.493503093719482422e-01
-2.721237897872924805e+00 4.473231315612792969e+00 1.060201227664947510e-01
-2.938136100769042969e+00 4.458668708801269531e+00 5.685128271579742432e-02
-2.876713037490844727e+00 4.390693187713623047e+00 1.432069182395935059e+00
-3.081634283065795898e+00 4.343953132629394531e+00 1.400233983993530273e+00
-2.692317008972167969e+00 4.466243743896484375e+00 1.268379926681518555e+00
-2.844628572463989258e+00 4.346685886383056641e+00 1.210771441459655762e+00
-3.053340911865234375e+00 4.312038898468017578e+00 1.181027531623840332e+00
-2.697358369827270508e+00 4.478141307830810547e+00 1.069302439689636230e+00
-2.813483476638793945e+00 4.305652141571044922e+00 1.001634597778320312e+00
-2.984168529510498047e+00 4.222158908843994141e+00 9.563897252082824707e-01
-2.695878267288208008e+00 4.479221343994140625e+00 8.711027503013610840e-01
-2.792016744613647461e+00 4.274429321289062500e+00 8.013255000114440918e-01
-3.000489234924316406e+00 4.251544475555419922e+00 7.674885392189025879e-01
-2.661812305450439453e+00 4.426116466522216797e+00 6.689646840095520020e-01
-2.662280797958374023e+00 4.433901309967041016e+00 2.918633818626403809e-01
-2.702997684478759766e+00 4.505275726318359375e+00 1.063845157623291016e-01
-2.854431867599487305e+00 4.415553092956542969e+00 1.434437870979309082e+00
-3.061578989028930664e+00 4.372286319732666016e+00 1.403285026550292969e+00
-2.674295902252197266e+00 4.498548507690429688e+00 1.272870302200317383e+00
-2.808923482894897461e+00 4.350150108337402344e+00 1.206912755966186523e+00
-3.022911787033081055e+00 4.325093269348144531e+00 1.179500579833984375e+00
-2.671831607818603516e+00 4.497976779937744141e+00 1.070104002952575684e+00
-2.784883737564086914e+00 4.319534301757812500e+00 1.000869989395141602e+00
-2.951454401016235352e+00 4.230711936950683594e+00 9.542070031166076660e-01
-2.642667055130004883e+00 4.452417850494384766e+00 8.627204298973083496e-01
-2.766271829605102539e+00 4.292310714721679688e+00 8.014805316925048828e-01
-2.984524011611938477e+00 4.284486770629882812e+00 7.701149582862854004e-01
-2.624486684799194336e+00 4.425305843353271484e+00 6.663956642150878906e-01
-2.787663221359252930e+00 4.333804130554199219e+00 6.190136075019836426e-01
-2.973004579544067383e+00 4.272717952728271484e+00 5.755871534347534180e-01
-2.652903079986572266e+00 4.483915805816650391e+00 1.054937690496444702e-01
-2.830916166305541992e+00 4.438678264617919922e+00 1.436280250549316406e+00
-3.040741920471191406e+00 4.399741172790527344e+00 1.406082034111022949e+00
-2.643694639205932617e+00 4.509843349456787109e+00 1.271452307701110840e+00
-2.778515815734863281e+00 4.361553668975830078e+00 1.205323815345764160e+00
-2.999087333679199219e+00 4.347577095031738281e+00 1.180591225624084473e+00
-2.635764360427856445e+00 4.499915122985839844e+00 1.066697359085083008e+00
-2.757273674011230469e+00 4.334884643554687500e+00 1.000487685203552246e+00
-2.952206850051879883e+00 4.287617683410644531e+00 9.629378318786621094e-01
-2.602343320846557617e+00 4.446414947509765625e+00 8.584471344947814941e-01
-2.738822460174560547e+00 4.307536125183105469e+00 8.011704683303833008e-01
-2.944166898727416992e+00 4.282338142395019531e+00 7.664672136306762695e-01
-2.601289033889770508e+00 4.448174953460693359e+00 6.674232482910156250e-01
-2.751975297927856445e+00 4.336575984954833984e+00 6.169860959053039551e-01
-2.955171585083007812e+00 4.303169250488281250e+00 5.772357583045959473e-01
-2.751569032669067383e+00 4.339282989501953125e+00 4.287527203559875488e-01
-2.978619337081909180e+00 4.342183113098144531e+00 3.894548118114471436e-01
-3.020783424377441406e+00 4.408596038818359375e+00 2.006343603134155273e-01
-2.979562759399414062e+00 4.351694107055664062e+00 6.443405058234930038e-03
-2.802600145339965820e+00 4.454331874847412109e+00 1.435753941535949707e+00
-3.014233350753784180e+00 4.419115066528320312e+00 1.406336307525634766e+00
-2.756365299224853516e+00 4.385941028594970703e+00 1.207366704940795898e+00
-2.956976652145385742e+00 4.343309402465820312e+00 1.174483299255371094e+00
-2.593404769897460938e+00 4.490550994873046875e+00 1.060685515403747559e+00
-2.736362457275390625e+00 4.360867023468017578e+00 1.002590417861938477e+00
-2.918658018112182617e+00 4.295078277587890625e+00 9.605732560157775879e-01
-2.576983928680419922e+00 4.465716838836669922e+00 8.591045737266540527e-01
-2.716015100479125977e+00 4.330118656158447266e+00 8.022558689117431641e-01
-2.911725521087646484e+00 4.291317462921142578e+00 7.648621797561645508e-01
-2.714251279830932617e+00 4.335707664489746094e+00 6.144813895225524902e-01
-2.928712368011474609e+00 4.321220874786376953e+00 5.772357583045959473e-01
-2.686840534210205078e+00 4.295254707336425781e+00 4.227654635906219482e-01
-2.957511186599731445e+00 4.368636131286621094e+00 3.901924490928649902e-01
-2.766885995864868164e+00 4.426653861999511719e+00 2.452672272920608521e-01
-2.990317583084106445e+00 4.422081470489501953e+00 2.004092782735824585e-01
-2.795527219772338867e+00 4.477690696716308594e+00 5.620186030864715576e-02
-2.963442802429199219e+00 4.385637283325195312e+00 6.466618273407220840e-03
-2.721797704696655273e+00 4.385376453399658203e+00 1.408117890357971191e+00
-2.962218761444091797e+00 4.400620937347412109e+00 1.394640088081359863e+00
-2.734533309936523438e+00 4.411048889160156250e+00 1.209636569023132324e+00
-2.900881290435791016e+00 4.317627906799316406e+00 1.162703514099121094e+00
-2.730733394622802734e+00 4.411794185638427734e+00 1.010427594184875488e+00
-2.879652738571166992e+00 4.294122219085693359e+00 9.563897252082824707e-01
-2.693033218383789062e+00 4.352582931518554688e+00 8.033412098884582520e-01
-2.868826866149902344e+00 4.284441947937011719e+00 7.604848742485046387e-01
-2.689683437347412109e+00 4.355659008026123047e+00 6.149584650993347168e-01
-2.905458211898803711e+00 4.344067096710205078e+00 5.778951644897460938e-01
-2.663574457168579102e+00 4.316748619079589844e+00 4.232644140720367432e-01
-2.934527873992919922e+00 4.392505645751953125e+00 3.907087743282318115e-01
-2.728663682937622070e+00 4.425692081451416016e+00 2.442816495895385742e-01
-2.957026243209838867e+00 4.431203365325927734e+00 1.999966055154800415e-01
-2.758561849594116211e+00 4.479433059692382812e+00 5.601022392511367798e-02
-2.937586784362792969e+00 4.405402183532714844e+00 6.469061132520437241e-03
-2.740171909332275391e+00 4.476046562194824219e+00 1.431805849075317383e+00
-2.906799793243408203e+00 4.376017093658447266e+00 1.381164073944091797e+00
-2.709448099136352539e+00 4.431067943572998047e+00 1.210544466972351074e+00
-2.873795032501220703e+00 4.334532737731933594e+00 1.162485480308532715e+00
-2.732254028320312500e+00 4.475382328033447266e+00 1.021132111549377441e+00
-2.849451780319213867e+00 4.305970668792724609e+00 9.551165103912353516e-01
-2.660614728927612305e+00 4.359748840332031250e+00 8.016356229782104492e-01
-2.845211029052734375e+00 4.306091308593750000e+00 7.612144351005554199e-01
-2.659808158874511719e+00 4.366992950439453125e+00 6.142428517341613770e-01
-2.875463724136352539e+00 4.356835365295410156e+00 5.772357583045959473e-01
-2.669676542282104492e+00 4.386641502380371094e+00 4.285032451152801514e-01
-2.909716129302978516e+00 4.413759231567382812e+00 3.910037875175476074e-01
-2.692114353179931641e+00 4.426989078521728516e+00 2.434368729591369629e-01
-2.918789863586425781e+00 4.432571887969970703e+00 1.992462873458862305e-01
-2.725833654403686523e+00 4.487729072570800781e+00 5.590376257896423340e-02
-2.923142910003662109e+00 4.442557811737060547e+00 6.497161462903022766e-03
-2.872471809387207031e+00 4.382446765899658203e+00 1.377604365348815918e+00
-2.688746929168701172e+00 4.458451271057128906e+00 1.213495373725891113e+00
-2.849815845489501953e+00 4.356167793273925781e+00 1.163576126098632812e+00
-2.693603038787841797e+00 4.473562717437744141e+00 1.016926765441894531e+00
-2.816525936126708984e+00 4.313493251800537109e+00 9.529337882995605469e-01
-2.683738946914672852e+00 4.458941459655761719e+00 8.168310523033142090e-01
-2.811171293258666992e+00 4.311865329742431641e+00 7.591716647148132324e-01
-2.661817550659179688e+00 4.438283920288085938e+00 2.431552708148956299e-01
-2.700815200805664062e+00 4.508658409118652344e+00 5.595699325203895569e-02
-2.859182834625244141e+00 4.421103954315185547e+00 1.384215235710144043e+00
-2.673785209655761719e+00 4.495791435241699219e+00 1.219170212745666504e+00
-2.820916414260864258e+00 4.370292186737060547e+00 1.162703514099121094e+00
-2.667606592178344727e+00 4.492538452148437500e+00 1.017500281333923340e+00
-2.787343025207519531e+00 4.326560497283935547e+00 9.520242810249328613e-01
-2.644731521606445312e+00 4.455785274505615234e+00 8.132647871971130371e-01
-2.775027751922607422e+00 4.314057350158691406e+00 7.565453052520751953e-01
-2.802439928054809570e+00 4.361689567565917969e+00 5.732790231704711914e-01
-2.657333850860595703e+00 4.498456478118896484e+00 5.562695860862731934e-02
-2.828360080718994141e+00 4.432857036590576172e+00 1.382435441017150879e+00
-2.640237092971801758e+00 4.502031803131103516e+00 1.216446280479431152e+00
-2.792999029159545898e+00 4.385872364044189453e+00 1.162267208099365234e+00
-2.641478538513183594e+00 4.511363029479980469e+00 1.018073678016662598e+00
-2.763908147811889648e+00 4.348561286926269531e+00 9.531156420707702637e-01
-2.609856128692626953e+00 4.459139823913574219e+00 8.109388947486877441e-01
-2.746914625167846680e+00 4.328496932983398438e+00 7.561075091361999512e-01
-2.745824813842773438e+00 4.331791877746582031e+00 5.671242475509643555e-01
-2.761295318603515625e+00 4.361246109008789062e+00 3.817837238311767578e-01
-2.804198503494262695e+00 4.455039024353027344e+00 1.383961081504821777e+00
-2.770188808441162109e+00 4.409538745880126953e+00 1.164012432098388672e+00
-2.598043441772460938e+00 4.500283241271972656e+00 1.011956810951232910e+00
-2.735606670379638672e+00 4.362939357757568359e+00 9.525700211524963379e-01
-2.581458806991577148e+00 4.473358631134033203e+00 8.106288313865661621e-01
-2.721878767013549805e+00 4.347785949707031250e+00 7.565453052520751953e-01
-2.712870121002197266e+00 4.338445186614990234e+00 5.658053159713745117e-01
-2.710709810256958008e+00 4.340043544769287109e+00 3.784645199775695801e-01
-2.767344713211059570e+00 4.435888290405273438e+00 1.962825357913970947e-01
-2.751812219619750977e+00 4.431901454925537109e+00 1.371502041816711426e+00
-2.757474184036254883e+00 4.449680328369140625e+00 1.170120358467102051e+00
-2.705681324005126953e+00 4.374624729156494141e+00 9.514786601066589355e-01
-2.695150136947631836e+00 4.364405632019042969e+00 7.565453052520751953e-01
-2.688286066055297852e+00 4.358393192291259766e+00 5.662449598312377930e-01
-2.688213586807250977e+00 4.363387584686279297e+00 3.790546357631683350e-01
-2.741122007369995117e+00 4.454486846923828125e+00 1.963575631380081177e-01
-2.755636930465698242e+00 4.481578826904296875e+00 6.427522748708724976e-03
-2.733153581619262695e+00 4.462723731994628906e+00 1.375824570655822754e+00
-2.726047754287719727e+00 4.459854602813720703e+00 1.168375253677368164e+00
-2.707977771759033203e+00 4.438992500305175781e+00 9.618464708328247070e-01
-2.672436714172363281e+00 4.387619495391845703e+00 7.577126026153564453e-01
-2.653743743896484375e+00 4.362068653106689453e+00 5.645962953567504883e-01
-2.671747446060180664e+00 4.396845340728759766e+00 3.805298209190368652e-01
-2.704405307769775391e+00 4.455845355987548828e+00 1.956822723150253296e-01
-2.720308303833007812e+00 4.485577106475830078e+00 6.409196648746728897e-03
-2.695218563079833984e+00 4.462025642395019531e+00 1.370485067367553711e+00
-2.698127269744873047e+00 4.475661277770996094e+00 1.168157100677490234e+00
-2.693362951278686523e+00 4.476589202880859375e+00 9.663937687873840332e-01
-2.660237789154052734e+00 4.428528308868408203e+00 7.619439363479614258e-01
-2.672394990921020508e+00 4.464638710021972656e+00 1.953446418046951294e-01
-2.706593036651611328e+00 4.525355815887451172e+00 6.442183628678321838e-03
-2.655910491943359375e+00 4.458537578582763672e+00 1.364382624626159668e+00
-2.681087493896484375e+00 4.509748935699462891e+00 1.172738194465637207e+00
-2.664841175079345703e+00 4.491339683532714844e+00 9.660300612449645996e-01
-2.657721519470214844e+00 4.486474990844726562e+00 7.690935730934143066e-01
-2.678775072097778320e+00 4.541877746582031250e+00 6.442183628678321838e-03
-2.645962238311767578e+00 4.513485908508300781e+00 1.169465899467468262e+00
-2.632266759872436523e+00 4.499118804931640625e+00 9.642110466957092285e-01
-2.613177537918090820e+00 4.473653793334960938e+00 7.641326785087585449e-01
-2.596241235733032227e+00 4.491615295410156250e+00 1.159649610519409180e+00
-2.586922883987426758e+00 4.484522342681884766e+00 9.576629996299743652e-01
-2.585184574127197266e+00 4.488746166229248047e+00 7.639867067337036133e-01
-9.845702350139617920e-02 6.908766627311706543e-01 1.413061656057834625e-02
-5.585422739386558533e-02 7.527760267257690430e-01 1.528455037623643875e-02
-7.363730669021606445e-02 7.051252722740173340e-01 7.548232562839984894e-03
-1.428573951125144958e-02 7.315384149551391602e-01 2.171569131314754486e-02
-5.718413367867469788e-02 7.176846265792846680e-01 7.665341719985008240e-03
-2.647891081869602203e-02 7.137211561203002930e-01 3.355646133422851562e-02
-1.776802353560924530e-02 7.159894704818725586e-01 3.365032374858856201e-02
-3.532694280147552490e-02 7.612829804420471191e-01 2.003603428602218628e-01
