-2.395270206034183502e-02 -6.032445907592773438e+00 1.532058238983154297e+00
-4.233168810606002808e-02 -7.080225348472595215e-01 7.267214357852935791e-02
-1.769793033599853516e-02 -7.446046471595764160e-01 4.203283414244651794e-02
-3.013790585100650787e-02 -7.142270207405090332e-01 4.034250602126121521e-02
-3.348926082253456116e-02 -7.871264815330505371e-01 1.595261693000793457e-02
-3.389132767915725708e-02 -7.061402797698974609e-01 6.570650637149810791e-02
-7.488829493522644043e-01 -6.900244712829589844e+00 1.490505099296569824e+00
-7.890903353691101074e-01 -6.877064228057861328e+00 1.486515879631042480e+00
-5.350237339735031128e-02 -6.789599061012268066e-01 6.330034881830215454e-02
-8.282196521759033203e-01 -6.846856594085693359e+00 1.481056928634643555e+00
-8.445033431053161621e-01 -6.630250453948974609e+00 1.697473168373107910e+00
-8.684884905815124512e-01 -6.828067302703857422e+00 1.478117465972900391e+00
-9.081700444221496582e-01 -6.806134700775146484e+00 1.474548101425170898e+00
-7.129067778587341309e-01 -6.955791473388671875e+00 1.430212140083312988e+00
-9.884033799171447754e-01 -6.764153003692626953e+00 1.736119270324707031e+00
-7.508092522621154785e-01 -6.907456874847412109e+00 1.421194314956665039e+00
-1.056149244308471680e+00 -6.922164916992187500e+00 2.063537120819091797e+00
-1.038942098617553711e+00 -6.817367076873779297e+00 1.751380681991577148e+00
-7.906061410903930664e-01 -6.880333900451660156e+00 1.416585206985473633e+00
-5.618027970194816589e-02 -7.083060741424560547e-01 5.929028242826461792e-02
-6.050961092114448547e-02 -7.545347213745117188e-01 8.059254847466945648e-03
-1.053304433822631836e+00 -6.630406379699707031e+00 1.978451609611511230e+00
-1.052955865859985352e+00 -6.635686397552490234e+00 1.706334710121154785e+00
-8.343157172203063965e-02 -6.808155775070190430e-01 3.870852291584014893e-02
-6.333120912313461304e-02 -7.332283854484558105e-01 7.835682481527328491e-03
-1.109270930290222168e+00 -6.723774433135986328e+00 1.730703830718994141e+00
-1.124979615211486816e+00 -6.567812442779541016e+00 1.692304015159606934e+00
-1.197165608406066895e+00 -6.733612060546875000e+00 2.015482187271118164e+00
-6.829838752746582031e-01 -6.734079837799072266e+00 1.846608400344848633e+00
-1.158138990402221680e+00 -6.520705223083496094e+00 1.681965470314025879e+00
-7.182965278625488281e-01 -6.997090816497802734e+00 1.369792699813842773e+00
-1.016124963760375977e+00 -6.988496303558349609e+00 2.001002311706542969e+00
-1.199354887008666992e+00 -6.520148754119873047e+00 1.683688521385192871e+00
-1.322782993316650391e+00 -6.944559574127197266e+00 2.083324432373046875e+00
-1.237889766693115234e+00 -6.505050182342529297e+00 1.681719303131103516e+00
-1.024933338165283203e+00 -6.741736888885498047e+00 1.658559799194335938e+00
-1.046225070953369141e+00 -6.608637809753417969e+00 1.627364397048950195e+00
-1.243774294853210449e+00 -6.295394420623779297e+00 4.228475391864776611e-01
-8.796980977058410645e-02 -7.148128151893615723e-01 3.383805230259895325e-02
-1.213089823722839355e+00 -6.134452819824218750e+00 1.855920404195785522e-01
-1.080600261688232422e+00 -6.564702033996582031e+00 1.618147492408752441e+00
-1.286366820335388184e+00 -6.307198047637939453e+00 4.241625666618347168e-01
-1.295489549636840820e+00 -6.346271038055419922e+00 1.922372728586196899e-01
-1.205450966954231262e-01 -7.228677272796630859e-01 1.483917236328125000e-02
-1.118404626846313477e+00 -6.543581485748291016e+00 1.614602565765380859e+00
-1.329561710357666016e+00 -6.320669174194335938e+00 4.256091415882110596e-01
-1.332551836967468262e+00 -6.329399585723876953e+00 1.919702738523483276e-01
-1.380396008491516113e+00 -6.389645576477050781e+00 1.926439166069030762e+00
-9.704317450523376465e-01 -6.992964267730712891e+00 1.926094770431518555e+00
-1.163112759590148926e+00 -6.562428474426269531e+00 1.620983481407165527e+00
-9.365756511688232422e-01 -6.723138809204101562e+00 1.582129240036010742e+00
-1.376563668251037598e+00 -6.350423812866210938e+00 4.281733930110931396e-01
-1.380899786949157715e+00 -6.365061759948730469e+00 1.933052539825439453e-01
-1.049735248088836670e-01 -7.375247478485107422e-01 7.931499741971492767e-03
-1.418534517288208008e+00 -6.376373767852783203e+00 1.925025701522827148e+00
-9.745838046073913574e-01 -6.695099830627441406e+00 1.576908469200134277e+00
-1.419850707054138184e+00 -6.361335754394531250e+00 4.294884800910949707e-01
-1.422326207160949707e+00 -6.367199420928955078e+00 1.936315894126892090e-01
-1.453565716743469238e+00 -6.349783897399902344e+00 1.919654846191406250e+00
-1.010821223258972168e+00 -6.657219409942626953e+00 1.569417834281921387e+00
-1.463546514511108398e+00 -6.372927188873291016e+00 4.308692514896392822e-01
-1.462263345718383789e+00 -6.362248897552490234e+00 1.937502473592758179e-01
-1.491840481758117676e+00 -6.337944507598876953e+00 1.918806791305541992e+00
-1.041763424873352051e+00 -6.588365554809570312e+00 1.554663300514221191e+00
-8.409614562988281250e-01 -6.964299201965332031e+00 1.568013668060302734e+00
-1.508584380149841309e+00 -6.389076232910156250e+00 4.325787723064422607e-01
-1.250437021255493164e+00 -6.312096595764160156e+00 3.631388843059539795e-01
-1.506560802459716797e+00 -6.375530719757080078e+00 1.944325715303421021e-01
-1.343126654624938965e+00 -6.767591953277587891e+00 1.397068649530410767e-01
-1.534309387207031250e+00 -6.343588829040527344e+00 1.923329710960388184e+00
-1.300721764564514160e+00 -6.429502010345458984e+00 1.858696699142456055e+00
-1.144563794136047363e+00 -6.984179496765136719e+00 1.930832386016845703e+00
-8.337719440460205078e-01 -6.612165451049804688e+00 1.752135872840881348e+00
-1.082801222801208496e+00 -6.585692882537841797e+00 1.555571198463439941e+00
-8.630242347717285156e-01 -6.796360492706298828e+00 1.531365633010864258e+00
-1.555992603302001953e+00 -6.413639068603515625e+00 4.348800778388977051e-01
-1.169368177652359009e-01 -7.005236148834228516e-01 3.336873278021812439e-02
-1.556736111640930176e+00 -6.411819458007812500e+00 1.958268880844116211e-01
-1.403887987136840820e+00 -6.853250503540039062e+00 1.416503190994262695e-01
-1.575747489929199219e+00 -6.344295501708984375e+00 1.926439166069030762e+00
-1.337789297103881836e+00 -6.410098075866699219e+00 1.855425238609313965e+00
-9.177205562591552734e-01 -6.934826374053955078e+00 1.839094281196594238e+00
-8.992968201637268066e-01 -6.750307083129882812e+00 1.522203564643859863e+00
-1.597728729248046875e+00 -6.413653850555419922e+00 4.355376064777374268e-01
-1.241316273808479309e-01 -7.165249586105346680e-01 3.416657820343971252e-02
-1.597983360290527344e+00 -6.409905910491943359e+00 1.960642188787460327e-01
-1.425040960311889648e+00 -6.745708942413330078e+00 1.396056413650512695e-01
-1.371430277824401855e+00 -6.375432014465332031e+00 1.847792029380798340e+00
-9.358459115028381348e-01 -6.709866046905517578e+00 1.514350414276123047e+00
-1.646443367004394531e+00 -6.440465450286865234e+00 4.380361437797546387e-01
-1.638026952743530273e+00 -6.402885437011718750e+00 1.961532235145568848e-01
-1.465979814529418945e+00 -6.734884262084960938e+00 1.395651549100875854e-01
-1.410107254981994629e+00 -6.365018367767333984e+00 1.847246885299682617e+00
-9.774214625358581543e-01 -6.706894397735595703e+00 1.515004873275756836e+00
-1.690738558769226074e+00 -6.448580741882324219e+00 4.392853975296020508e-01
-1.428728342056274414e+00 -6.385709762573242188e+00 3.692804276943206787e-01
-1.698338270187377930e+00 -6.472960948944091797e+00 1.986155062913894653e-01
-1.510556221008300781e+00 -6.740396499633789062e+00 1.398688107728958130e-01
-1.454268336296081543e+00 -6.378759384155273438e+00 1.853789567947387695e+00
-1.219135880470275879e+00 -6.444002628326416016e+00 1.789230942726135254e+00
-1.022368907928466797e+00 -6.725856781005859375e+00 1.520676612854003906e+00
-1.741669893264770508e+00 -6.480485439300537109e+00 4.421784877777099609e-01
-1.739840865135192871e+00 -6.469175338745117188e+00 1.988231688737869263e-01
-1.550313711166381836e+00 -6.724181175231933594e+00 1.397271007299423218e-01
-1.702776312828063965e+00 -6.201041221618652344e+00 1.895062088966369629e+00
-1.256801009178161621e+00 -6.426932334899902344e+00 1.786598920822143555e+00
-1.785638809204101562e+00 -6.485069274902343750e+00 4.432304799556732178e-01
-1.782688379287719727e+00 -6.469942092895507812e+00 1.991791725158691406e-01
-1.596846938133239746e+00 -6.736917018890380859e+00 1.401927322149276733e-01
-1.722097277641296387e+00 -6.123991966247558594e+00 1.874709367752075195e+00
-1.297930955886840820e+00 -6.427610874176025391e+00 1.788967728614807129e+00
-1.830541849136352539e+00 -6.492238044738769531e+00 4.444797635078430176e-01
-1.825882196426391602e+00 -6.471387863159179688e+00 1.995648294687271118e-01
-1.645487070083618164e+00 -6.757106304168701172e+00 1.408203095197677612e-01
-1.260818123817443848e+00 -6.133395195007324219e+00 6.666717678308486938e-02
-1.337148785591125488e+00 -6.418581962585449219e+00 1.788704633712768555e+00
-1.870342969894409180e+00 -6.480884075164794922e+00 4.444797635078430176e-01
-1.600488901138305664e+00 -6.410719394683837891e+00 3.728864789009094238e-01
-1.876648426055908203e+00 -6.498475074768066406e+00 2.007514834403991699e-01
-1.684491753578186035e+00 -6.737182617187500000e+00 1.406178623437881470e-01
-1.287853479385375977e+00 -6.075655460357666016e+00 6.612421572208404541e-02
-1.373469114303588867e+00 -6.396107196807861328e+00 1.784756541252136230e+00
-1.920528411865234375e+00 -6.504694938659667969e+00 4.469125866889953613e-01
-1.766656398773193359e+00 -6.895972251892089844e+00 4.017347097396850586e-01
-1.922717809677124023e+00 -6.507927417755126953e+00 2.014041393995285034e-01
-1.725301742553710938e+00 -6.724783420562744141e+00 1.405773758888244629e-01
-1.371405363082885742e+00 -6.279630184173583984e+00 6.843446940183639526e-02
-1.189988851547241211e+00 -6.515155315399169922e+00 1.741202592849731445e+00
-1.963288426399230957e+00 -6.502340316772460938e+00 4.475700855255126953e-01
-1.437946557998657227e+00 -6.411481380462646484e+00 3.087194561958312988e-01
-1.970418810844421387e+00 -6.521842002868652344e+00 2.022051364183425903e-01
-1.746943116188049316e+00 -6.639619827270507812e+00 1.390185505151748657e-01
-1.415174722671508789e+00 -6.294510841369628906e+00 6.868997961282730103e-02
-1.227428078651428223e+00 -6.494426727294921875e+00 1.737642765045166016e+00
-2.011683225631713867e+00 -6.517821788787841797e+00 4.494768977165222168e-01
-1.876331448554992676e+00 -6.967288017272949219e+00 4.072001278400421143e-01
-2.011283874511718750e+00 -6.512494087219238281e+00 2.022941261529922485e-01
-1.791034460067749023e+00 -6.641324996948242188e+00 1.392817199230194092e-01
-1.455573081970214844e+00 -6.293503284454345703e+00 6.877514719963073730e-02
-1.262061953544616699e+00 -6.460195541381835938e+00 1.730523347854614258e+00
-2.055539608001708984e+00 -6.517726898193359375e+00 4.503316581249237061e-01
-1.801678657531738281e+00 -6.530240058898925781e+00 3.822959661483764648e-01
-2.057221889495849609e+00 -6.519094944000244141e+00 2.028874456882476807e-01
-1.832816123962402344e+00 -6.634065151214599609e+00 1.393627077341079712e-01
-1.494624495506286621e+00 -6.286398887634277344e+00 6.879644095897674561e-02
-1.125521183013916016e+00 -5.630605697631835938e+00 7.015174720436334610e-03
-1.301294684410095215e+00 -6.450434207916259766e+00 1.730014920234680176e+00
-1.877543449401855469e+00 -6.645888328552246094e+00 3.897334039211273193e-01
-1.871854543685913086e+00 -6.616922378540039062e+00 1.392412334680557251e-01
-1.489038825035095215e+00 -6.096431732177734375e+00 6.681623309850692749e-02
-1.160452842712402344e+00 -5.625552654266357422e+00 7.017618510872125626e-03
-1.929934382438659668e+00 -6.674525737762451172e+00 3.920998573303222656e-01
-1.607709050178527832e+00 -6.425619602203369141e+00 3.112068474292755127e-01
-1.906024932861328125e+00 -6.583224296569824219e+00 1.387756168842315674e-01
-1.522769451141357422e+00 -6.072631359100341797e+00 6.665652990341186523e-02
-1.202437996864318848e+00 -5.653538227081298828e+00 7.061600685119628906e-03
-1.957258105278015137e+00 -6.616602897644042969e+00 3.893953263759613037e-01
-1.944395422935485840e+00 -6.564694881439208984e+00 1.386339068412780762e-01
-1.582177162170410156e+00 -6.149361610412597656e+00 6.760405749082565308e-02
-1.239245176315307617e+00 -5.655822277069091797e+00 7.073818240314722061e-03
-1.513082146644592285e+00 -6.847515106201171875e+00 1.843671083450317383e+00
-1.986256837844848633e+00 -6.566243171691894531e+00 3.871415555477142334e-01
-1.441631317138671875e+00 -6.402069568634033203e+00 2.463660985231399536e-01
-1.977103829383850098e+00 -6.527761936187744141e+00 1.381075531244277954e-01
-1.644368648529052734e+00 -6.232356071472167969e+00 6.862609833478927612e-02
-1.278545737266540527e+00 -5.668597221374511719e+00 7.099474314600229263e-03
-2.018250942230224609e+00 -6.527224540710449219e+00 3.855639398097991943e-01
-1.877696633338928223e+00 -6.958148002624511719e+00 3.386151790618896484e-01
-2.028947353363037109e+00 -6.553710937500000000e+00 1.389173269271850586e-01
-1.696413159370422363e+00 -6.273308277130126953e+00 6.919035315513610840e-02
-1.310365438461303711e+00 -5.647982120513916016e+00 7.083592005074024200e-03
-2.059767246246337891e+00 -6.519477844238281250e+00 3.858456611633300781e-01
-1.785145640373229980e+00 -6.457400798797607422e+00 3.147736787796020508e-01
-2.073041915893554688e+00 -6.553530216217041016e+00 1.391805112361907959e-01
-1.737542986869812012e+00 -6.272418022155761719e+00 6.929681450128555298e-02
-1.341516494750976562e+00 -5.625244617462158203e+00 7.065266370773315430e-03
-1.935736060142517090e+00 -6.838468551635742188e+00 3.339219689369201660e-01
-2.118132591247558594e+00 -6.555908679962158203e+00 1.395044177770614624e-01
-1.773541450500488281e+00 -6.252980709075927734e+00 6.920100003480911255e-02
-1.366727471351623535e+00 -5.579027652740478516e+00 7.017618510872125626e-03
-1.950142025947570801e+00 -6.731477260589599609e+00 3.292756974697113037e-01
-1.618026018142700195e+00 -6.443267345428466797e+00 2.494048625230789185e-01
-2.265436172485351562e+00 -6.867506980895996094e+00 1.464280188083648682e-01
-1.831666827201843262e+00 -6.310162067413330078e+00 6.995688378810882568e-02
-1.412884831428527832e+00 -5.618056297302246094e+00 7.077482994645833969e-03
-1.944007992744445801e+00 -6.559444904327392578e+00 3.214380443096160889e-01
-2.353152990341186523e+00 -6.988974094390869141e+00 1.493229717016220093e-01
-1.822531819343566895e+00 -6.137763977050781250e+00 6.816831231117248535e-02
-1.448829054832458496e+00 -5.615091323852539062e+00 7.084813434630632401e-03
-1.978425145149230957e+00 -6.528274059295654297e+00 3.204994201660156250e-01
-2.392094135284423828e+00 -6.963057041168212891e+00 1.490800380706787109e-01
-1.858415007591247559e+00 -6.120724678039550781e+00 6.810443103313446045e-02
-1.481464862823486328e+00 -5.599328517913818359e+00 7.076261565089225769e-03
-2.023173809051513672e+00 -6.531278133392333984e+00 3.212503194808959961e-01
-1.890188813209533691e+00 -6.980519294738769531e+00 2.715016603469848633e-01
-1.895936131477355957e+00 -6.109206199645996094e+00 6.810443103313446045e-02
-1.561330437660217285e+00 -5.758068561553955078e+00 7.288842462003231049e-03
-2.055072546005249023e+00 -6.493028163909912109e+00 3.199831545352935791e-01
-1.791156053543090820e+00 -6.457468986511230469e+00 2.515807747840881348e-01
-1.944266080856323242e+00 -6.131772041320800781e+00 6.848769634962081909e-02
-1.613492131233215332e+00 -5.809082031250000000e+00 7.365811616182327271e-03
-1.941856026649475098e+00 -6.837599277496337891e+00 2.668496966361999512e-01
-1.993252277374267578e+00 -6.154925346374511719e+00 6.888160854578018188e-02
-1.683570146560668945e+00 -5.920267105102539062e+00 7.519749458879232407e-03
-1.971223950386047363e+00 -6.782373905181884766e+00 2.651614844799041748e-01
-2.042909145355224609e+00 -6.178656101226806641e+00 6.928617507219314575e-02
-1.688010096549987793e+00 -5.800366401672363281e+00 7.380472496151924133e-03
-1.947304010391235352e+00 -6.549843311309814453e+00 2.565328776836395264e-01
-2.095489740371704102e+00 -6.209587574005126953e+00 6.977590173482894897e-02
-1.740687370300292969e+00 -5.847405910491943359e+00 7.453775964677333832e-03
-1.984840631484985352e+00 -6.529166698455810547e+00 2.561952471733093262e-01
-1.254967808723449707e+00 -2.936681509017944336e+00 9.478365629911422729e-02
-2.104578971862792969e+00 -6.112465858459472656e+00 6.882838159799575806e-02
-1.785851597785949707e+00 -5.867228507995605469e+00 7.492871489375829697e-03
-2.039098024368286133e+00 -6.562671184539794922e+00 2.579959928989410400e-01
-1.275353908538818359e+00 -2.934426069259643555e+00 9.496165066957473755e-02
-2.134755373001098633e+00 -6.078681468963623047e+00 6.859415769577026367e-02
-1.826274394989013672e+00 -5.870482921600341797e+00 7.511197589337825775e-03
-1.304303050041198730e+00 -2.952757358551025391e+00 2.127059251070022583e-01
-2.079629659652709961e+00 -6.550988197326660156e+00 2.580334842205047607e-01
-1.287678599357604980e+00 -2.913745641708374023e+00 9.454631805419921875e-02
-2.167630910873413086e+00 -6.053230285644531250e+00 6.845575571060180664e-02
-1.871044993400573730e+00 -5.886804580688476562e+00 7.546627894043922424e-03
-1.319126129150390625e+00 -2.937416553497314453e+00 2.121799290180206299e-01
-1.306352019309997559e+00 -2.907613515853881836e+00 9.460565447807312012e-02
-2.222218990325927734e+00 -6.087720870971679688e+00 6.899872422218322754e-02
-1.883048176765441895e+00 -5.801023960113525391e+00 7.451333105564117432e-03
-1.340854048728942871e+00 -2.937436819076538086e+00 2.127716690301895142e-01
-1.320431113243103027e+00 -2.891359806060791016e+00 9.433865547180175781e-02
-2.262668371200561523e+00 -6.082406044006347656e+00 6.909453868865966797e-02
-1.914517641067504883e+00 -5.777020931243896484e+00 7.435450330376625061e-03
-1.338568210601806641e+00 -2.884110212326049805e+00 9.436833113431930542e-02
-2.304908037185668945e+00 -6.081498146057128906e+00 6.924358755350112915e-02
-1.950889825820922852e+00 -5.768006324768066406e+00 7.439115084707736969e-03
-1.267512917518615723e+00 -2.960405588150024414e+00 6.520733237266540527e-02
-2.347581863403320312e+00 -6.081234455108642578e+00 6.940328329801559448e-02
-1.870117068290710449e+00 -5.419400691986083984e+00 7.004179526120424271e-03
-1.287226200103759766e+00 -2.959005117416381836e+00 1.821047216653823853e-01
-1.274876832962036133e+00 -2.927822589874267578e+00 6.466073542833328247e-02
-2.457651853561401367e+00 -6.251908779144287109e+00 7.152190059423446655e-02
-1.894702672958374023e+00 -5.383298873901367188e+00 6.972414441406726837e-03
-1.302127003669738770e+00 -2.943746566772460938e+00 1.816539764404296875e-01
-1.281888842582702637e+00 -2.895261526107788086e+00 6.411413103342056274e-02
-2.524203062057495117e+00 -6.307266235351562500e+00 7.233101129531860352e-02
-2.020925045013427734e+00 -5.631350040435791016e+00 7.309611886739730835e-03
-1.325078725814819336e+00 -2.946628332138061523e+00 1.823300868272781372e-01
-1.300860881805419922e+00 -2.890076637268066406e+00 6.417486816644668579e-02
-2.597560644149780273e+00 -6.376856803894042969e+00 7.331047207117080688e-02
-2.072273969650268555e+00 -5.664861202239990234e+00 7.369476370513439178e-03
-1.338153243064880371e+00 -2.927546024322509766e+00 1.816539764404296875e-01
-1.324392914772033691e+00 -2.894768714904785156e+00 6.445828825235366821e-02
-2.634341955184936523e+00 -6.355256080627441406e+00 7.324659824371337891e-02
-2.145417213439941406e+00 -5.755110263824462891e+00 7.503867149353027344e-03
-3.232661485671997070e+00 -6.952651023864746094e+00 1.552545875310897827e-01
-2.670567750930786133e+00 -6.332522869110107422e+00 7.317207008600234985e-02
-2.182464838027954102e+00 -5.746512413024902344e+00 7.509975694119930267e-03
-3.215043306350708008e+00 -6.805222988128662109e+00 1.524001210927963257e-01
-1.272100567817687988e+00 -2.965486526489257812e+00 3.435563668608665466e-02
-2.216601371765136719e+00 -5.730214595794677734e+00 7.506310474127531052e-03
-1.278200984001159668e+00 -2.934145212173461914e+00 1.503704935312271118e-01
-3.254575729370117188e+00 -6.780860900878906250e+00 1.522988975048065186e-01
-1.286674022674560547e+00 -2.949376344680786133e+00 3.425981849431991577e-02
-2.272243022918701172e+00 -5.768609523773193359e+00 7.574727293103933334e-03
-1.301439642906188965e+00 -2.938120126724243164e+00 1.509806066751480103e-01
-3.307512760162353516e+00 -6.784129142761230469e+00 1.528252512216567993e-01
-1.299475908279418945e+00 -2.929543256759643555e+00 3.412141650915145874e-02
-2.289730548858642578e+00 -5.710007667541503906e+00 7.516084704548120499e-03
-1.321083784103393555e+00 -2.933722496032714844e+00 1.511683315038681030e-01
-1.312083005905151367e+00 -2.909664630889892578e+00 3.398301452398300171e-02
-2.309230327606201172e+00 -5.657890319824218750e+00 7.465993054211139679e-03
-1.334902524948120117e+00 -2.916478633880615234e+00 1.506990194320678711e-01
-1.332828164100646973e+00 -2.907922029495239258e+00 3.405753895640373230e-02
-2.350806951522827148e+00 -5.660237789154052734e+00 7.487984374165534973e-03
-3.042014122009277344e+00 -6.530872821807861328e+00 7.670664787292480469e-02
-1.255993962287902832e+00 -2.972539901733398438e+00 3.942523617297410965e-03
-1.258874297142028809e+00 -2.931916713714599609e+00 1.197878643870353699e-01
-3.086735010147094727e+00 -6.522026538848876953e+00 7.682375609874725342e-02
-1.260389447212219238e+00 -2.932621479034423828e+00 3.899762872606515884e-03
-1.275640845298767090e+00 -2.921389818191528320e+00 1.196753159165382385e-01
-3.124528646469116211e+00 -6.498457908630371094e+00 7.677052915096282959e-02
-1.276757955551147461e+00 -2.921167373657226562e+00 3.894875990226864815e-03
-3.999064207077026367e+00 -6.893114089965820312e+00 2.348474979400634766e+00
-1.298408150672912598e+00 -2.924467563629150391e+00 1.201255097985267639e-01
-3.157761335372924805e+00 -6.465686321258544922e+00 7.661083340644836426e-02
-1.294251680374145508e+00 -2.912364482879638672e+00 3.893654095008969307e-03
-1.318794488906860352e+00 -2.921910762786865234e+00 1.203506067395210266e-01
-3.199151754379272461e+00 -6.449771881103515625e+00 7.665341347455978394e-02
-1.319096326828002930e+00 -2.919860839843750000e+00 3.914423752576112747e-03
-1.336281538009643555e+00 -2.912855386734008789e+00 1.203130930662155151e-01
-3.283198356628417969e+00 -6.518433570861816406e+00 7.770740240812301636e-02
-1.332814574241638184e+00 -2.902624368667602539e+00 3.902206430211663246e-03
-3.306287288665771484e+00 -6.465225219726562500e+00 7.731349021196365356e-02
-2.611553668975830078e+00 -5.596669197082519531e+00 7.545405533164739609e-03
-3.174499511718750000e+00 -6.114676952362060547e+00 7.335305958986282349e-02
-2.652271509170532227e+00 -5.594093799591064453e+00 7.563732098788022995e-03
-3.212424993515014648e+00 -6.095968246459960938e+00 7.336370646953582764e-02
-2.522949218750000000e+00 -5.238059997558593750e+00 7.103139534592628479e-03
-3.851775407791137695e+00 -6.652770996093750000e+00 2.178202867507934570e+00
-3.378986120223999023e+00 -6.317742347717285156e+00 7.628079503774642944e-02
-2.616566896438598633e+00 -5.348237514495849609e+00 7.274182047694921494e-03
-4.078624725341796875e+00 -6.945943355560302734e+00 2.282342195510864258e+00
-3.611825466156005859e+00 -6.654578208923339844e+00 8.061384409666061401e-02
-2.741441965103149414e+00 -5.517459869384765625e+00 7.527079898864030838e-03
-3.625575780868530273e+00 -6.583240509033203125e+00 8.001764863729476929e-02
-2.763983488082885742e+00 -5.478214740753173828e+00 7.496536709368228912e-03
-3.666389226913452148e+00 -6.561743736267089844e+00 8.002829551696777344e-02
-2.679005146026611328e+00 -5.229747772216796875e+00 7.178886793553829193e-03
-3.718909502029418945e+00 -6.560871124267578125e+00 8.029445260763168335e-02
-2.694434165954589844e+00 -5.181271553039550781e+00 7.134904619306325912e-03
-3.786509752273559570e+00 -6.585607051849365234e+00 8.088000118732452393e-02
-2.429283618927001953e+00 -4.602190971374511719e+00 6.357884500175714493e-03
-3.891324520111083984e+00 -6.672815322875976562e+00 8.224272727966308594e-02
-2.867370605468750000e+00 -5.352319240570068359e+00 7.418346125632524490e-03
-3.944920301437377930e+00 -6.670330047607421875e+00 8.250888437032699585e-02
-3.010012388229370117e+00 -5.536693572998046875e+00 7.699344307184219360e-03
-4.022289276123046875e+00 -6.706884860992431641e+00 8.326477557420730591e-02
-3.051173210144042969e+00 -5.531254291534423828e+00 7.717669941484928131e-03
-4.077394008636474609e+00 -6.705146312713623047e+00 8.355222642421722412e-02
-3.014240741729736328e+00 -5.385896682739257812e+00 7.540519349277019501e-03
-4.126855850219726562e+00 -6.693620204925537109e+00 8.372256159782409668e-02
-2.883316755294799805e+00 -5.078586101531982422e+00 7.134904619306325912e-03
-4.171029090881347656e+00 -6.673260211944580078e+00 8.378644287586212158e-02
-2.603019714355468750e+00 -4.520055770874023438e+00 6.372544448822736740e-03
-4.170152664184570312e+00 -6.581657409667968750e+00 8.295603096485137939e-02
-2.951473951339721680e+00 -5.053183078765869141e+00 7.149565033614635468e-03
-4.033761978149414062e+00 -6.280817985534667969e+00 7.947468757629394531e-02
-3.003829002380371094e+00 -5.071114063262939453e+00 7.200877647846937180e-03
-4.092408180236816406e+00 -6.286956787109375000e+00 7.986859977245330811e-02
-2.990090847015380859e+00 -4.978007316589355469e+00 7.094587199389934540e-03
-4.152382373809814453e+00 -6.294280052185058594e+00 8.028380572795867920e-02
-2.939434051513671875e+00 -4.826332569122314453e+00 6.903997622430324554e-03
-4.334864616394042969e+00 -6.483984470367431641e+00 8.304119855165481567e-02
-2.877048730850219727e+00 -4.659305095672607422e+00 6.690194830298423767e-03
-4.320727348327636719e+00 -6.377790451049804688e+00 8.201915770769119263e-02
-3.075376749038696289e+00 -4.912802696228027344e+00 7.081148680299520493e-03
-4.219999313354492188e+00 -6.147532463073730469e+00 7.938951998949050903e-02
-2.995625257492065430e+00 -4.720748424530029297e+00 6.830693688243627548e-03
-4.615631580352783203e+00 -6.636234283447265625e+00 8.606475591659545898e-02
-3.216036319732666016e+00 -5.000008583068847656e+00 7.263185922056436539e-03
-4.546826839447021484e+00 -6.452483654022216797e+00 8.404195308685302734e-02
-3.326934337615966797e+00 -5.103324413299560547e+00 7.442780770361423492e-03
-4.587494850158691406e+00 -6.426091194152832031e+00 8.406324684619903564e-02
-3.366453886032104492e+00 -5.095329761505126953e+00 7.461106404662132263e-03
-4.795012474060058594e+00 -6.630366802215576172e+00 8.711873739957809448e-02
-3.239094018936157227e+00 -4.837758541107177734e+00 7.112913765013217926e-03
-4.838560104370117188e+00 -6.604853630065917969e+00 8.717197179794311523e-02
-3.369776487350463867e+00 -4.966745376586914062e+00 7.332825101912021637e-03
-4.921897888183593750e+00 -6.632856845855712891e+00 8.793850243091583252e-02
-3.123731851577758789e+00 -4.543837070465087891e+00 6.736620794981718063e-03
-4.967910766601562500e+00 -6.609725952148437500e+00 8.803431689739227295e-02
-3.421899080276489258e+00 -4.912710666656494141e+00 7.314499001950025558e-03
-4.609836101531982422e+00 -6.055590152740478516e+00 8.102905005216598511e-02
-3.263437032699584961e+00 -4.624449729919433594e+00 6.914993282407522202e-03
-5.739656448364257812e+00 -6.912989139556884766e+00 1.819367557764053345e-01
-5.005909919738769531e+00 -6.492831230163574219e+00 8.728908002376556396e-02
-3.294076919555664062e+00 -4.607592105865478516e+00 6.919879931956529617e-03
-5.781965732574462891e+00 -6.877641201019287109e+00 1.819367557764053345e-01
-4.763802051544189453e+00 -6.101023197174072266e+00 8.241306990385055542e-02
-3.329325199127197266e+00 -4.597012519836425781e+00 6.934540811926126480e-03
-5.878493309020996094e+00 -6.905985355377197266e+00 1.836372762918472290e-01
-4.563601970672607422e+00 -5.771270751953125000e+00 7.833553105592727661e-02
-3.361018419265747070e+00 -4.581335067749023438e+00 6.941871251910924911e-03
-5.963836193084716797e+00 -6.919769763946533203e+00 1.849734187126159668e-01
-5.203326702117919922e+00 -6.497936248779296875e+00 8.863051980733871460e-02
-3.469587564468383789e+00 -4.668983459472656250e+00 7.106804754585027695e-03
-5.120917797088623047e+00 -6.315209865570068359e+00 8.656512945890426636e-02
-3.273257970809936523e+00 -4.348791599273681641e+00 6.649877876043319702e-03
-6.149583339691162109e+00 -6.960701942443847656e+00 1.880708336830139160e-01
-4.600527286529541016e+00 -5.602829456329345703e+00 7.718573510646820068e-02
-3.540565729141235352e+00 -4.644345283508300781e+00 7.134904619306325912e-03
-6.198176383972167969e+00 -6.929544448852539062e+00 1.882530301809310913e-01
-4.920579433441162109e+00 -5.918191909790039062e+00 8.194462954998016357e-02
-3.277487754821777344e+00 -4.244974136352539062e+00 6.552139297127723694e-03
-5.116509914398193359e+00 -6.077598094940185547e+00 8.458491414785385132e-02
-3.455618143081665039e+00 -4.419361591339111328e+00 6.853906437754631042e-03
-5.215977668762207031e+00 -6.119144916534423828e+00 8.560696244239807129e-02
-3.529850482940673828e+00 -4.457656860351562500e+00 6.946758367121219635e-03
-4.611202716827392578e+00 -5.342895507812500000e+00 7.514164596796035767e-02
-3.472680330276489258e+00 -4.330594539642333984e+00 6.781824398785829544e-03
-5.133423328399658203e+00 -5.874714851379394531e+00 8.306249231100082397e-02
-3.415977954864501953e+00 -4.206734180450439453e+00 6.620556116104125977e-03
-5.507284164428710938e+00 -6.225057601928710938e+00 8.849211037158966064e-02
-3.443631172180175781e+00 -4.188012599945068359e+00 6.624221336096525192e-03
-5.537370681762695312e+00 -6.182209968566894531e+00 8.836435526609420776e-02
-3.592754364013671875e+00 -4.315124034881591797e+00 6.860015448182821274e-03
-5.370327949523925781e+00 -5.922192096710205078e+00 8.511722832918167114e-02
-3.704244852066040039e+00 -4.393919944763183594e+00 7.021283730864524841e-03
-4.570728302001953125e+00 -4.978689670562744141e+00 7.195839285850524902e-02
-3.665563344955444336e+00 -4.294289112091064453e+00 6.897889077663421631e-03
-4.976284503936767578e+00 -5.354124069213867188e+00 7.782451063394546509e-02
-3.736307859420776367e+00 -4.323164939880371094e+00 6.980966310948133469e-03
-4.673279285430908203e+00 -4.966648101806640625e+00 7.260781526565551758e-02
-3.748276710510253906e+00 -4.283601284027099609e+00 6.954088807106018066e-03
-4.751254558563232422e+00 -4.987837791442871094e+00 7.334241271018981934e-02
-3.743323087692260742e+00 -4.225341796875000000e+00 6.896667182445526123e-03
-4.815087318420410156e+00 -4.993140220642089844e+00 7.385343313217163086e-02
-3.783200502395629883e+00 -4.217926502227783203e+00 6.922323722392320633e-03
-5.202578067779541016e+00 -5.329127788543701172e+00 7.929369807243347168e-02
-3.800942897796630859e+00 -4.185750007629394531e+00 6.907662842422723770e-03
-5.227447032928466797e+00 -5.289281845092773438e+00 7.917658984661102295e-02
-3.846181392669677734e+00 -4.183698177337646484e+00 6.943092681467533112e-03
-5.254145145416259766e+00 -5.251451969146728516e+00 7.909142225980758667e-02
-3.867691755294799805e+00 -4.155627727508544922e+00 6.935762241482734680e-03
-5.237169742584228516e+00 -5.170639514923095703e+00 7.835682481527328491e-02
-3.838941574096679688e+00 -4.074320316314697266e+00 6.839245557785034180e-03
-5.500739574432373047e+00 -5.364609241485595703e+00 8.180622756481170654e-02
-3.956359148025512695e+00 -4.147650241851806641e+00 7.002957630902528763e-03
-5.574600696563720703e+00 -5.370299816131591797e+00 8.241306990385055542e-02
-4.002573490142822266e+00 -4.144876480102539062e+00 7.039609365165233612e-03
-5.382164001464843750e+00 -5.121616363525390625e+00 7.910206913948059082e-02
-4.038416385650634766e+00 -4.130965709686279297e+00 7.057935930788516998e-03
-5.661211967468261719e+00 -5.321347713470458984e+00 8.272181451320648193e-02
-4.092527866363525391e+00 -4.135250091552734375e+00 7.108026649802923203e-03
-5.846176147460937500e+00 -5.428028583526611328e+00 8.493623882532119751e-02
-4.124194145202636719e+00 -4.116418838500976562e+00 7.119021844118833542e-03
-5.440887928009033203e+00 -4.989915370941162109e+00 7.860168814659118652e-02
-4.144389629364013672e+00 -4.086121082305908203e+00 7.110469974577426910e-03
-5.442501068115234375e+00 -4.930254459381103516e+00 7.818648219108581543e-02
-4.153623104095458984e+00 -4.045265197753906250e+00 7.083592005074024200e-03
-5.419741630554199219e+00 -4.849426269531250000e+00 7.743059843778610229e-02
-4.201427459716796875e+00 -4.041888236999511719e+00 7.122687529772520065e-03
-5.476368904113769531e+00 -4.839919090270996094e+00 7.781386375427246094e-02
-4.276891708374023438e+00 -4.064252376556396484e+00 7.208208087831735611e-03
-8.291794776916503906e+00 -6.726102828979492188e+00 2.161903530359268188e-01
-5.310854911804199219e+00 -4.635913372039794922e+00 7.505647093057632446e-02
-4.346224784851074219e+00 -4.079681873321533203e+00 7.282733917236328125e-03
-5.521717548370361328e+00 -4.760598182678222656e+00 7.762222737073898315e-02
-4.350642681121826172e+00 -4.033899307250976562e+00 7.248525042086839676e-03
-8.203554153442382812e+00 -6.489244937896728516e+00 2.117973119020462036e-01
-5.699282646179199219e+00 -4.853043079376220703e+00 7.969826459884643555e-02
-4.461594581604003906e+00 -4.086150169372558594e+00 7.391467690467834473e-03
-8.188850402832031250e+00 -6.396320819854736328e+00 2.104004323482513428e-01
-5.758799552917480469e+00 -4.843081951141357422e+00 8.011347055435180664e-02
-4.488807678222656250e+00 -4.060709953308105469e+00 7.395133376121520996e-03
-8.701368331909179688e+00 -6.711092472076416016e+00 2.225065976381301880e-01
-5.784561634063720703e+00 -4.804461002349853516e+00 8.006023615598678589e-02
-4.475609302520751953e+00 -3.999109506607055664e+00 7.332825101912021637e-03
-8.665227890014648438e+00 -6.598819732666015625e+00 2.205428928136825562e-01
-5.706467151641845703e+00 -4.680728912353515625e+00 7.858040183782577515e-02
-4.488816738128662109e+00 -3.961646795272827148e+00 7.314499001950025558e-03
-8.744711875915527344e+00 -6.574968338012695312e+00 2.215348780155181885e-01
-5.706330776214599609e+00 -4.622338771820068359e+00 7.818648219108581543e-02
-4.551484107971191406e+00 -3.967540979385375977e+00 7.376806810498237610e-03
-8.814593315124511719e+00 -6.543236732482910156e+00 2.222839146852493286e-01
-5.772066593170166016e+00 -4.617220401763916016e+00 7.869750261306762695e-02
-4.433272361755371094e+00 -3.816877126693725586e+00 7.147122174501419067e-03
-6.290708065032958984e+00 -4.969104766845703125e+00 8.535144478082656860e-02
-4.605924129486083984e+00 -3.916571140289306641e+00 7.386581040918827057e-03
-6.351040840148925781e+00 -4.953782081604003906e+00 8.575601130723953247e-02
-4.648247241973876953e+00 -3.903670549392700195e+00 7.415902335196733475e-03
-6.410628795623779297e+00 -4.937294483184814453e+00 8.614991605281829834e-02
-4.767555713653564453e+00 -3.954237222671508789e+00 7.567396853119134903e-03
-6.400209903717041016e+00 -4.866998195648193359e+00 8.560696244239807129e-02
-4.761558055877685547e+00 -3.900196790695190430e+00 7.519749458879232407e-03
-9.689867019653320312e+00 -6.742002964019775391e+00 2.390260547399520874e-01
-6.468336105346679688e+00 -4.856453895568847656e+00 8.611799031496047974e-02
-4.761297702789306641e+00 -3.851410865783691406e+00 7.481875829398632050e-03
-6.587181091308593750e+00 -4.882769584655761719e+00 8.729972690343856812e-02
-4.748898983001708984e+00 -3.793413877487182617e+00 7.425676099956035614e-03
-6.566178321838378906e+00 -4.805056095123291016e+00 8.662900328636169434e-02
-4.797995090484619141e+00 -3.784641265869140625e+00 7.465993054211139679e-03
-8.436087608337402344e+00 -5.642073154449462891e+00 2.055012732744216919e-01
-6.678215503692626953e+00 -4.824403285980224609e+00 8.771493285894393921e-02
-4.832171916961669922e+00 -3.763733148574829102e+00 7.483097724616527557e-03
-1.059340095520019531e+01 -6.991197109222412109e+00 2.570031285285949707e-01
-6.689780712127685547e+00 -4.770563125610351562e+00 8.748070895671844482e-02
-4.744199275970458984e+00 -3.648663520812988281e+00 7.312055211514234543e-03
-6.812960624694824219e+00 -4.795616149902343750e+00 8.870504051446914673e-02
-4.923389911651611328e+00 -3.738622665405273438e+00 7.552735973149538040e-03
-6.769991874694824219e+00 -4.703514575958251953e+00 8.776815980672836304e-02
-4.892630100250244141e+00 -3.668152332305908203e+00 7.470880169421434402e-03
-9.709942817687988281e+00 -5.673677444458007812e+00 3.337749242782592773e-01
-6.849030494689941406e+00 -4.696381092071533203e+00 8.841758221387863159e-02
-4.870838165283203125e+00 -3.605340957641601562e+00 7.403685245662927628e-03
-9.746305465698242188e+00 -5.614989280700683594e+00 3.338342607021331787e-01
-6.642525196075439453e+00 -4.495109081268310547e+00 8.539403229951858521e-02
-4.901749610900878906e+00 -3.581876039505004883e+00 7.417124230414628983e-03
-9.804910659790039062e+00 -5.568903446197509766e+00 3.346649110317230225e-01
-1.047354984283447266e+01 -6.459840297698974609e+00 2.491685301065444946e-01
-6.652518749237060547e+00 -4.442604541778564453e+00 8.517045527696609497e-02
-5.026633739471435547e+00 -3.626031398773193359e+00 7.572283968329429626e-03
-9.817092895507812500e+00 -5.496429443359375000e+00 3.339232504367828369e-01
-1.031311702728271484e+01 -6.273863792419433594e+00 2.444313317537307739e-01
-6.797382354736328125e+00 -4.479282379150390625e+00 8.667159825563430786e-02
-4.757167339324951172e+00 -3.387463808059692383e+00 7.134904619306325912e-03
-1.259661579132080078e+01 -6.954332828521728516e+00 9.481359124183654785e-01
-1.001078414916992188e+01 -5.524468898773193359e+00 3.393521606922149658e-01
-9.294328689575195312e+00 -5.576251029968261719e+00 2.194699496030807495e-01
-6.911923885345458984e+00 -4.494178295135498047e+00 8.777881413698196411e-02
-5.100204944610595703e+00 -3.584774971008300781e+00 7.616266142576932907e-03
-1.273362350463867188e+01 -6.942777156829833984e+00 2.562553167343139648e+00
-1.257709217071533203e+01 -6.854583740234375000e+00 1.995223283767700195e+00
-1.258499526977539062e+01 -6.853194236755371094e+00 1.468221902847290039e+00
-1.253825187683105469e+01 -6.822066783905029297e+00 9.405744075775146484e-01
-9.309438705444335938e+00 -5.507916927337646484e+00 2.190245538949966431e-01
-7.037841796875000000e+00 -4.514853954315185547e+00 8.902442455291748047e-02
-4.611044883728027344e+00 -3.198869943618774414e+00 6.856350228190422058e-03
-1.252441978454589844e+01 -6.729349613189697266e+00 2.512095689773559570e+00
-1.256481552124023438e+01 -6.748228073120117188e+00 1.986669540405273438e+00
-1.253678512573242188e+01 -6.721900939941406250e+00 9.373525977134704590e-01
-9.301608085632324219e+00 -5.426509380340576172e+00 2.180528342723846436e-01
-7.056962490081787109e+00 -4.466238021850585938e+00 8.891796320676803589e-02
-5.093479156494140625e+00 -3.487455606460571289e+00 7.541740778833627701e-03
-1.253762531280517578e+01 -6.637630462646484375e+00 2.506527900695800781e+00
-1.259022808074951172e+01 -6.662666320800781250e+00 1.984186291694641113e+00
-1.258020401000976562e+01 -6.651741504669189453e+00 1.458029389381408691e+00
-1.203695583343505859e+01 -6.359125137329101562e+00 8.970469832420349121e-01
-9.329528808593750000e+00 -5.366342067718505859e+00 2.179313600063323975e-01
-7.066421508789062500e+00 -4.411732673645019531e+00 8.869438618421554565e-02
-5.120582103729248047e+00 -3.460056066513061523e+00 7.550292648375034332e-03
-1.263923454284667969e+01 -6.592454433441162109e+00 2.518707275390625000e+00
-1.266073226928710938e+01 -6.600856304168701172e+00 1.988876938819885254e+00
-1.265077877044677734e+01 -6.590051651000976562e+00 1.461494803428649902e+00
-1.180844020843505859e+01 -6.146020889282226562e+00 8.771900534629821777e-01
-9.390110969543457031e+00 -5.324778079986572266e+00 2.185792028903961182e-01
-7.267903804779052734e+00 -4.475780963897705078e+00 9.087688475847244263e-02
-5.126739978790283203e+00 -3.418585300445556641e+00 7.528301328420639038e-03
-1.281521129608154297e+01 -6.584533214569091797e+00 2.545675992965698242e+00
-1.331155300140380859e+01 -6.836620807647705078e+00 2.084485530853271484e+00
-1.341673088073730469e+01 -6.884720802307128906e+00 1.545072913169860840e+00
-1.183971405029296875e+01 -6.070263385772705078e+00 8.767297863960266113e-01
-7.443937778472900391e+00 -4.521426200866699219e+00 9.272933751344680786e-02
-5.138430595397949219e+00 -3.381017684936523438e+00 7.514862809330224991e-03
-1.346514701843261719e+01 -6.814368724822998047e+00 2.666426420211791992e+00
-1.367760372161865234e+01 -6.918889522552490234e+00 2.135118007659912109e+00
-1.268247985839843750e+01 -6.999029159545898438e+00 1.346335530281066895e+00
-1.187584590911865234e+01 -5.997051715850830078e+00 8.766639828681945801e-01
-1.261356449127197266e+01 -6.955254554748535156e+00 8.128789663314819336e-01
-7.370318412780761719e+00 -4.415031433105468750e+00 9.147307276725769043e-02
-5.091979980468750000e+00 -3.305862426757812500e+00 7.417124230414628983e-03
-1.393592357635498047e+01 -6.945538043975830078e+00 2.751160383224487305e+00
-1.253474330902099609e+01 -6.828843593597412109e+00 2.378439426422119141e+00
-1.258029651641845703e+01 -6.847967147827148438e+00 1.855195164680480957e+00
-1.259223175048828125e+01 -6.848766803741455078e+00 1.332268834114074707e+00
-1.387712478637695312e+01 -6.901122093200683594e+00 1.021251440048217773e+00
-1.137873649597167969e+01 -6.183615207672119141e+00 7.308416962623596191e-01
-1.402045536041259766e+01 -6.969348430633544922e+00 4.646920561790466309e-01
-7.465285301208496094e+00 -4.409903049468994141e+00 9.231413900852203369e-02
-4.997648239135742188e+00 -3.201201438903808594e+00 7.250969298183917999e-03
-1.253208541870117188e+01 -6.728007793426513672e+00 2.370057106018066406e+00
-1.390397357940673828e+01 -6.808383464813232422e+00 1.020133614540100098e+00
-1.126947879791259766e+01 -6.034967422485351562e+00 7.214322090148925781e-01
-7.505164623260498047e+00 -4.371562957763671875e+00 9.247383475303649902e-02
-5.355339527130126953e+00 -3.384155988693237305e+00 7.739661261439323425e-03
-1.259144210815429688e+01 -6.660671710968017578e+00 2.373508691787719727e+00
-1.260200977325439453e+01 -6.660633087158203125e+00 1.846203804016113281e+00
-1.259696578979492188e+01 -6.652342796325683594e+00 1.324032425880432129e+00
-1.448748683929443359e+01 -6.984233379364013672e+00 1.059781789779663086e+00
-1.130364704132080078e+01 -5.964307308197021484e+00 7.212631702423095703e-01
-7.876962184906005859e+00 -4.523624897003173828e+00 9.671106189489364624e-02
-5.404007911682128906e+00 -3.368689775466918945e+00 7.779978215694427490e-03
-1.265481758117675781e+01 -6.595139503479003906e+00 2.377781867980957031e+00
-1.267518711090087891e+01 -6.600130081176757812e+00 1.850956439971923828e+00
-1.260751438140869141e+01 -6.559298992156982422e+00 1.320885896682739258e+00
-1.133117103576660156e+01 -5.890232086181640625e+00 7.206997275352478027e-01
-1.434504795074462891e+01 -6.804339885711669922e+00 4.712186455726623535e-01
-7.687899112701416016e+00 -4.352538108825683594e+00 9.406012296676635742e-02
-5.457798004150390625e+00 -3.355895519256591797e+00 7.827625609934329987e-03
-1.305921554565429688e+01 -6.704323768615722656e+00 2.445990800857543945e+00
-1.334107017517089844e+01 -6.843138694763183594e+00 1.942026972770690918e+00
-1.342110252380371094e+01 -6.878273963928222656e+00 1.401677131652832031e+00
-1.267079257965087891e+01 -6.488158702850341797e+00 8.033567667007446289e-01
-1.065325832366943359e+01 -5.952684402465820312e+00 5.733696222305297852e-01
-5.847357749938964844e+00 -2.729774475097656250e+00 1.915252804756164551e-01
-7.442904949188232422e+00 -4.153734207153320312e+00 9.074912220239639282e-02
-5.292741298675537109e+00 -3.209818601608276367e+00 7.562509737908840179e-03
-1.338003158569335938e+01 -6.765611171722412109e+00 2.498257160186767578e+00
-1.371297454833984375e+01 -6.927954673767089844e+00 1.989938616752624512e+00
-1.384971904754638672e+01 -6.990972042083740234e+00 1.441933870315551758e+00
-1.261632347106933594e+01 -6.954083919525146484e+00 1.202104210853576660e+00
-1.272641181945800781e+01 -6.418383121490478516e+00 8.043709993362426758e-01
-1.072720527648925781e+01 -5.907926082611083984e+00 5.753877162933349609e-01
-5.863088607788085938e+00 -2.693427085876464844e+00 1.914956122636795044e-01
-1.327396392822265625e+01 -6.688722133636474609e+00 3.009740412235260010e-01
-7.686411857604980469e+00 -4.227988719940185547e+00 9.340006113052368164e-02
-5.402448654174804688e+00 -3.231178283691406250e+00 7.690791506320238113e-03
-1.401642036437988281e+01 -6.979741096496582031e+00 2.609035015106201172e+00
-1.257114696502685547e+01 -6.848853588104248047e+00 2.246905565261840820e+00
-1.257566547393798828e+01 -6.837090492248535156e+00 1.719522118568420410e+00
-1.259483051300048828e+01 -6.841815471649169922e+00 1.196033835411071777e+00
-1.271279716491699219e+01 -6.313971519470214844e+00 8.010466694831848145e-01
-1.076588821411132812e+01 -5.843423843383789062e+00 5.755285024642944336e-01
-5.855823040008544922e+00 -2.646697521209716797e+00 1.907242983579635620e-01
-1.386017036437988281e+01 -6.877798557281494141e+00 3.133029043674468994e-01
-8.137685775756835938e+00 -4.411394596099853516e+00 9.855286777019500732e-02
-5.131899833679199219e+00 -3.026766777038574219e+00 7.279068697243928909e-03
-1.257898807525634766e+01 -6.753365039825439453e+00 2.240858316421508789e+00
-1.273963928222656250e+01 -6.230146408081054688e+00 8.003141880035400391e-01
-1.078480434417724609e+01 -5.768304347991943359e+00 5.746367573738098145e-01
-1.006972694396972656e+01 -4.477080821990966797e+00 3.270703554153442383e-01
-1.424166870117187500e+01 -6.958534240722656250e+00 3.209553062915802002e-01
-8.370105743408203125e+00 -4.471156120300292969e+00 1.010334640741348267e-01
-4.936856746673583984e+00 -2.871048688888549805e+00 6.977301556617021561e-03
-1.272398567199707031e+01 -6.147933483123779297e+00 2.890483140945434570e+00
-1.259661197662353516e+01 -6.663582324981689453e+00 2.236671924591064453e+00
-1.260857200622558594e+01 -6.655833244323730469e+00 1.712723731994628906e+00
-1.258176517486572266e+01 -6.636067867279052734e+00 1.186969876289367676e+00
-1.278212451934814453e+01 -6.154025554656982422e+00 8.005958795547485352e-01
-1.085445976257324219e+01 -5.720183849334716797e+00 5.764671564102172852e-01
-1.012539958953857422e+01 -4.427624702453613281e+00 3.279900252819061279e-01
-1.438680839538574219e+01 -6.920424461364746094e+00 3.232631683349609375e-01
-8.341635704040527344e+00 -4.390373229980468750e+00 1.003627404570579529e-01
-5.201622009277343750e+00 -2.982464313507080078e+00 7.325494661927223206e-03
-1.273581218719482422e+01 -6.057540893554687500e+00 2.884671688079833984e+00
-1.263328266143798828e+01 -6.586895465850830078e+00 2.774566173553466797e+00
-1.270822238922119141e+01 -6.623147964477539062e+00 2.249231338500976562e+00
-1.269674015045166016e+01 -6.603080749511718750e+00 1.719164371490478516e+00
-1.263551044464111328e+01 -6.565634727478027344e+00 1.188217163085937500e+00
-1.281784057617187500e+01 -6.074625015258789062e+00 8.004832267761230469e-01
-1.242661094665527344e+01 -6.451579093933105469e+00 6.578474044799804688e-01
-1.022237396240234375e+01 -5.782878398895263672e+00 4.409228861331939697e-01
-1.016523170471191406e+01 -4.370941162109375000e+00 3.284053504467010498e-01
-1.444165134429931641e+01 -6.838008403778076172e+00 3.235465884208679199e-01
-8.215731620788574219e+00 -4.259938240051269531e+00 9.853157401084899902e-02
-5.472283840179443359e+00 -3.093193769454956055e+00 7.679796312004327774e-03
-1.277096557617187500e+01 -5.978450775146484375e+00 2.884270906448364258e+00
-1.267346096038818359e+01 -6.509255409240722656e+00 2.774566173553466797e+00
-1.322232341766357422e+01 -6.788241863250732422e+00 2.332806348800659180e+00
-1.340064239501953125e+01 -6.865019798278808594e+00 1.808736443519592285e+00
-1.312264919281005859e+01 -6.716825008392333984e+00 1.230127811431884766e+00
-1.202259731292724609e+01 -5.084881782531738281e+00 8.601604104042053223e-01
-1.284220504760742188e+01 -5.989953517913818359e+00 7.996944189071655273e-01
-1.247485637664794922e+01 -6.379757881164550781e+00 6.583167314529418945e-01
-1.022973632812500000e+01 -5.704472064971923828e+00 4.397223889827728271e-01
-5.862389564514160156e+00 -2.731886625289916992e+00 1.309612691402435303e-01
-8.226576805114746094e+00 -4.201715469360351562e+00 9.835059940814971924e-02
-5.295484542846679688e+00 -2.950531721115112305e+00 7.406128570437431335e-03
-1.279317188262939453e+01 -5.893418312072753906e+00 2.881064653396606445e+00
-1.269389438629150391e+01 -6.421622276306152344e+00 2.770360946655273438e+00
-1.363576316833496094e+01 -6.895109176635742188e+00 2.398239612579345703e+00
-1.382367229461669922e+01 -6.974986553192138672e+00 1.860022664070129395e+00
-1.307996940612792969e+01 -6.594010353088378906e+00 1.222311139106750488e+00
-1.253173446655273438e+01 -6.896234512329101562e+00 1.057945132255554199e+00
-1.209134864807128906e+01 -5.026721477508544922e+00 8.628562688827514648e-01
-1.287508678436279297e+01 -5.909376621246337891e+00 7.994690537452697754e-01
-1.251912021636962891e+01 -6.305789947509765625e+00 6.585983633995056152e-01
-1.027242660522460938e+01 -5.645928382873535156e+00 4.400600492954254150e-01
-5.866318225860595703e+00 -2.690030097961425781e+00 1.306778490543365479e-01
-8.472846031188964844e+00 -4.262150287628173828e+00 1.009802296757698059e-01
-5.505447387695312500e+00 -3.023400545120239258e+00 7.673687301576137543e-03
-1.281749153137207031e+01 -5.809552192687988281e+00 2.878459453582763672e+00
-1.271460723876953125e+01 -6.334421634674072266e+00 2.766346693038940430e+00
-1.259215831756591797e+01 -6.846235275268554688e+00 2.113949537277221680e+00
-1.253520202636718750e+01 -6.806767940521240234e+00 1.577286720275878906e+00
-1.302199840545654297e+01 -6.464884281158447266e+00 1.213163971900939941e+00
-1.255978679656982422e+01 -6.811604499816894531e+00 1.056764960289001465e+00
-1.211642169952392578e+01 -4.950171470642089844e+00 8.624617457389831543e-01
-1.290291404724121094e+01 -5.826566696166992188e+00 7.989618778228759766e-01
-1.257994747161865234e+01 -6.239951610565185547e+00 6.597716212272644043e-01
-1.032181358337402344e+01 -5.590882778167724609e+00 4.406978189945220947e-01
-5.843525886535644531e+00 -2.636304616928100586e+00 1.298073232173919678e-01
-8.687004089355468750e+00 -4.303293704986572266e+00 1.032159551978111267e-01
-5.570506572723388672e+00 -3.014789342880249023e+00 7.738438900560140610e-03
-1.285737037658691406e+01 -5.732790946960449219e+00 2.879461526870727539e+00
-1.271974849700927734e+01 -6.239859104156494141e+00 2.759082794189453125e+00
-1.256933116912841797e+01 -6.745531082153320312e+00 2.638711690902709961e+00
-1.258509540557861328e+01 -6.742679119110107422e+00 2.105778455734252930e+00
-1.436986064910888672e+01 -6.389142513275146484e+00 1.461645841598510742e+00
-1.298979759216308594e+01 -6.349849224090576172e+00 1.206511497497558594e+00
-1.230213832855224609e+01 -4.938180923461914062e+00 8.735079765319824219e-01
-1.290831184387207031e+01 -5.733911037445068359e+00 7.971025705337524414e-01
-1.261261367797851562e+01 -6.160015106201171875e+00 6.594900488853454590e-01
-9.660284996032714844e+00 -4.287090778350830078e+00 2.140039354562759399e-01
-8.676397323608398438e+00 -4.231937408447265625e+00 1.027794554829597473e-01
-5.635665416717529297e+00 -3.005492448806762695e+00 7.803190499544143677e-03
-1.288153743743896484e+01 -5.649069786071777344e+00 2.877056837081909180e+00
-1.274011802673339844e+01 -6.153156757354736328e+00 2.755259752273559570e+00
-1.253746509552001953e+01 -6.629668712615966797e+00 2.623432636260986328e+00
-1.259910964965820312e+01 -6.651014328002929688e+00 2.101255416870117188e+00
-1.257558536529541016e+01 -6.630178451538085938e+00 1.572011113166809082e+00
-1.299708652496337891e+01 -6.254900932312011719e+00 1.203601002693176270e+00
-1.257713031768798828e+01 -6.622579574584960938e+00 1.051306724548339844e+00
-1.325770187377929688e+01 -5.227527141571044922e+00 9.390621781349182129e-01
-1.292952823638916016e+01 -5.648603916168212891e+00 7.962574362754821777e-01
-1.253584194183349609e+01 -6.027536392211914062e+00 6.535296440124511719e-01
-1.461134529113769531e+01 -5.758323669433593750e+00 4.661160409450531006e-01
-9.686408042907714844e+00 -4.227735519409179688e+00 2.140039354562759399e-01
-8.030651092529296875e+00 -3.856155872344970703e+00 9.484795480966567993e-02
-5.649574756622314453e+00 -2.968530654907226562e+00 7.797082420438528061e-03
-1.290516185760498047e+01 -5.565268516540527344e+00 2.874651908874511719e+00
-1.274749374389648438e+01 -6.060539722442626953e+00 2.748760700225830078e+00
-1.266511535644531250e+01 -6.598047256469726562e+00 2.641621828079223633e+00
-1.310250568389892578e+01 -5.086813926696777344e+00 2.483386993408203125e+00
-1.265986919403076172e+01 -6.584081172943115234e+00 2.104611158370971680e+00
-1.267424583435058594e+01 -6.583128929138183594e+00 1.579265117645263672e+00
-1.304152584075927734e+01 -6.178020954132080078e+00 1.204183101654052734e+00
-1.261929988861083984e+01 -6.546202182769775391e+00 1.051454305648803711e+00
-1.321322631835937500e+01 -5.116535186767578125e+00 9.336705803871154785e-01
-1.150811481475830078e+01 -4.943756103515625000e+00 7.068390250205993652e-01
-1.258071708679199219e+01 -5.954350948333740234e+00 6.539520621299743652e-01
-7.918553829193115234e+00 -3.742713451385498047e+00 9.325101226568222046e-02
-5.665906429290771484e+00 -2.932889938354492188e+00 7.794638630002737045e-03
-1.293094825744628906e+01 -5.482537269592285156e+00 2.872848510742187500e+00
-1.274354457855224609e+01 -5.963072299957275391e+00 2.739967584609985352e+00
-1.270361232757568359e+01 -6.519313335418701172e+00 2.641258239746093750e+00
-1.276632690429687500e+01 -4.866371631622314453e+00 2.413964033126831055e+00
-1.326881980895996094e+01 -6.797670841217041016e+00 2.198869228363037109e+00
-1.281410884857177734e+01 -4.882024288177490234e+00 1.910099983215332031e+00
-1.347891044616699219e+01 -6.896393775939941406e+00 1.674225449562072754e+00
-1.274571800231933594e+01 -4.850873947143554688e+00 1.397282481193542480e+00
-1.306744575500488281e+01 -6.092408657073974609e+00 1.203101992607116699e+00
-1.237949180603027344e+01 -6.325706958770751953e+00 1.028219699859619141e+00
-1.283678054809570312e+01 -4.880402088165283203e+00 9.049371480941772461e-01
-1.156306552886962891e+01 -4.883538246154785156e+00 7.083603143692016602e-01
-1.254819869995117188e+01 -5.844989776611328125e+00 6.503852009773254395e-01
-1.365134334564208984e+01 -6.966589450836181641e+00 5.753794312477111816e-01
-5.826148986816406250e+00 -2.710126638412475586e+00 6.841317564249038696e-02
-5.698050022125244141e+00 -2.905337333679199219e+00 7.814186625182628632e-03
-1.223394966125488281e+01 -4.580095291137695312e+00 2.805274009704589844e+00
-1.293721580505371094e+01 -5.391784667968750000e+00 2.866836786270141602e+00
-1.275225448608398438e+01 -5.872039794921875000e+00 2.734041929244995117e+00
-1.344368648529052734e+01 -6.795220851898193359e+00 2.786408185958862305e+00
-1.223980140686035156e+01 -4.579850673675537109e+00 2.309046983718872070e+00
-1.368565273284912109e+01 -6.905533313751220703e+00 2.260881185531616211e+00
-1.226401901245117188e+01 -4.586472511291503906e+00 1.823872923851013184e+00
-1.388666725158691406e+01 -6.997842311859130859e+00 1.719507455825805664e+00
-1.225618076324462891e+01 -4.578665256500244141e+00 1.340510487556457520e+00
-1.339872074127197266e+01 -5.567662715911865234e+00 1.348556637763977051e+00
-1.310548782348632812e+01 -6.012529373168945312e+00 1.203185200691223145e+00
-1.240649223327636719e+01 -6.243800640106201172e+00 1.027260899543762207e+00
-1.220273399353027344e+01 -4.553844928741455078e+00 8.582535982131958008e-01
-1.156976032257080078e+01 -4.802927017211914062e+00 7.069517374038696289e-01
-5.899633407592773438e+00 -2.704138517379760742e+00 3.049179315567016602e-01
-1.383043956756591797e+01 -6.951355934143066406e+00 5.811193585395812988e-01
-1.441704368591308594e+01 -5.377319812774658203e+00 4.566822052001953125e-01
-5.830848217010498047e+00 -2.668916940689086914e+00 6.827476620674133301e-02
-5.542401790618896484e+00 -2.783259153366088867e+00 7.577170617878437042e-03
-1.293197822570800781e+01 -5.296706199645996094e+00 2.858420133590698242e+00
-1.279698562622070312e+01 -5.797733783721923828e+00 2.735953569412231445e+00
-1.378002357482910156e+01 -6.859396457672119141e+00 2.847342014312744141e+00
-1.405822467803955078e+01 -6.985637187957763672e+00 2.315305709838867188e+00
-1.496881961822509766e+01 -5.493553161621093750e+00 2.221069097518920898e+00
-1.221772956848144531e+01 -4.479065418243408203e+00 1.333273887634277344e+00
-1.314939975738525391e+01 -5.935282230377197266e+00 1.203850388526916504e+00
-1.244099521636962891e+01 -6.165786743164062500e+00 1.026965737342834473e+00
-1.222107601165771484e+01 -4.475453376770019531e+00 8.575960993766784668e-01
-1.179129695892333984e+01 -4.810288906097412109e+00 7.186713218688964844e-01
-1.267452621459960938e+01 -5.715612411499023438e+00 6.532480716705322266e-01
-1.402866649627685547e+01 -6.943493366241455078e+00 5.876470804214477539e-01
-1.443474769592285156e+01 -5.283260345458984375e+00 4.562075138092041016e-01
-5.870820522308349609e+00 -2.643764495849609375e+00 6.855157762765884399e-02
-5.666941642761230469e+00 -2.802392482757568359e+00 7.723778951913118362e-03
-1.296150779724121094e+01 -5.216159820556640625e+00 2.857818841934204102e+00
-1.284935283660888672e+01 -5.726695537567138672e+00 2.739585399627685547e+00
-1.394635009765625000e+01 -6.835736751556396484e+00 2.872988939285278320e+00
-1.442794322967529297e+01 -5.189135074615478516e+00 1.570961713790893555e+00
-1.320560741424560547e+01 -5.863384246826171875e+00 1.205679893493652344e+00
-1.394397449493408203e+01 -6.804414272308349609e+00 1.147564053535461426e+00
-1.305964374542236328e+01 -5.234477043151855469e+00 7.940036654472351074e-01
-1.264087581634521484e+01 -5.607357501983642578e+00 6.497281789779663086e-01
-1.423809051513671875e+01 -6.938710212707519531e+00 5.946249961853027344e-01
-8.410294532775878906e+00 -3.725447893142700195e+00 9.793538600206375122e-02
-5.390927314758300781e+00 -2.624855518341064453e+00 7.325494661927223206e-03
-1.287975406646728516e+01 -5.645775318145751953e+00 2.738629579544067383e+00
-1.415629482269287109e+01 -6.831231594085693359e+00 2.907548427581787109e+00
-1.444767284393310547e+01 -5.102005004882812500e+00 2.134289979934692383e+00
-1.447921276092529297e+01 -5.107458591461181641e+00 1.573102116584777832e+00
-1.323859596252441406e+01 -5.781049251556396484e+00 1.205430388450622559e+00
-1.451313114166259766e+01 -6.972223758697509766e+00 1.190861344337463379e+00
-1.451683425903320312e+01 -5.115032196044921875e+00 1.014216065406799316e+00
-1.306271743774414062e+01 -5.142907619476318359e+00 7.922569513320922852e-01
-1.103618812561035156e+01 -4.814712047576904297e+00 5.657197237014770508e-01
-1.256404781341552734e+01 -6.027773857116699219e+00 5.231574773788452148e-01
-8.435745239257812500e+00 -3.674971342086791992e+00 9.796732664108276367e-02
-5.826248645782470703e+00 -2.792721033096313477e+00 7.893599569797515869e-03
-1.289973163604736328e+01 -5.560423851013183594e+00 2.735571146011352539e+00
-1.424679565429687500e+01 -6.767446994781494141e+00 2.917552471160888672e+00
-1.306645202636718750e+01 -5.067732810974121094e+00 2.335212945938110352e+00
-1.302674770355224609e+01 -5.047103404998779297e+00 1.809467196464538574e+00
-1.443412685394287109e+01 -4.992181777954101562e+00 1.564846277236938477e+00
-1.362975215911865234e+01 -5.275261402130126953e+00 1.358366370201110840e+00
-1.322620296478271484e+01 -5.679263591766357422e+00 1.201106309890747070e+00
-1.469898700714111328e+01 -6.950827598571777344e+00 1.202589273452758789e+00
-1.453285503387451172e+01 -5.020648956298828125e+00 1.013164043426513672e+00
-1.311544513702392578e+01 -5.070940494537353516e+00 7.935528755187988281e-01
-1.103431034088134766e+01 -4.733515262603759766e+00 5.641239881515502930e-01
-1.253754425048828125e+01 -5.920698642730712891e+00 5.205314159393310547e-01
-8.423207283020019531e+00 -3.608179569244384766e+00 9.756276756525039673e-02
-5.797150611877441406e+00 -2.735157489776611328e+00 7.831290364265441895e-03
-1.225704669952392578e+01 -4.672393321990966797e+00 2.683075428009033203e+00
-1.290016841888427734e+01 -5.466997146606445312e+00 2.728498697280883789e+00
-1.429784965515136719e+01 -6.684484004974365234e+00 2.919553279876708984e+00
-1.288159370422363281e+01 -4.905321598052978516e+00 2.296752929687500000e+00
-1.278217697143554688e+01 -4.862355709075927734e+00 1.771317720413208008e+00
-1.271899318695068359e+01 -4.833238601684570312e+00 1.264618992805480957e+00
-1.324703121185302734e+01 -5.592189311981201172e+00 1.199859023094177246e+00
-1.474407196044921875e+01 -6.861768245697021484e+00 1.202810645103454590e+00
-1.259559440612792969e+01 -4.781315803527832031e+00 7.603097558021545410e-01
-1.106867027282714844e+01 -4.668049812316894531e+00 5.644056200981140137e-01
-1.255370044708251953e+01 -5.834392547607421875e+00 5.197060108184814453e-01
-8.949282646179199219e+00 -3.768711328506469727e+00 1.033862978219985962e-01
-5.797498226165771484e+00 -2.691954612731933594e+00 7.809299509972333908e-03
-1.226805114746093750e+01 -4.590573787689208984e+00 2.679267883300781250e+00
-1.295068550109863281e+01 -5.394911289215087891e+00 2.732130289077758789e+00
-1.434127616882324219e+01 -6.597860813140869141e+00 2.920099020004272461e+00
-1.227299118041992188e+01 -4.587539196014404297e+00 2.183180809020996094e+00
-1.222924995422363281e+01 -4.566324234008789062e+00 1.690780043601989746e+00
-1.224556350708007812e+01 -4.567545890808105469e+00 1.214737415313720703e+00
-1.325624179840087891e+01 -5.500489711761474609e+00 1.197613716125488281e+00
-1.476413631439208984e+01 -6.761205196380615234e+00 1.201040387153625488e+00
-1.218871593475341797e+01 -4.541495800018310547e+00 7.340533137321472168e-01
-1.113401412963867188e+01 -4.615346431732177734e+00 5.662828683853149414e-01
-5.892498493194580078e+00 -2.694725990295410156e+00 2.432522773742675781e-01
-8.848432540893554688e+00 -3.662483692169189453e+00 1.019596904516220093e-01
-5.816635608673095703e+00 -2.657577991485595703e+00 7.812964729964733124e-03
-1.296265125274658203e+01 -5.306792736053466797e+00 2.727733850479125977e+00
-1.437073898315429688e+01 -6.504874229431152344e+00 2.917916059494018555e+00
-1.458921337127685547e+01 -5.351529121398925781e+00 2.589311838150024414e+00
-1.497792625427246094e+01 -5.488183975219726562e+00 2.066109180450439453e+00
-1.220977592468261719e+01 -4.469049930572509766e+00 1.208444476127624512e+00
-1.312641239166259766e+01 -5.352447509765625000e+00 1.182895064353942871e+00
-1.479261493682861328e+01 -6.664752006530761719e+00 1.200007677078247070e+00
-1.377762222290039062e+01 -5.037463188171386719e+00 8.278665542602539062e-01
-1.286058712005615234e+01 -5.238819122314453125e+00 6.524502038955688477e-01
-1.053289985656738281e+01 -4.738921642303466797e+00 4.336073398590087891e-01
-1.448591136932373047e+01 -5.290700912475585938e+00 3.122704625129699707e-01
-8.757736206054687500e+00 -3.562158584594726562e+00 1.006608456373214722e-01
-5.819150924682617188e+00 -2.615687847137451172e+00 7.794638630002737045e-03
-1.296582889556884766e+01 -5.215433597564697266e+00 2.721617221832275391e+00
-1.440229797363281250e+01 -6.412974834442138672e+00 2.916279315948486328e+00
-1.310905361175537109e+01 -5.251791954040527344e+00 1.178404688835144043e+00
-1.483870124816894531e+01 -6.576285362243652344e+00 1.200450301170349121e+00
-1.284797573089599609e+01 -5.141993999481201172e+00 6.501975059509277344e-01
-1.054076194763183594e+01 -4.664902687072753906e+00 4.327444732189178467e-01
-8.563075065612792969e+00 -3.421898126602172852e+00 9.818024933338165283e-02
-5.881735324859619141e+00 -2.600556373596191406e+00 7.856947369873523712e-03
-1.304870700836181641e+01 -5.155978202819824219e+00 2.732321500778198242e+00
-1.442786598205566406e+01 -6.318566799163818359e+00 2.913551092147827148e+00
-1.449326038360595703e+01 -5.109747886657714844e+00 1.990452408790588379e+00
-1.445290756225585938e+01 -5.089849472045898438e+00 1.424165487289428711e+00
-1.320779895782470703e+01 -5.197531700134277344e+00 1.184391975402832031e+00
-1.483123493194580078e+01 -6.464392185211181641e+00 1.196614742279052734e+00
-1.452500057220458984e+01 -5.109539985656738281e+00 8.689415454864501953e-01
-1.287928485870361328e+01 -5.063063621520996094e+00 6.501975059509277344e-01
-1.059484195709228516e+01 -4.611304283142089844e+00 4.337949156761169434e-01
-9.127502441406250000e+00 -3.582658529281616211e+00 1.043976992368698120e-01
-6.073655605316162109e+00 -2.640979528427124023e+00 8.091518655419349670e-03
-1.307735252380371094e+01 -5.074750423431396484e+00 2.731748104095458984e+00
-1.445913791656494141e+01 -6.226808071136474609e+00 2.912095546722412109e+00
-1.303790473937988281e+01 -5.043739795684814453e+00 1.679328083992004395e+00
-1.443210124969482422e+01 -4.983198165893554688e+00 1.419075489044189453e+00
-1.319203472137451172e+01 -5.098072052001953125e+00 1.180150985717773438e+00
-1.486970233917236328e+01 -6.372874736785888672e+00 1.196540832519531250e+00
-1.296788406372070312e+01 -5.006246566772460938e+00 6.531072854995727539e-01
-1.058159542083740234e+01 -4.528515815734863281e+00 4.321067035198211670e-01
-8.838614463806152344e+00 -3.406826972961425781e+00 1.008524745702743530e-01
-5.998717308044433594e+00 -2.564743041992187500e+00 7.970567792654037476e-03
-1.299083900451660156e+01 -4.949680805206298828e+00 2.707280874252319336e+00
-1.448349094390869141e+01 -6.132220745086669922e+00 2.909367322921752930e+00
-1.283749389648437500e+01 -4.888688564300537109e+00 2.156043291091918945e+00
-1.221098041534423828e+01 -4.637906551361083984e+00 1.569122195243835449e+00
-1.266123676300048828e+01 -4.803864002227783203e+00 1.130007863044738770e+00
-1.479548549652099609e+01 -6.233887672424316406e+00 1.187468409538269043e+00
-1.291242408752441406e+01 -4.894012928009033203e+00 6.487895250320434570e-01
-1.061194610595703125e+01 -4.464665889739990234e+00 4.322192668914794922e-01
-8.831295013427734375e+00 -3.341913223266601562e+00 1.005330905318260193e-01
-5.911090850830078125e+00 -2.484490156173706055e+00 7.833734154701232910e-03
-1.230018234252929688e+01 -4.600302696228027344e+00 2.557417869567871094e+00
-1.448816204071044922e+01 -6.029634475708007812e+00 2.902819156646728516e+00
-1.229629611968994141e+01 -4.596403121948242188e+00 2.060374259948730469e+00
-1.224385929107666016e+01 -4.564628124237060547e+00 1.569718360900878906e+00
-1.222820472717285156e+01 -4.553930759429931641e+00 1.088845610618591309e+00
-1.253182506561279297e+01 -5.189811229705810547e+00 1.003214955329895020e+00
-1.290944290161132812e+01 -4.802501678466796875e+00 6.471468806266784668e-01
-1.449180126190185547e+01 -5.992609500885009766e+00 5.887350440025329590e-01
-8.788829803466796875e+00 -3.264335632324218750e+00 9.981977939605712891e-02
-6.111996173858642578e+00 -2.524917840957641602e+00 8.079302497208118439e-03
-1.451578521728515625e+01 -5.936901092529296875e+00 2.901000261306762695e+00
-1.446858596801757812e+01 -5.307460784912109375e+00 2.418861865997314453e+00
-1.218758964538574219e+01 -4.453844547271728516e+00 1.082775235176086426e+00
-1.261516094207763672e+01 -5.133870601654052734e+00 1.007345557212829590e+00
-1.424013423919677734e+01 -5.198295116424560547e+00 7.122417688369750977e-01
-1.452644634246826172e+01 -5.902824401855468750e+00 5.886600613594055176e-01
-9.088663101196289062e+00 -3.312382459640502930e+00 1.029923856258392334e-01
-6.126447200775146484e+00 -2.486991643905639648e+00 8.078080601990222931e-03
-1.455285263061523438e+01 -5.848088741302490234e+00 2.901182174682617188e+00
-1.437353229522705078e+01 -5.172753334045410156e+00 2.397619247436523438e+00
-1.265012836456298828e+01 -5.057849884033203125e+00 1.007640600204467773e+00
-1.454847049713134766e+01 -5.808022975921630859e+00 5.880972743034362793e-01
-9.775453567504882812e+00 -3.494886875152587891e+00 1.105299741029739380e-01
-6.115583419799804688e+00 -2.438981294631958008e+00 8.043871261179447174e-03
-1.455919361114501953e+01 -5.747130870819091797e+00 2.895361661911010742e+00
-1.437798595428466797e+01 -5.074925899505615234e+00 2.393122673034667969e+00
-1.450326061248779297e+01 -5.104915142059326172e+00 1.847022294998168945e+00
-1.448633766174316406e+01 -5.093275547027587891e+00 1.281351923942565918e+00
-1.453847026824951172e+01 -5.105903625488281250e+00 7.239747643470764160e-01
-1.458011341094970703e+01 -5.717186450958251953e+00 5.879472494125366211e-01
-9.332449913024902344e+00 -3.272063732147216797e+00 1.052919849753379822e-01
-6.103431701660156250e+00 -2.390833616256713867e+00 8.008441887795925140e-03
-1.310707664489746094e+01 -5.081185817718505859e+00 2.600332260131835938e+00
-1.303891181945800781e+01 -5.036445617675781250e+00 1.545633316040039062e+00
-1.442687225341796875e+01 -4.973115921020507812e+00 1.273368954658508301e+00
-1.310483551025390625e+01 -5.054025173187255859e+00 1.038841247558593750e+00
-1.461025619506835938e+01 -5.625821590423583984e+00 5.877596735954284668e-01
-1.011075210571289062e+01 -3.475428819656372070e+00 1.138303205370903015e-01
-5.890254020690917969e+00 -2.265739202499389648e+00 7.710339501500129700e-03
-1.286322689056396484e+01 -4.896078109741210938e+00 2.545946598052978516e+00
-1.279783248901367188e+01 -4.860961437225341797e+00 2.019107580184936523e+00
-1.228983783721923828e+01 -4.660649299621582031e+00 1.453420639038085938e+00
-1.255548477172851562e+01 -4.753871917724609375e+00 9.929623007774353027e-01
-1.414348220825195312e+01 -5.346668720245361328e+00 5.676512122154235840e-01
-9.965106964111328125e+00 -3.357138872146606445e+00 1.119565740227699280e-01
-6.314737319946289062e+00 -2.384644746780395508e+00 8.246678858995437622e-03
-1.225376319885253906e+01 -4.578218936920166016e+00 2.419713258743286133e+00
-1.223879241943359375e+01 -4.562891006469726562e+00 1.926454663276672363e+00
-1.229864215850830078e+01 -4.577871322631835938e+00 1.451112627983093262e+00
-1.226284313201904297e+01 -4.557236671447753906e+00 9.675887227058410645e-01
-1.424441528320312500e+01 -5.285161018371582031e+00 5.703898072242736816e-01
-9.795607566833496094e+00 -3.233246803283691406e+00 1.098273172974586487e-01
-6.111711502075195312e+00 -2.265225410461425781e+00 7.963237352669239044e-03
-1.499803543090820312e+01 -5.487017631530761719e+00 2.355431318283081055e+00
-1.212286567687988281e+01 -4.420750617980957031e+00 9.543856382369995117e-01
-1.427000331878662109e+01 -5.195266723632812500e+00 5.701272487640380859e-01
-9.377590179443359375e+00 -3.031590461730957031e+00 1.049300134181976318e-01
-6.389574050903320312e+00 -2.323720693588256836e+00 8.306543342769145966e-03
-9.644834518432617188e+00 -3.052748918533325195e+00 1.077087000012397766e-01
-6.261490821838378906e+00 -2.233735084533691406e+00 8.122062310576438904e-03
-1.437182426452636719e+01 -5.058827877044677734e+00 2.247165679931640625e+00
-1.448789691925048828e+01 -5.091160297393798828e+00 1.698075413703918457e+00
-1.453258228302001953e+01 -5.098315715789794922e+00 1.139081597328186035e+00
-9.994825363159179688e+00 -3.096185445785522461e+00 1.114029660820960999e-01
-6.216557025909423828e+00 -2.174799919128417969e+00 8.046315051615238190e-03
-9.748557090759277344e+00 -2.954463481903076172e+00 1.084539368748664856e-01
-6.290322780609130859e+00 -2.157377481460571289e+00 8.124506101012229919e-03
-9.760749816894531250e+00 -2.892887115478515625e+00 1.083900630474090576e-01
-6.450364112854003906e+00 -2.168124437332153320e+00 8.313873782753944397e-03
-1.026622295379638672e+01 -2.974296569824218750e+00 1.137983798980712891e-01
-6.442649841308593750e+00 -2.121623754501342773e+00 8.286996744573116302e-03
-1.009762573242187500e+01 -2.858410835266113281e+00 1.117330044507980347e-01
-5.775063514709472656e+00 -1.862581968307495117e+00 7.413459010422229767e-03
-1.052458477020263672e+01 -2.909640550613403320e+00 1.162576749920845032e-01
-6.490132808685302734e+00 -2.049328088760375977e+00 8.315095677971839905e-03
-1.054610157012939453e+01 -2.846050262451171875e+00 1.163002699613571167e-01
-6.495897293090820312e+00 -2.007400035858154297e+00 8.306543342769145966e-03
-1.001701831817626953e+01 -2.637436151504516602e+00 1.102851033210754395e-01
-6.488947868347167969e+00 -1.961716532707214355e+00 8.282109163701534271e-03
-1.080299472808837891e+01 -2.773612022399902344e+00 1.187489181756973267e-01
-6.347427368164062500e+00 -1.876503825187683105e+00 8.086632937192916870e-03
-1.009662532806396484e+01 -1.763561844825744629e+00 3.041976988315582275e-01
-1.078488922119140625e+01 -2.698536157608032227e+00 1.183656528592109680e-01
-6.574017047882080078e+00 -1.899706721305847168e+00 8.360300213098526001e-03
-1.010429859161376953e+01 -1.701079130172729492e+00 3.041086792945861816e-01
-1.082844638824462891e+01 -2.638939857482910156e+00 1.186637505888938904e-01
-6.584587097167968750e+00 -1.859061837196350098e+00 8.359078317880630493e-03
-1.078605747222900391e+01 -2.558600187301635742e+00 1.180249676108360291e-01
-6.667208194732666016e+00 -1.838294029235839844e+00 8.449486456811428070e-03
-1.080447673797607422e+01 -2.493044614791870117e+00 1.180569082498550415e-01
-6.660015106201171875e+00 -1.792412400245666504e+00 8.426273241639137268e-03
-1.055710697174072266e+01 -2.367835044860839844e+00 1.151930540800094604e-01
-6.691199302673339844e+00 -1.756846547126770020e+00 8.451929315924644470e-03
-1.007054519653320312e+01 -1.815606355667114258e+00 2.072018235921859741e-01
-1.036919212341308594e+01 -2.258953809738159180e+00 1.129892691969871521e-01
-6.719290733337402344e+00 -1.720221281051635742e+00 8.473920635879039764e-03
-1.007854080200195312e+01 -1.753266453742980957e+00 2.071410715579986572e-01
-1.031144046783447266e+01 -2.180187225341796875e+00 1.122120916843414307e-01
-6.812191486358642578e+00 -1.699535608291625977e+00 8.577767759561538696e-03
-1.009206676483154297e+01 -1.691888570785522461e+00 2.072018235921859741e-01
-1.093391418457031250e+01 -2.241800069808959961e+00 1.188340857625007629e-01
-6.735035896301269531e+00 -1.636455178260803223e+00 8.467812091112136841e-03
-1.013635826110839844e+01 -2.013545989990234375e+00 1.100295856595039368e-01
-6.313841819763183594e+00 -1.493147134780883789e+00 7.926586084067821503e-03
-1.122965717315673828e+01 -2.159188270568847656e+00 1.217511817812919617e-01
-6.357968330383300781e+00 -1.462447881698608398e+00 7.970567792654037476e-03
-1.097922325134277344e+01 -2.041259288787841797e+00 1.188979595899581909e-01
-6.941631793975830078e+00 -1.551916837692260742e+00 8.690167218446731567e-03
-1.004671001434326172e+01 -1.804181337356567383e+00 1.086775064468383789e-01
-6.960795402526855469e+00 -1.511416435241699219e+00 8.702384307980537415e-03
-1.002113723754882812e+01 -1.736186146736145020e+00 1.082835942506790161e-01
-6.733139038085937500e+00 -1.418779850006103516e+00 8.406725712120532990e-03
-1.425561428070068359e+01 -1.331864476203918457e+00 4.249393045902252197e-01
-9.984258651733398438e+00 -1.666761517524719238e+00 1.077725738286972046e-01
-6.739758014678955078e+00 -1.377038955688476562e+00 8.404281921684741974e-03
-1.426650619506835938e+01 -1.244629263877868652e+00 4.250282943248748779e-01
-1.138341045379638672e+01 -1.828612685203552246e+00 1.227519288659095764e-01
-6.753966331481933594e+00 -1.336823701858520508e+00 8.411612361669540405e-03
-1.118886184692382812e+01 -1.727003574371337891e+00 1.205374971032142639e-01
-6.807219982147216797e+00 -1.304011464118957520e+00 8.467812091112136841e-03
-9.960822105407714844e+00 -1.474938869476318359e+00 1.072083190083503723e-01
-6.822959423065185547e+00 -1.263675451278686523e+00 8.477585390210151672e-03
-1.128148460388183594e+01 -1.599817991256713867e+00 1.213146746158599854e-01
-6.851256847381591797e+00 -1.225484490394592285e+00 8.503242395818233490e-03
-1.010779666900634766e+01 -1.747679591178894043e+00 3.850994110107421875e-01
-1.077484035491943359e+01 -1.460585713386535645e+00 1.157679483294487000e-01
-6.972958087921142578e+00 -1.203146576881408691e+00 8.644962683320045471e-03
-1.427680492401123047e+01 -1.323947906494140625e+00 2.903254628181457520e-01
-1.131613445281982422e+01 -1.463308095932006836e+00 1.214850172400474548e-01
-7.049261569976806641e+00 -1.171817421913146973e+00 8.730484172701835632e-03
-1.428167152404785156e+01 -1.236063599586486816e+00 2.902647256851196289e-01
-1.172287464141845703e+01 -1.442827939987182617e+00 1.257541775703430176e-01
-7.107666492462158203e+00 -1.136754035949707031e+00 8.794014342129230499e-03
-1.175832271575927734e+01 -1.374004125595092773e+00 1.260416358709335327e-01
-7.147124767303466797e+00 -1.098132371902465820e+00 8.834331296384334564e-03
-1.190070629119873047e+01 -1.316675424575805664e+00 1.274788975715637207e-01
-6.929153919219970703e+00 -1.021161794662475586e+00 8.556998334825038910e-03
-1.184689998626708984e+01 -1.237189769744873047e+00 1.268188208341598511e-01
-6.916475772857666016e+00 -9.759713411331176758e-01 8.533785119652748108e-03
-1.193089485168457031e+01 -1.172002553939819336e+00 1.276385784149169922e-01
-6.942154407501220703e+00 -9.361872076988220215e-01 8.558220230042934418e-03
-1.185422039031982422e+01 -1.091075420379638672e+00 1.267443001270294189e-01
-7.034057617187500000e+00 -9.046712517738342285e-01 8.664511144161224365e-03
-1.194836425781250000e+01 -1.025846004486083984e+00 1.276811808347702026e-01
-7.448424339294433594e+00 -9.115413427352905273e-01 9.167863056063652039e-03
-1.150887107849121094e+01 -9.170111417770385742e-01 1.229222714900970459e-01
-7.353552341461181641e+00 -8.541679978370666504e-01 9.044469334185123444e-03
-1.247064685821533203e+01 -9.166760444641113281e-01 1.331320852041244507e-01
-7.454080104827880859e+00 -8.195226788520812988e-01 9.161755442619323730e-03
-1.247503852844238281e+01 -8.400731086730957031e-01 1.331214308738708496e-01
-7.332645893096923828e+00 -7.606655955314636230e-01 9.006595239043235779e-03
-1.213362503051757812e+01 -7.423235774040222168e-01 1.294271647930145264e-01
-7.278453826904296875e+00 -7.099314332008361816e-01 8.934512734413146973e-03
-1.223280334472656250e+01 -6.730780601501464844e-01 1.304385662078857422e-01
-7.372299671173095703e+00 -6.734455823898315430e-01 9.044469334185123444e-03
-1.245343208312988281e+01 -6.085978150367736816e-01 1.327488124370574951e-01
-7.482906818389892578e+00 -6.372770071029663086e-01 9.175193496048450470e-03
-1.221616458892822266e+01 -5.218877196311950684e-01 1.301830559968948364e-01
-7.472720146179199219e+00 -5.902483463287353516e-01 9.158089756965637207e-03
-1.212720394134521484e+01 -4.435584247112274170e-01 1.292035877704620361e-01
-7.514100551605224609e+00 -5.471451878547668457e-01 9.204515255987644196e-03
-1.214868736267089844e+01 -3.697168827056884766e-01 1.294058710336685181e-01
-7.609112739562988281e+00 -5.071474909782409668e-01 9.316914714872837067e-03
-1.252059745788574219e+01 -3.041518926620483398e-01 1.333450078964233398e-01
-7.430413246154785156e+00 -4.494603276252746582e-01 9.094559587538242340e-03
-1.226728439331054688e+01 -2.226931303739547729e-01 1.306301951408386230e-01
-7.501929759979248047e+00 -4.076031744480133057e-01 9.178859181702136993e-03
-1.264837074279785156e+01 -1.519838273525238037e-01 1.346758008003234863e-01
-7.702060222625732422e+00 -3.710933327674865723e-01 9.420761838555335999e-03
-1.272305965423583984e+01 -7.480708509683609009e-02 1.354636251926422119e-01
-7.702193737030029297e+00 -3.237434029579162598e-01 9.418318979442119598e-03
-1.273327827453613281e+01 3.264115191996097565e-03 1.355700790882110596e-01
-7.766994476318359375e+00 -2.787369787693023682e-01 9.495287202298641205e-03
-1.296500110626220703e+01 8.287689089775085449e-02 1.380400210618972778e-01
-7.732574939727783203e+00 -2.300040125846862793e-01 9.451305493712425232e-03
-1.105250740051269531e+01 1.384751647710800171e-01 1.176842898130416870e-01
-7.715845584869384766e+00 -1.821287274360656738e-01 9.429314173758029938e-03
-1.370283699035644531e+01 2.557810246944427490e-01 1.459182947874069214e-01
-7.685822486877441406e+00 -1.342403888702392578e-01 9.391440078616142273e-03
-1.282532882690429688e+01 3.181338608264923096e-01 1.365921348333358765e-01
-7.389520645141601562e+00 -8.371412009000778198e-02 9.028586558997631073e-03
-1.282713317871093750e+01 3.969463109970092773e-01 1.366347074508666992e-01
-7.681890964508056641e+00 -3.988745808601379395e-02 9.385331533849239349e-03
-1.319717884063720703e+01 4.894685149192810059e-01 1.406057924032211304e-01
-7.864990711212158203e+00 7.421161048114299774e-03 9.608908556401729584e-03
-1.284926795959472656e+01 5.555344223976135254e-01 1.369328051805496216e-01
-7.917795658111572266e+00 5.605490878224372864e-02 9.673659689724445343e-03
-1.293250656127929688e+01 6.386565566062927246e-01 1.378590315580368042e-01
-7.959299564361572266e+00 1.051915660500526428e-01 9.724972769618034363e-03
-1.346848201751708984e+01 7.479943037033081055e-01 1.436186879873275757e-01
-8.030490875244140625e+00 1.554201394319534302e-01 9.812937118113040924e-03
-1.294964504241943359e+01 7.989110946655273438e-01 1.381358355283737183e-01
-7.949411392211914062e+00 2.026526182889938354e-01 9.715198539197444916e-03
-1.498525524139404297e+01 2.111874818801879883e+00 4.491469562053680420e-01
-1.387730121612548828e+01 9.416491985321044922e-01 1.480901390314102173e-01
-8.073955535888671875e+00 2.554093301296234131e-01 9.869136847555637360e-03
-1.347237586975097656e+01 9.972545504570007324e-01 1.438316106796264648e-01
-8.159173965454101562e+00 3.082296252250671387e-01 9.975426830351352692e-03
-1.366933917999267578e+01 1.096207141876220703e+00 1.460034698247909546e-01
-8.130155563354492188e+00 3.571028113365173340e-01 9.942440316081047058e-03
-1.364143466949462891e+01 1.178253054618835449e+00 1.457798928022384644e-01
-8.126811981201171875e+00 4.069317579269409180e-01 9.941218420863151550e-03
-1.057251071929931641e+01 1.755600214004516602e+00 3.180814683437347412e-01
-1.269103145599365234e+01 1.174658536911010742e+00 1.356978416442871094e-01
-8.194052696228027344e+00 4.607189297676086426e-01 1.002674084156751633e-02
-1.053691387176513672e+01 1.816194295883178711e+00 3.173398375511169434e-01
-1.314929389953613281e+01 1.298496007919311523e+00 1.406803131103515625e-01
-8.231991767883300781e+00 5.135407447814941406e-01 1.007683109492063522e-02
-1.496653747558593750e+01 2.119727611541748047e+00 3.060756325721740723e-01
-1.354583263397216797e+01 1.421632885932922363e+00 1.450133621692657471e-01
-8.217711448669433594e+00 5.632894039154052734e-01 1.006339211016893387e-02
-1.492357826232910156e+01 2.207132339477539062e+00 3.054683208465576172e-01
-1.350107765197753906e+01 1.500744938850402832e+00 1.446300894021987915e-01
-8.280914306640625000e+00 6.186936497688293457e-01 1.014524884521961212e-02
-1.348267650604248047e+01 1.582508563995361328e+00 1.445342749357223511e-01
-8.235098838806152344e+00 6.661065220832824707e-01 1.009393483400344849e-02
-1.288720226287841797e+01 1.592838644981384277e+00 1.382529586553573608e-01
-7.814432144165039062e+00 6.803674101829528809e-01 9.583251550793647766e-03
-1.051856327056884766e+01 1.754070878028869629e+00 2.159271687269210815e-01
-1.338192081451416016e+01 1.737414240837097168e+00 1.436719298362731934e-01
-8.328859329223632812e+00 7.766771316528320312e-01 1.021977420896291733e-02
-7.181340217590332031e+00 1.511914014816284180e+00 2.178095728158950806e-01
-1.051351356506347656e+01 1.819601655006408691e+00 2.160486429929733276e-01
-1.338983345031738281e+01 1.822053194046020508e+00 1.438742130994796753e-01
-8.450313568115234375e+00 8.403348326683044434e-01 1.037493348121643066e-02
-7.191464900970458984e+00 1.560187935829162598e+00 2.184029072523117065e-01
-1.333979225158691406e+01 1.898682117462158203e+00 1.434589922428131104e-01
-8.415164947509765625e+00 8.890174031257629395e-01 1.033828221261501312e-02
-7.202241897583007812e+00 1.608860731124877930e+00 2.190258949995040894e-01
-1.332492446899414062e+01 1.980056881904602051e+00 1.434270590543746948e-01
-8.519862174987792969e+00 9.529737830162048340e-01 1.047389302402734756e-02
-1.377992439270019531e+01 2.134168624877929688e+00 1.484627574682235718e-01
-8.486047744750976562e+00 1.001949548721313477e+00 1.043968461453914642e-02
-1.376953220367431641e+01 2.219157695770263672e+00 1.484947055578231812e-01
-8.494626045227050781e+00 1.055850386619567871e+00 1.045801118016242981e-02
-1.060471534729003906e+01 1.775928854942321777e+00 1.144797429442405701e-01
-8.580205917358398438e+00 1.119989991188049316e+00 1.057163253426551819e-02
-7.136013507843017578e+00 1.507493376731872559e+00 1.476831734180450439e-01
-1.057391548156738281e+01 1.837540745735168457e+00 1.142668277025222778e-01
-8.609830856323242188e+00 1.177630066871643066e+00 1.061683613806962967e-02
-7.132490158081054688e+00 1.552526473999023438e+00 1.478046327829360962e-01
-1.334550189971923828e+01 2.403639554977416992e+00 1.443745791912078857e-01
-8.643029212951660156e+00 1.236242055892944336e+00 1.066692639142274857e-02
-1.144539451599121094e+01 3.002976655960083008e+00 3.511890172958374023e-01
-1.342781925201416016e+01 2.503625631332397461e+00 1.454285681247711182e-01
-8.644183158874511719e+00 1.290580391883850098e+00 1.067792251706123352e-02
-1.148370361328125000e+01 3.088464021682739258e+00 3.529393076896667480e-01
-1.323841571807861328e+01 2.552462100982666016e+00 1.435441672801971436e-01
-8.668708801269531250e+00 1.348668932914733887e+00 1.071823947131633759e-02
-1.365204238891601562e+01 2.719198226928710938e+00 1.482072472572326660e-01
-8.722460746765136719e+00 1.411900401115417480e+00 1.079520862549543381e-02
-1.318650627136230469e+01 2.710698604583740234e+00 1.433312445878982544e-01
-8.753079414367675781e+00 1.472027659416198730e+00 1.084407791495323181e-02
-7.161467075347900391e+00 1.518012404441833496e+00 7.794161885976791382e-02
-8.743882179260253906e+00 1.525707840919494629e+00 1.084407791495323181e-02
-7.143225669860839844e+00 1.560005545616149902e+00 7.784580439329147339e-02
-8.613319396972656250e+00 1.557444810867309570e+00 1.069380436092615128e-02
-1.145375633239746094e+01 3.013585090637207031e+00 2.398156076669692993e-01
-7.137421607971191406e+00 1.604683637619018555e+00 7.788839191198348999e-02
-8.664542198181152344e+00 1.621671795845031738e+00 1.076955255120992661e-02
-1.144373703002929688e+01 3.086150169372558594e+00 2.399978041648864746e-01
-1.358266544342041016e+01 3.141424179077148438e+00 1.484308242797851562e-01
-8.820350646972656250e+00 1.706915020942687988e+00 1.097602397203445435e-02
-1.499124240875244141e+01 3.564246892929077148e+00 1.640596091747283936e-01
-8.927382469177246094e+00 1.784525394439697266e+00 1.112263184040784836e-02
-1.354115009307861328e+01 3.307393312454223633e+00 1.484095305204391479e-01
-7.165135860443115234e+00 1.478042006492614746e+00 8.938178420066833496e-03
-7.185642719268798828e+00 1.525676131248474121e+00 2.757784724235534668e-01
-1.400458908081054688e+01 3.511782407760620117e+00 1.537220478057861328e-01
-7.157888412475585938e+00 1.522394657135009766e+00 8.940622210502624512e-03
-7.152717113494873047e+00 1.564612746238708496e+00 2.748780846595764160e-01
-1.375617027282714844e+01 3.539342880249023438e+00 1.512308120727539062e-01
-7.148412227630615234e+00 1.566285967826843262e+00 8.940622210502624512e-03
-1.146885013580322266e+01 3.025985240936279297e+00 1.262865066528320312e-01
-7.138667106628417969e+00 1.610118269920349121e+00 8.940622210502624512e-03
-1.145296287536621094e+01 3.097083091735839844e+00 1.263184398412704468e-01
-9.090542793273925781e+00 2.109060049057006836e+00 1.140118669718503952e-02
-1.139423370361328125e+01 3.156353950500488281e+00 1.258819401264190674e-01
-9.086185455322265625e+00 2.166886806488037109e+00 1.141218189150094986e-02
-1.387969303131103516e+01 3.936716318130493164e+00 1.536049246788024902e-01
-9.029982566833496094e+00 2.212128400802612305e+00 1.135842688381671906e-02
-1.341353607177734375e+01 3.893581390380859375e+00 1.487076282501220703e-01
-8.989084243774414062e+00 2.260664463043212891e+00 1.132421661168336868e-02
-1.393290615081787109e+01 4.137201309204101562e+00 1.547440886497497559e-01
-8.977948188781738281e+00 2.316527366638183594e+00 1.132788229733705521e-02
-1.362021446228027344e+01 4.135459899902343750e+00 1.515501886606216431e-01
-9.004168510437011719e+00 2.382314205169677734e+00 1.137919537723064423e-02
-1.300916194915771484e+01 4.037273883819580078e+00 1.450240015983581543e-01
-9.011580467224121094e+00 2.443537235260009766e+00 1.140729524195194244e-02
-1.357511234283447266e+01 4.304405212402343750e+00 1.516247093677520752e-01
-9.007978439331054688e+00 2.501996517181396484e+00 1.142195519059896469e-02
-1.369399452209472656e+01 4.434755325317382812e+00 1.532536000013351440e-01
-8.995343208312988281e+00 2.558042049407958984e+00 1.142562087625265121e-02
-1.416590690612792969e+01 4.683811664581298828e+00 1.588535606861114502e-01
-8.971796989440917969e+00 2.610952854156494141e+00 1.141584757715463638e-02
-1.389814376831054688e+01 4.690072536468505859e+00 1.561706960201263428e-01
-8.932605743408203125e+00 2.659106254577636719e+00 1.138652581721544266e-02
-1.409034538269042969e+01 4.851437091827392578e+00 1.586619317531585693e-01
-8.867330551147460938e+00 2.699014902114868164e+00 1.132421661168336868e-02
-1.401219463348388672e+01 4.920904159545898438e+00 1.581189632415771484e-01
-8.912669181823730469e+00 2.772681474685668945e+00 1.140363048762083054e-02
-1.381416797637939453e+01 4.946783065795898438e+00 1.562239229679107666e-01
-8.895488739013671875e+00 2.827316284179687500e+00 1.140363048762083054e-02
-1.352148437500000000e+01 4.935788154602050781e+00 1.532536000013351440e-01
-8.881777763366699219e+00 2.883079767227172852e+00 1.140851713716983795e-02
-1.314886856079101562e+01 4.891407966613769531e+00 1.493677049875259399e-01
-8.829747200012207031e+00 2.926198244094848633e+00 1.136453449726104736e-02
-1.250148105621337891e+01 4.738102912902832031e+00 1.423411369323730469e-01
-8.786049842834472656e+00 2.971670866012573242e+00 1.133154798299074173e-02
-1.477630805969238281e+01 5.704202651977539062e+00 1.686375141143798828e-01
-8.822478294372558594e+00 3.044444799423217773e+00 1.140240766108036041e-02
-1.468705272674560547e+01 5.773542881011962891e+00 1.680200248956680298e-01
-8.856455802917480469e+00 3.117113113403320312e+00 1.147082541137933731e-02
-1.478689098358154297e+01 5.917796134948730469e+00 1.695743948221206665e-01
-8.853162765502929688e+00 3.177138566970825195e+00 1.149159390479326248e-02
-1.448359584808349609e+01 5.899775028228759766e+00 1.665082573890686035e-01
-8.841955184936523438e+00 3.234493017196655273e+00 1.150259096175432205e-02
-6.429318904876708984e+00 3.227242231369018555e+00 2.135079801082611084e-01
-1.400373268127441406e+01 5.804742336273193359e+00 1.613980233669281006e-01
-8.822878837585449219e+00 3.289034366607666016e+00 1.150381192564964294e-02
-6.417410373687744141e+00 3.270715951919555664e+00 2.137749642133712769e-01
-1.439444351196289062e+01 6.070461273193359375e+00 1.663272678852081299e-01
-8.805335998535156250e+00 3.344173908233642578e+00 1.150747761130332947e-02
-6.374139308929443359e+00 3.298087835311889648e+00 2.130036354064941406e-01
-1.435692501068115234e+01 6.158669948577880859e+00 1.663272678852081299e-01
-8.778121948242187500e+00 3.395614147186279297e+00 1.149892527610063553e-02
-1.378636455535888672e+01 6.014340877532958984e+00 1.601417660713195801e-01
-8.744095802307128906e+00 3.444280862808227539e+00 1.148182060569524765e-02
-1.373640441894531250e+01 6.093142986297607422e+00 1.599927097558975220e-01
-8.784055709838867188e+00 3.522433519363403320e+00 1.156245544552803040e-02
-1.425662708282470703e+01 6.428877830505371094e+00 1.665082573890686035e-01
-8.740056991577148438e+00 3.567195892333984375e+00 1.153313368558883667e-02
-6.445583343505859375e+00 3.240953683853149414e+00 1.460838615894317627e-01
-1.404056453704833984e+01 6.435406208038330078e+00 1.644428670406341553e-01
-8.700457572937011719e+00 3.613469123840332031e+00 1.150992047041654587e-02
-6.418451786041259766e+00 3.276805162429809570e+00 1.459219008684158325e-01
-1.380411624908447266e+01 6.429817199707031250e+00 1.621326208114624023e-01
-8.672595024108886719e+00 3.664451122283935547e+00 1.150259096175432205e-02
-6.386685371398925781e+00 3.310145378112792969e+00 1.456587165594100952e-01
-1.410424327850341797e+01 6.675235271453857422e+00 1.661356240510940552e-01
-8.696803092956542969e+00 3.737733840942382812e+00 1.156489830464124680e-02
-1.386475849151611328e+01 6.666325569152832031e+00 1.637934446334838867e-01
-8.652629852294921875e+00 3.781814813613891602e+00 1.153679937124252319e-02
-1.404193210601806641e+01 6.857906341552734375e+00 1.663805097341537476e-01
-8.621037483215332031e+00 3.831179857254028320e+00 1.152580231428146362e-02
-1.399600505828857422e+01 6.942159175872802734e+00 1.663379073143005371e-01
-8.580964088439941406e+00 3.876595020294189453e+00 1.150381192564964294e-02
-6.436272144317626953e+00 3.241815328598022461e+00 7.672794163227081299e-02
-8.535204887390136719e+00 3.919158935546875000e+00 1.147449016571044922e-02
-6.402015209197998047e+00 3.273962020874023438e+00 7.655759900808334351e-02
-8.609772682189941406e+00 4.017547607421875000e+00 1.160765904933214188e-02
-6.366718769073486328e+00 3.305349826812744141e+00 7.637660950422286987e-02
-8.608452796936035156e+00 4.081439018249511719e+00 1.163942366838455200e-02
-8.552615165710449219e+00 4.119428157806396484e+00 1.159788481891155243e-02
-8.586462974548339844e+00 4.200833320617675781e+00 1.167851872742176056e-02
-6.436290264129638672e+00 3.197978019714355469e+00 8.780575357377529144e-03
-6.439759254455566406e+00 3.249122142791748047e+00 8.812339976429939270e-03
-6.395671367645263672e+00 3.276264667510986328e+00 8.779353462159633636e-03
-6.363027572631835938e+00 3.308986902236938477e+00 8.762249723076820374e-03
-8.666692733764648438e+00 4.574746131896972656e+00 1.197295635938644409e-02
-8.651681900024414062e+00 4.634921073913574219e+00 1.199128199368715286e-02
-8.679307937622070312e+00 4.718488216400146484e+00 1.206947304308414459e-02
-8.690469741821289062e+00 4.793872833251953125e+00 1.212567184120416641e-02
-8.706268310546875000e+00 4.872501373291015625e+00 1.218920201063156128e-02
-2.377943515777587891e+00 1.714731216430664062e+00 8.701109886169433594e-02
-8.682294845581054688e+00 4.929286479949951172e+00 1.219775434583425522e-02
-2.450514078140258789e+00 1.790018439292907715e+00 9.006672352552413940e-02
-8.651020050048828125e+00 4.981968402862548828e+00 1.219653338193893433e-02
-2.456358432769775391e+00 1.817506074905395508e+00 9.068971127271652222e-02
-8.589201927185058594e+00 5.016799449920654297e+00 1.215255074203014374e-02
-8.591813087463378906e+00 5.089283466339111328e+00 1.220019720494747162e-02
-8.609286308288574219e+00 5.171256065368652344e+00 1.226983685046434402e-02
-2.469224929809570312e+00 1.760184049606323242e+00 6.140137836337089539e-02
-8.567145347595214844e+00 5.217741966247558594e+00 1.225517597049474716e-02
-2.459999322891235352e+00 1.776472449302673340e+00 6.144186481833457947e-02
-8.516250610351562500e+00 5.258652687072753906e+00 1.222829800099134445e-02
-2.402762413024902344e+00 1.756383657455444336e+00 1.679623126983642578e-01
-2.456315279006958008e+00 1.796845912933349609e+00 6.162406876683235168e-02
-8.499080657958984375e+00 5.320359230041503906e+00 1.225028932094573975e-02
-2.483413219451904297e+00 1.838824152946472168e+00 1.743855476379394531e-01
-2.440423965454101562e+00 1.808312296867370605e+00 6.150259822607040405e-02
-8.516091346740722656e+00 5.404020309448242188e+00 1.232237089425325394e-02
-2.414889097213745117e+00 1.812449812889099121e+00 6.113820150494575500e-02
-8.490342140197753906e+00 5.461040973663330078e+00 1.233336608856916428e-02
-8.497721672058105469e+00 5.539793014526367188e+00 1.239323057234287262e-02
-2.432571649551391602e+00 1.736578226089477539e+00 3.182181343436241150e-02
-8.569532394409179688e+00 5.661838531494140625e+00 1.254839170724153519e-02
-2.508514165878295898e+00 1.812131643295288086e+00 1.453956812620162964e-01
-8.604429244995117188e+00 5.761047363281250000e+00 1.265101693570613861e-02
-2.497347831726074219e+00 1.827489495277404785e+00 1.453956812620162964e-01
-8.575538635253906250e+00 5.818226337432861328e+00 1.266079116612672806e-02
-2.481272935867309570e+00 1.839209675788879395e+00 1.451140940189361572e-01
-8.523196220397949219e+00 5.859405040740966797e+00 1.263635605573654175e-02
-8.624938011169433594e+00 6.007613182067871094e+00 1.284160651266574860e-02
-2.518119096755981445e+00 1.777016520500183105e+00 3.765372792258858681e-03
-2.537741661071777344e+00 1.812953352928161621e+00 1.170867308974266052e-01
-2.500660181045532227e+00 1.787781238555908203e+00 3.755598794668912888e-03
-2.529808044433593750e+00 1.830834031105041504e+00 1.172368004918098450e-01
-2.484783887863159180e+00 1.799571871757507324e+00 3.748268354684114456e-03
-2.500796079635620117e+00 1.833324074745178223e+00 1.164114475250244141e-01
-2.466438770294189453e+00 1.809460759162902832e+00 3.737272927537560463e-03
-2.486290931701660156e+00 1.846251130104064941e+00 1.162613928318023682e-01
-2.447263240814208984e+00 1.818596005439758301e+00 3.725055605173110962e-03
-2.497276782989501953e+00 1.878290653228759766e+00 1.173118278384208679e-01
-2.410491466522216797e+00 1.814333915710449219e+00 3.685960080474615097e-03
-8.502174377441406250e+00 6.481539726257324219e+00 1.306151878088712692e-02
-8.218453407287597656e+00 6.345357894897460938e+00 1.268522441387176514e-02
-8.372365951538085938e+00 6.546579360961914062e+00 1.298454869538545609e-02
-8.332823753356933594e+00 6.598449230194091797e+00 1.298577059060335159e-02
-8.441967964172363281e+00 6.769567966461181641e+00 1.322034187614917755e-02
-8.332734107971191406e+00 6.766397476196289062e+00 1.311405189335346222e-02
-8.234673500061035156e+00 6.771034717559814453e+00 1.302486564964056015e-02
-8.370494842529296875e+00 6.969239711761474609e+00 1.330708526074886322e-02
-2.288489103317260742e+00 6.777600288391113281e+00 1.448489427566528320e-01
-2.290873527526855469e+00 6.800076484680175781e+00 7.639790326356887817e-02
-2.266892671585083008e+00 6.744208812713623047e+00 8.692610077559947968e-03
-2.213895320892333984e+00 6.722847938537597656e+00 8.647406473755836487e-03
-4.938242584466934204e-02 7.221618294715881348e-01 4.084960371255874634e-02
-3.533491119742393494e-02 7.079909443855285645e-01 4.000443965196609497e-02
-3.069877065718173981e-02 7.071889042854309082e-01 1.433306094259023666e-02
-2.142234519124031067e-02 6.842854022979736328e-01 5.712822452187538147e-02
