-7.793470751494169235e-03 -7.331204414367675781e-01 7.511832565069198608e-02
-1.269637048244476318e-02 -7.347232699394226074e-01 6.829775124788284302e-02
-8.641482330858707428e-03 -7.413728237152099609e-01 6.186811625957489014e-02
-8.780353516340255737e-02 -7.164915204048156738e-01 4.073691740632057190e-02
-6.048924848437309265e-02 -7.046282291412353516e-01 3.322793543338775635e-02
-1.296799927949905396e-01 -7.243119478225708008e-01 4.152573645114898682e-02
-1.084973216056823730e-01 -7.284455299377441406e-01 2.764912694692611694e-02
-1.485577702522277832e+00 -1.583190441131591797e+00 6.443508714437484741e-02
-1.504213571548461914e+00 -1.583466291427612305e+00 6.482075154781341553e-02
-1.534528374671936035e+00 -1.596213221549987793e+00 1.459024548530578613e-01
-1.506972551345825195e+00 -1.567002296447753906e+00 6.452408432960510254e-02
-1.529678940773010254e+00 -1.571750760078430176e+00 1.445216834545135498e-01
-1.507494688034057617e+00 -1.548415541648864746e+00 6.413842737674713135e-02
-1.544196486473083496e+00 -1.567310810089111328e+00 1.449819505214691162e-01
-1.513458847999572754e+00 -1.535577058792114258e+00 6.399009376764297485e-02
-1.537576913833618164e+00 -1.541557073593139648e+00 1.434696614742279053e-01
-1.528500676155090332e+00 -1.531922459602355957e+00 6.422742456197738647e-02
-5.579686164855957031e+00 -6.958128929138183594e+00 1.089661195874214172e-02
-1.527926802635192871e+00 -1.512669444084167480e+00 6.381209194660186768e-02
-1.512346386909484863e+00 -1.609499931335449219e+00 4.471996054053306580e-02
-5.631730556488037109e+00 -6.935405731201171875e+00 1.091493759304285049e-02
-1.513338088989257812e+00 -1.591993212699890137e+00 1.239574179053306580e-01
-1.505655646324157715e+00 -1.582804560661315918e+00 4.423409700393676758e-02
-5.632261276245117188e+00 -6.849740028381347656e+00 1.083430275321006775e-02
-1.543154954910278320e+00 -1.603540182113647461e+00 1.255913972854614258e-01
-1.527822375297546387e+00 -1.586498975753784180e+00 4.459849372506141663e-02
-5.606360435485839844e+00 -6.733591556549072266e+00 1.070479955524206161e-02
-1.543907761573791504e+00 -1.584744572639465332e+00 1.248589307069778442e-01
-1.517288327217102051e+00 -1.556333899497985840e+00 4.401140660047531128e-02
-5.133218288421630859e+00 -6.088946819305419922e+00 9.729859419167041779e-03
-1.570428490638732910e+00 -1.592301845550537109e+00 1.262111812829971313e-01
-1.532427787780761719e+00 -1.552687406539916992e+00 4.417336359620094299e-02
-5.658055782318115234e+00 -6.628538131713867188e+00 1.064737886190414429e-02
-1.556889772415161133e+00 -1.559320330619812012e+00 1.243518292903900146e-01
-1.538392782211303711e+00 -1.539718985557556152e+00 4.407214000821113586e-02
-1.505819559097290039e+00 -1.620153546333312988e+00 2.354963310062885284e-02
-5.705814361572265625e+00 -6.602019309997558594e+00 1.066081877797842026e-02
-1.532880663871765137e+00 -1.515489459037780762e+00 4.364700615406036377e-02
-1.515047073364257812e+00 -1.610155344009399414e+00 2.353898808360099792e-02
-5.733045578002929688e+00 -6.551833152770996094e+00 1.063638366758823395e-02
-1.529352664947509766e+00 -1.607189178466796875e+00 1.042362302541732788e-01
-1.518691062927246094e+00 -1.594312548637390137e+00 2.344316989183425903e-02
-5.593432903289794922e+00 -6.313685894012451172e+00 1.030529476702213287e-02
-1.537799358367919922e+00 -1.596336126327514648e+00 1.041423603892326355e-01
-1.518727421760559082e+00 -1.574887037277221680e+00 2.329412288963794708e-02
-5.670794486999511719e+00 -6.322422981262207031e+00 1.037615444511175156e-02
-1.551749825477600098e+00 -1.591161131858825684e+00 1.044239550828933716e-01
-1.544428110122680664e+00 -1.581995487213134766e+00 2.353898808360099792e-02
-5.686625003814697266e+00 -6.262338161468505859e+00 1.033461652696132660e-02
-1.550255060195922852e+00 -1.570236444473266602e+00 1.036730408668518066e-01
-1.544265270233154297e+00 -1.562532186508178711e+00 2.338993735611438751e-02
-5.718851566314697266e+00 -6.220702648162841797e+00 1.032362133264541626e-02
-1.571159005165100098e+00 -1.571998953819274902e+00 1.044239550828933716e-01
-1.542507767677307129e+00 -1.541717171669006348e+00 2.321959659457206726e-02
-1.511785864830017090e+00 -1.624332904815673828e+00 2.711019478738307953e-03
-1.508445024490356445e+00 -1.602052927017211914e+00 8.260973542928695679e-02
-1.551938533782958984e+00 -1.532223463058471680e+00 2.321959659457206726e-02
-1.499093770980834961e+00 -1.591008305549621582e+00 2.670702291652560234e-03
-1.529474854469299316e+00 -1.606229543685913086e+00 1.640430986881256104e-01
-1.514799118041992188e+00 -1.589150428771972656e+00 8.242215216159820557e-02
-1.518490910530090332e+00 -1.591910362243652344e+00 2.687806496396660805e-03
-1.544146537780761719e+00 -1.601840615272521973e+00 1.645594239234924316e-01
-1.527297258377075195e+00 -1.582702398300170898e+00 8.257222175598144531e-02
-1.510169148445129395e+00 -1.563860058784484863e+00 2.656041411682963371e-03
-1.551159977912902832e+00 -1.589480638504028320e+00 1.642643660306930542e-01
-1.517427086830139160e+00 -1.553286433219909668e+00 8.152177929878234863e-02
-1.530222177505493164e+00 -1.565290570259094238e+00 2.674367511644959450e-03
-1.539857029914855957e+00 -1.558649659156799316e+00 1.620515584945678711e-01
-1.545901656150817871e+00 -1.563130259513854980e+00 8.253470063209533691e-02
-1.547535419464111328e+00 -1.563690185546875000e+00 2.687806496396660805e-03
-1.555463790893554688e+00 -1.553615331649780273e+00 8.253470063209533691e-02
-1.557808876037597656e+00 -1.554871797561645508e+00 2.689028391614556313e-03
-1.548093318939208984e+00 -1.526327610015869141e+00 2.656041411682963371e-03
-5.610758304595947266e+00 -5.464387416839599609e+00 9.568590670824050903e-03
-5.976404190063476562e+00 -5.749464511871337891e+00 1.013180892914533615e-02
-6.012294769287109375e+00 -5.713375091552734375e+00 1.013303082436323166e-02
-5.969223499298095703e+00 -5.603146076202392578e+00 1.000230479985475540e-02
-6.048222064971923828e+00 -5.607888698577880859e+00 1.007683109492063522e-02
-6.098004341125488281e+00 -5.584855079650878906e+00 1.010248716920614243e-02
-5.891142845153808594e+00 -5.329304218292236328e+00 9.705425240099430084e-03
-8.426074981689453125e+00 -6.998413085937500000e+00 1.166196539998054504e-01
-5.799202442169189453e+00 -5.181785106658935547e+00 9.501395747065544128e-03
-8.485867500305175781e+00 -6.960531711578369141e+00 1.168538779020309448e-01
-5.909612655639648438e+00 -5.215583801269531250e+00 9.629677981138229370e-03
-8.430513381958007812e+00 -6.829027175903320312e+00 1.155124381184577942e-01
-5.899290561676025391e+00 -5.142427444458007812e+00 9.561260230839252472e-03
-8.473818778991699219e+00 -6.778419017791748047e+00 1.155337318778038025e-01
-5.938311100006103516e+00 -5.112658023834228516e+00 9.573478251695632935e-03
-8.399904251098632812e+00 -6.635183811187744141e+00 1.139687299728393555e-01
-5.952048301696777344e+00 -5.061225414276123047e+00 9.545378386974334717e-03
-8.459381103515625000e+00 -6.598277568817138672e+00 1.142242327332496643e-01
-6.252543449401855469e+00 -5.250983238220214844e+00 9.975426830351352692e-03
-8.281056404113769531e+00 -6.377847194671630859e+00 1.112858504056930542e-01
-6.105303764343261719e+00 -5.063772678375244141e+00 9.690764360129833221e-03
-8.277849197387695312e+00 -6.294836521148681641e+00 1.107216030359268188e-01
-5.863949775695800781e+00 -4.803166866302490234e+00 9.260714985430240631e-03
-8.444260597229003906e+00 -6.339986324310302734e+00 1.124250069260597229e-01
-6.233070373535156250e+00 -5.041926860809326172e+00 9.794611483812332153e-03
-8.437213897705078125e+00 -6.254112720489501953e+00 1.118181720376014709e-01
-6.219354629516601562e+00 -4.968011856079101562e+00 9.724972769618034363e-03
-8.174436569213867188e+00 -5.981961250305175781e+00 1.078470945358276367e-01
-6.257571697235107422e+00 -4.935950279235839844e+00 9.737189859151840210e-03
-8.491441726684570312e+00 -6.134294509887695312e+00 1.115307211875915527e-01
-5.781250000000000000e+00 -4.502961158752441406e+00 8.952839300036430359e-03
-8.524850845336914062e+00 -6.079173564910888672e+00 1.114774942398071289e-01
-6.248709201812744141e+00 -4.805750370025634766e+00 9.630898945033550262e-03
-8.221015930175781250e+00 -5.786740779876708984e+00 1.070379838347434998e-01
-6.290025234222412109e+00 -4.776390075683593750e+00 9.649225510656833649e-03
-8.062564849853515625e+00 -5.601541519165039062e+00 1.045254543423652649e-01
-5.817549705505371094e+00 -4.361592292785644531e+00 8.883200585842132568e-03
-1.101078224182128906e+01 -6.979149341583251953e+00 2.639672160148620605e-01
-8.218011856079101562e+00 -5.635091781616210938e+00 1.060904562473297119e-01
-6.019423961639404297e+00 -4.455511093139648438e+00 9.149537421762943268e-03
-1.104661750793457031e+01 -6.907217025756835938e+00 2.638052701950073242e-01
-8.280590057373046875e+00 -5.603615283966064453e+00 1.064524352550506592e-01
-5.863368511199951172e+00 -4.284563541412353516e+00 8.872205391526222229e-03
-1.092540740966796875e+01 -6.738534927368164062e+00 2.599183320999145508e-01
-8.028759002685546875e+00 -5.361669063568115234e+00 1.027901023626327515e-01
-6.035529136657714844e+00 -4.353811740875244141e+00 9.092116728425025940e-03
-1.091786098480224609e+01 -6.641753196716308594e+00 2.587643861770629883e-01
-8.226828575134277344e+00 -5.421246528625488281e+00 1.048980727791786194e-01
-6.410771846771240234e+00 -4.564955711364746094e+00 9.615017101168632507e-03
-1.094469165802001953e+01 -6.566407203674316406e+00 2.584404945373535156e-01
-8.437660217285156250e+00 -5.486222267150878906e+00 1.071550920605659485e-01
-6.484476089477539062e+00 -4.557735919952392578e+00 9.683433920145034790e-03
-1.096068286895751953e+01 -6.484873771667480469e+00 2.578736543655395508e-01
-8.451807022094726562e+00 -5.421928405761718750e+00 1.069102287292480469e-01
-6.483562469482421875e+00 -4.497911930084228516e+00 9.640673175454139709e-03
-1.300804996490478516e+01 -6.971658229827880859e+00 4.380221068859100342e-01
-1.098040485382080078e+01 -6.405910491943359375e+00 2.574080228805541992e-01
-8.514489173889160156e+00 -5.388683319091796875e+00 1.072828471660614014e-01
-6.521765708923339844e+00 -4.465389251708984375e+00 9.656555950641632080e-03
-1.291976737976074219e+01 -6.822630882263183594e+00 4.336315095424652100e-01
-1.089643955230712891e+01 -6.267628669738769531e+00 2.545333206653594971e-01
-8.560115814208984375e+00 -5.344281196594238281e+00 1.074425354599952698e-01
-6.502642154693603516e+00 -4.393935203552246094e+00 9.588139131665229797e-03
-1.297380065917968750e+01 -6.749686717987060547e+00 4.340468347072601318e-01
-1.090860080718994141e+01 -6.185855865478515625e+00 2.539259791374206543e-01
-7.991629600524902344e+00 -4.921471595764160156e+00 9.992624819278717041e-02
-6.541128158569335938e+00 -4.361720085144042969e+00 9.605242870748043060e-03
-1.306122875213623047e+01 -6.693659305572509766e+00 4.355894923210144043e-01
-1.095595073699951172e+01 -6.124172210693359375e+00 2.541486620903015137e-01
-8.377207756042480469e+00 -5.088291645050048828e+00 1.043551042675971985e-01
-6.471698760986328125e+00 -4.258290290832519531e+00 9.464743547141551971e-03
-1.274155330657958984e+01 -6.431425094604492188e+00 4.236043095588684082e-01
-1.102747344970703125e+01 -6.075648307800292969e+00 2.549381852149963379e-01
-8.526649475097656250e+00 -5.107706546783447266e+00 1.058242991566658020e-01
-6.493512153625488281e+00 -4.215777873992919922e+00 9.458635933697223663e-03
-1.277182579040527344e+01 -6.348674297332763672e+00 4.233076572418212891e-01
-1.097316741943359375e+01 -5.958253860473632812e+00 2.528327703475952148e-01
-8.349479675292968750e+00 -4.932215213775634766e+00 1.032478958368301392e-01
-6.516730785369873047e+00 -4.174236774444580078e+00 9.454970248043537140e-03
-1.281323337554931641e+01 -6.271506309509277344e+00 4.233966469764709473e-01
-1.095398426055908203e+01 -5.861095905303955078e+00 2.515573799610137939e-01
-8.374401092529296875e+00 -4.877871036529541016e+00 1.031840145587921143e-01
-6.432324409484863281e+00 -4.064726352691650391e+00 9.296145290136337280e-03
-1.285957813262939453e+01 -6.196673393249511719e+00 4.236636757850646973e-01
-1.096763038635253906e+01 -5.782116889953613281e+00 2.510512769222259521e-01
-8.583668708801269531e+00 -4.929476261138916016e+00 1.053877994418144226e-01
-6.521639347076416016e+00 -4.065386295318603516e+00 9.388997219502925873e-03
-1.262552070617675781e+01 -5.988709926605224609e+00 4.147340953350067139e-01
-1.098693180084228516e+01 -5.706417083740234375e+00 2.506868541240692139e-01
-8.605052947998046875e+00 -4.871788501739501953e+00 1.052813455462455750e-01
-6.524312973022460938e+00 -4.011675357818603516e+00 9.357231669127941132e-03
-1.278430175781250000e+01 -5.968210220336914062e+00 4.187390506267547607e-01
-1.094697284698486328e+01 -5.600643634796142578e+00 2.489863336086273193e-01
-8.655738830566406250e+00 -4.830592155456542969e+00 1.055368483066558838e-01
-6.529994487762451172e+00 -3.960159301757812500e+00 9.330353699624538422e-03
-1.278344058990478516e+01 -5.872547149658203125e+00 4.175227284431457520e-01
-1.091148948669433594e+01 -5.498276233673095703e+00 2.474072724580764771e-01
-8.434638977050781250e+00 -4.639558315277099609e+00 1.024920120835304260e-01
-6.564468860626220703e+00 -3.926176786422729492e+00 9.345014579594135284e-03
-1.281923294067382812e+01 -5.793998718261718750e+00 4.175227284431457520e-01
-1.091457080841064453e+01 -5.416110992431640625e+00 2.467189431190490723e-01
-8.695904731750488281e+00 -4.714001655578613281e+00 1.053132712841033936e-01
-6.593604087829589844e+00 -3.888872146606445312e+00 9.352345019578933716e-03
-1.286093616485595703e+01 -5.718074798583984375e+00 4.177303910255432129e-01
-1.088022518157958984e+01 -5.316119670867919922e+00 2.452006191015243530e-01
-8.669982910156250000e+00 -4.631345272064208984e+00 1.046532094478607178e-01
-6.521388053894042969e+00 -3.792539119720458984e+00 9.216732345521450043e-03
-1.277214336395263672e+01 -5.584990501403808594e+00 4.137254655361175537e-01
-1.095678710937500000e+01 -5.270496368408203125e+00 2.461925894021987915e-01
-8.640720367431640625e+00 -4.547787666320800781e+00 1.039611920714378357e-01
-6.479472160339355469e+00 -3.715147733688354492e+00 9.125103242695331573e-03
-1.286126804351806641e+01 -5.530207633972167969e+00 4.155054390430450439e-01
-1.084885883331298828e+01 -5.136849880218505859e+00 2.430547177791595459e-01
-8.514888763427734375e+00 -4.415054321289062500e+00 1.021193787455558777e-01
-6.731971263885498047e+00 -3.805228710174560547e+00 9.447639808058738708e-03
-1.288022804260253906e+01 -5.444961071014404297e+00 4.150307774543762207e-01
-1.091098594665527344e+01 -5.084544181823730469e+00 2.437430322170257568e-01
-8.526680946350097656e+00 -4.354993343353271484e+00 1.019384041428565979e-01
-6.592712402343750000e+00 -3.673319578170776367e+00 9.220398031175136566e-03
-1.289678096771240234e+01 -5.358923435211181641e+00 4.144967794418334961e-01
-1.091562366485595703e+01 -5.005414485931396484e+00 2.431559413671493530e-01
-8.733685493469238281e+00 -4.393362522125244141e+00 1.040889546275138855e-01
-6.630904674530029297e+00 -3.641462564468383789e+00 9.242389351129531860e-03
-1.088155174255371094e+01 -4.443448543548583984e+00 3.488453924655914307e-01
-1.083403587341308594e+01 -4.887771606445312500e+00 2.406658679246902466e-01
-8.719262123107910156e+00 -4.319272994995117188e+00 1.035992279648780823e-01
-6.587163448333740234e+00 -3.565009832382202148e+00 9.150759316980838776e-03
-1.294116210937500000e+01 -5.192068099975585938e+00 4.138441383838653564e-01
-1.084737300872802734e+01 -4.813903331756591797e+00 2.403014749288558960e-01
-8.518219947814941406e+00 -4.154786109924316406e+00 1.009057089686393738e-01
-6.585090160369873047e+00 -3.511819362640380859e+00 9.117772802710533142e-03
-1.295882701873779297e+01 -5.107067108154296875e+00 4.133991301059722900e-01
-1.078599166870117188e+01 -4.707660675048828125e+00 2.382972836494445801e-01
-8.373186111450195312e+00 -4.020634174346923828e+00 9.889355301856994629e-02
-6.264813423156738281e+00 -3.291803359985351562e+00 8.646184578537940979e-03
-1.296848011016845703e+01 -5.019159317016601562e+00 4.127168059349060059e-01
-1.075311660766601562e+01 -4.614971637725830078e+00 2.369408905506134033e-01
-8.560427665710449219e+00 -4.046095848083496094e+00 1.008098945021629333e-01
-6.544211387634277344e+00 -3.387534141540527344e+00 9.002930484712123871e-03
-1.300463867187500000e+01 -4.941622257232666016e+00 4.128947854042053223e-01
-1.078123092651367188e+01 -4.548904895782470703e+00 2.369408905506134033e-01
-8.574213027954101562e+00 -3.988432884216308594e+00 1.006821393966674805e-01
-6.637034416198730469e+00 -3.384109258651733398e+00 9.101890027523040771e-03
-1.284647178649902344e+01 -4.791522502899169922e+00 4.069319069385528564e-01
-1.080155181884765625e+01 -4.479602813720703125e+00 2.367789298295974731e-01
-8.632164955139160156e+00 -3.951145648956298828e+00 1.010760441422462463e-01
-6.497711181640625000e+00 -3.262992143630981445e+00 8.883200585842132568e-03
-1.270479297637939453e+01 -4.650079727172851562e+00 4.015326499938964844e-01
-1.080661487579345703e+01 -4.404185771942138672e+00 2.362930774688720703e-01
-8.822186470031738281e+00 -3.972831964492797852e+00 1.030136793851852417e-01
-6.456655979156494141e+00 -3.192918777465820312e+00 8.800122886896133423e-03
-1.010166549682617188e+01 -3.637134552001953125e+00 3.163995981216430664e+00
-1.290430355072021484e+01 -4.633515834808349609e+00 4.069319069385528564e-01
-1.081951236724853516e+01 -4.332220077514648438e+00 2.359894067049026489e-01
-8.640687942504882812e+00 -3.827503919601440430e+00 1.006182506680488586e-01
-6.470731258392333984e+00 -3.150614738464355469e+00 8.792792446911334991e-03
-1.013645458221435547e+01 -3.579555034637451172e+00 3.167953491210937500e+00
-1.035772323608398438e+01 -3.659726142883300781e+00 2.789901494979858398e+00
-1.049931144714355469e+01 -3.711815357208251953e+00 2.391442775726318359e+00
-1.294851875305175781e+01 -4.559893131256103516e+00 4.074361920356750488e-01
-1.082262992858886719e+01 -4.256602764129638672e+00 2.354833036661148071e-01
-8.639259338378906250e+00 -3.763630867004394531e+00 1.003308072686195374e-01
-6.622499465942382812e+00 -3.174391508102416992e+00 8.972386829555034637e-03
-1.029114818572998047e+01 -3.565326929092407227e+00 2.766024589538574219e+00
-1.055514526367187500e+01 -3.658851146697998047e+00 2.399001598358154297e+00
-1.073969554901123047e+01 -3.720724344253540039e+00 2.008214950561523438e+00
-1.095402622222900391e+01 -3.792837142944335938e+00 1.614720821380615234e+00
-1.301215744018554688e+01 -4.492753028869628906e+00 4.085635244846343994e-01
-1.086439895629882812e+01 -4.196239948272705078e+00 2.358274459838867188e-01
-8.925069808959960938e+00 -3.823158025741577148e+00 1.033756434917449951e-01
-6.664462566375732422e+00 -3.144364356994628906e+00 9.002930484712123871e-03
-1.071663379669189453e+01 -3.639240980148315430e+00 1.999689459800720215e+00
-1.098459625244140625e+01 -3.728099822998046875e+00 1.615824580192565918e+00
-1.117363452911376953e+01 -3.787909030914306641e+00 1.208824157714843750e+00
-1.163441181182861328e+01 -3.937323808670043945e+00 3.645388185977935791e-01
-1.090116024017333984e+01 -4.133751869201660156e+00 2.360703796148300171e-01
-8.671893119812011719e+00 -3.651897192001342773e+00 1.001817584037780762e-01
-6.632838726043701172e+00 -3.079828500747680664e+00 8.934512734413146973e-03
-1.119005775451660156e+01 -3.717082500457763672e+00 1.208110690116882324e+00
-1.138944149017333984e+01 -3.778899192810058594e+00 7.907269001007080078e-01
-1.077875232696533203e+01 -4.468080520629882812e+00 5.482140183448791504e-01
-1.159573364257812500e+01 -3.845098495483398438e+00 3.625808358192443848e-01
-1.089820957183837891e+01 -4.056323528289794922e+00 2.354630529880523682e-01
-8.626690864562988281e+00 -3.570701837539672852e+00 9.940458089113235474e-02
-6.674350261688232422e+00 -3.049461603164672852e+00 8.965056389570236206e-03
-1.082261562347412109e+01 -4.408642292022705078e+00 5.490587949752807617e-01
-1.156301879882812500e+01 -3.755658149719238281e+00 3.608305156230926514e-01
-1.091162395477294922e+01 -3.985260963439941406e+00 2.352201193571090698e-01
-8.700307846069335938e+00 -3.538800001144409180e+00 1.000007688999176025e-01
-6.311681270599365234e+00 -2.837078571319580078e+00 8.454373106360435486e-03
-1.322518157958984375e+01 -4.205995082855224609e+00 4.118861556053161621e-01
-1.096034336090087891e+01 -3.927001476287841797e+00 2.357464730739593506e-01
-8.436793327331542969e+00 -3.371434450149536133e+00 9.673235565423965454e-02
-6.741450786590576172e+00 -2.980671882629394531e+00 9.005373343825340271e-03
-1.025378990173339844e+01 -3.631183385848999023e+00 3.082197904586791992e+00
-1.039532375335693359e+01 -3.677221536636352539e+00 2.681866407394409180e+00
-1.291097736358642578e+01 -4.019004344940185547e+00 4.013249874114990234e-01
-1.093895530700683594e+01 -3.843766689300537109e+00 2.347747236490249634e-01
-8.743079185485839844e+00 -3.431767463684082031e+00 1.000007688999176025e-01
-6.532183170318603516e+00 -2.840358734130859375e+00 8.702384307980537415e-03
-1.037821578979492188e+01 -3.599675893783569336e+00 2.671704053878784180e+00
-1.060238933563232422e+01 -3.673284530639648438e+00 2.295112609863281250e+00
-1.079347801208496094e+01 -3.735269546508789062e+00 1.903113007545471191e+00
-1.311707115173339844e+01 -3.995041370391845703e+00 4.069615602493286133e-01
-1.095382690429687500e+01 -3.773643255233764648e+00 2.345925271511077881e-01
-8.753707885742187500e+00 -3.374099969863891602e+00 9.988365322351455688e-02
-6.677297115325927734e+00 -2.854869127273559570e+00 8.872205391526222229e-03
-1.081526088714599609e+01 -3.668655157089233398e+00 1.902948737144470215e+00
-1.101196098327636719e+01 -3.731092453002929688e+00 1.505941271781921387e+00
-1.119435787200927734e+01 -3.788536787033081055e+00 1.098409175872802734e+00
-1.144928646087646484e+01 -3.870359182357788086e+00 6.820475459098815918e-01
-1.302734088897705078e+01 -3.880524396896362305e+00 4.034312665462493896e-01
-1.092941284179687500e+01 -3.690368652343750000e+00 2.335803061723709106e-01
-8.767699241638183594e+00 -3.317847490310668945e+00 9.980913251638412476e-02
-6.697453975677490234e+00 -2.815006494522094727e+00 8.875870145857334137e-03
-1.121455764770507812e+01 -3.718837976455688477e+00 1.098131537437438965e+00
-1.145386409759521484e+01 -3.793756484985351562e+00 6.809206604957580566e-01
-1.316894817352294922e+01 -3.834892034530639648e+00 4.070802330970764160e-01
-1.078479194641113281e+01 -3.567968845367431641e+00 2.300172895193099976e-01
-8.821638107299804688e+00 -3.276521205902099609e+00 1.001923978328704834e-01
-6.714600563049316406e+00 -2.773858785629272461e+00 8.875870145857334137e-03
-1.090386199951171875e+01 -4.430786132812500000e+00 4.418607950210571289e-01
-1.299899101257324219e+01 -3.699027776718139648e+00 4.011173248291015625e-01
-1.080457973480224609e+01 -3.501111268997192383e+00 2.299768030643463135e-01
-8.844394683837890625e+00 -3.223358154296875000e+00 1.002243459224700928e-01
-6.742612838745117188e+00 -2.737120151519775391e+00 8.890531025826931000e-03
-1.357230854034423828e+01 -3.772306203842163086e+00 4.180863797664642334e-01
-1.072579574584960938e+01 -3.403002262115478516e+00 2.278511375188827515e-01
-8.671924591064453125e+00 -3.100356817245483398e+00 9.805249422788619995e-02
-6.589300155639648438e+00 -2.627906084060668945e+00 8.666954003274440765e-03
-1.026310920715332031e+01 -3.638641834259033203e+00 2.970734119415283203e+00
-1.041016864776611328e+01 -3.684644937515258789e+00 2.573854207992553711e+00
-1.381900501251220703e+01 -3.749685049057006836e+00 4.249689579010009766e-01
-1.069013977050781250e+01 -3.319632291793823242e+00 2.266567051410675049e-01
-8.657757759094238281e+00 -3.035508871078491211e+00 9.767986834049224854e-02
-6.613680362701416016e+00 -2.590708017349243164e+00 8.677949197590351105e-03
-1.022601032257080078e+01 -3.555008649826049805e+00 2.953625917434692383e+00
-1.042614078521728516e+01 -3.618464708328247070e+00 2.572265386581420898e+00
-1.064521980285644531e+01 -3.686172723770141602e+00 2.193847417831420898e+00
-1.082951259613037109e+01 -3.747872352600097656e+00 1.798640847206115723e+00
-1.303008937835693359e+01 -3.449922084808349609e+00 4.000493288040161133e-01
-1.066630363464355469e+01 -3.240607261657714844e+00 2.257254719734191895e-01
-8.704589843750000000e+00 -2.992080450057983398e+00 9.799926728010177612e-02
-6.591185569763183594e+00 -2.535358905792236328e+00 8.627858944237232208e-03
-1.085230541229248047e+01 -3.681353092193603516e+00 1.798640847206115723e+00
-1.109901618957519531e+01 -3.754245996475219727e+00 1.407510638236999512e+00
-1.121977138519287109e+01 -3.790727376937866211e+00 9.882267713546752930e-01
-1.144549369812011719e+01 -3.862539768218994141e+00 5.675500631332397461e-01
-1.377784347534179688e+01 -3.557581186294555664e+00 4.223286807537078857e-01
-1.066298484802246094e+01 -3.168264627456665039e+00 2.252396047115325928e-01
-8.697199821472167969e+00 -2.929994106292724609e+00 9.771181643009185791e-02
-6.700170040130615234e+00 -2.530196428298950195e+00 8.750031702220439911e-03
-1.121822261810302734e+01 -3.713670253753662109e+00 9.860647320747375488e-01
-1.149363708496093750e+01 -3.800392150878906250e+00 5.687702894210815430e-01
-1.400200366973876953e+01 -3.523961782455444336e+00 4.285289049148559570e-01
-1.070142745971679688e+01 -3.108355760574340820e+00 2.256444990634918213e-01
-8.576378822326660156e+00 -2.830814599990844727e+00 9.615745395421981812e-02
-6.678999900817871094e+00 -2.475483417510986328e+00 8.702384307980537415e-03
-1.421170043945312500e+01 -3.484153985977172852e+00 4.342841804027557373e-01
-1.073953437805175781e+01 -3.048094034194946289e+00 2.260493785142898560e-01
-8.698246955871582031e+00 -2.811972379684448242e+00 9.732854366302490234e-02
-6.767366409301757812e+00 -2.461113691329956055e+00 8.797679096460342407e-03
-1.398196887969970703e+01 -3.337019681930541992e+00 4.266302585601806641e-01
-1.075803470611572266e+01 -2.982140064239501953e+00 2.260493785142898560e-01
-8.539924621582031250e+00 -2.703027009963989258e+00 9.536962211132049561e-02
-6.673084259033203125e+00 -2.380567550659179688e+00 8.655958808958530426e-03
-1.028880405426025391e+01 -3.649899721145629883e+00 2.870136260986328125e+00
-1.046364498138427734e+01 -3.701646327972412109e+00 2.480943202972412109e+00
-1.383373928070068359e+01 -3.212054491043090820e+00 4.214980304241180420e-01
-1.076358413696289062e+01 -2.912678956985473633e+00 2.257862091064453125e-01
-8.748337745666503906e+00 -2.710049867630004883e+00 9.750953316688537598e-02
-6.732872962951660156e+00 -2.355427742004394531e+00 8.714601397514343262e-03
-1.027994918823242188e+01 -3.575896978378295898e+00 2.861491441726684570e+00
-1.050367927551269531e+01 -3.643449544906616211e+00 2.485087871551513672e+00
-1.071757411956787109e+01 -3.707169055938720703e+00 2.097764015197753906e+00
-1.087231731414794922e+01 -3.752197742462158203e+00 1.696353912353515625e+00
-1.461273288726806641e+01 -3.298565626144409180e+00 4.446080029010772705e-01
-1.078608703613281250e+01 -2.847856283187866211e+00 2.258874326944351196e-01
-8.805951118469238281e+00 -2.668791055679321289e+00 9.796732664108276367e-02
-6.638418674468994141e+00 -2.276763200759887695e+00 8.574102073907852173e-03
-1.067865657806396484e+01 -3.620499134063720703e+00 2.085759162902832031e+00
-1.089513587951660156e+01 -3.685415744781494141e+00 1.696353912353515625e+00
-1.114691638946533203e+01 -3.764080524444580078e+00 1.300978541374206543e+00
-1.134977436065673828e+01 -3.825962066650390625e+00 8.858621716499328613e-01
-1.154524898529052734e+01 -3.885125160217285156e+00 4.573172926902770996e-01
-1.441301727294921875e+01 -3.160667419433593750e+00 4.379331171512603760e-01
-1.087306976318359375e+01 -2.799569368362426758e+00 2.273450344800949097e-01
-8.809697151184082031e+00 -2.611014604568481445e+00 9.782891720533370972e-02
-6.739469051361083984e+00 -2.265299558639526367e+00 8.686501532793045044e-03
-1.128591537475585938e+01 -3.727475166320800781e+00 8.790762424468994141e-01
-1.158025932312011719e+01 -3.817966461181640625e+00 4.577674865722656250e-01
-1.483004474639892578e+01 -3.156873226165771484e+00 4.500072896480560303e-01
-1.082410144805908203e+01 -2.716253280639648438e+00 2.259684056043624878e-01
-8.734310150146484375e+00 -2.530475854873657227e+00 9.681753069162368774e-02
-6.696252346038818359e+00 -2.205137252807617188e+00 8.613198064267635345e-03
-1.487850284576416016e+01 -3.071881771087646484e+00 4.508972465991973877e-01
-1.080074405670166016e+01 -2.640053510665893555e+00 2.251383811235427856e-01
-8.551471710205078125e+00 -2.420729398727416992e+00 9.462438523769378662e-02
-6.633519172668457031e+00 -2.139452219009399414e+00 8.515459485352039337e-03
-1.393457984924316406e+01 -2.787960529327392578e+00 4.217650294303894043e-01
-1.072044849395751953e+01 -2.550820112228393555e+00 2.231341898441314697e-01
-8.224982261657714844e+00 -2.273889303207397461e+00 9.085559099912643433e-02
-6.650336265563964844e+00 -2.099913835525512695e+00 8.520347066223621368e-03
-1.447839260101318359e+01 -2.804481506347656250e+00 4.376957714557647705e-01
-1.074953460693359375e+01 -2.488148927688598633e+00 2.234176099300384521e-01
-8.598876953125000000e+00 -2.320557594299316406e+00 9.482666850090026855e-02
-6.777746200561523438e+00 -2.094498634338378906e+00 8.666954003274440765e-03
-1.388914585113525391e+01 -2.602027177810668945e+00 4.193917214870452881e-01
-1.077240276336669922e+01 -2.423900127410888672e+00 2.235795706510543823e-01
-8.719321250915527344e+00 -2.295758485794067383e+00 9.599775820970535278e-02
-6.857475280761718750e+00 -2.073128461837768555e+00 8.752475492656230927e-03
-1.462384605407714844e+01 -2.646893262863159180e+00 4.410777390003204346e-01
-1.078512001037597656e+01 -2.357329368591308594e+00 2.235390841960906982e-01
-8.736149787902832031e+00 -2.242960453033447266e+00 9.602969884872436523e-02
-6.826912879943847656e+00 -2.018254995346069336e+00 8.697497658431529999e-03
-1.467525768280029297e+01 -2.563304662704467773e+00 4.421457052230834961e-01
-1.084534835815429688e+01 -2.300860643386840820e+00 2.244905680418014526e-01
-8.573201179504394531e+00 -2.145139455795288086e+00 9.409206360578536987e-02
-6.865106582641601562e+00 -1.983823537826538086e+00 8.730484172701835632e-03
-1.397805690765380859e+01 -2.353234052658081055e+00 4.206970334053039551e-01
-1.076133346557617188e+01 -2.214123010635375977e+00 2.224661111831665039e-01
-8.763988494873046875e+00 -2.135822534561157227e+00 9.604034572839736938e-02
-6.522994995117187500e+00 -1.841672182083129883e+00 8.280887268483638763e-03
-1.409879589080810547e+01 -2.284690380096435547e+00 4.239009916782379150e-01
-1.086198043823242188e+01 -2.165448188781738281e+00 2.242678701877593994e-01
-8.761361122131347656e+00 -2.078314542770385742e+00 9.586999565362930298e-02
-6.541884422302246094e+00 -1.803739547729492188e+00 8.290661498904228210e-03
-1.379353713989257812e+01 -2.148450136184692383e+00 4.143187701702117920e-01
-1.076806068420410156e+01 -2.078109264373779297e+00 2.220612317323684692e-01
-8.847998619079589844e+00 -2.041603088378906250e+00 9.667912125587463379e-02
-6.598214149475097656e+00 -1.775779843330383301e+00 8.348082192242145538e-03
-1.440751457214355469e+01 -2.153619289398193359e+00 4.323558509349822998e-01
-1.077569484710693359e+01 -2.011081457138061523e+00 2.219600081443786621e-01
-8.788156509399414062e+00 -1.971080303192138672e+00 9.589128941297531128e-02
-6.896248817443847656e+00 -1.810684561729431152e+00 8.710936643183231354e-03
-1.073469924926757812e+01 -1.935346007347106934e+00 2.208668142557144165e-01
-8.600771903991699219e+00 -1.873699188232421875e+00 9.371944516897201538e-02
-6.889791965484619141e+00 -1.763871669769287109e+00 8.688945323228836060e-03
-1.429916572570800781e+01 -1.958344817161560059e+00 4.283509254455566406e-01
-1.062324714660644531e+01 -1.848023772239685059e+00 2.183362543582916260e-01
-8.545581817626953125e+00 -1.806824922561645508e+00 9.299550205469131470e-02
-6.904366016387939453e+00 -1.722531795501708984e+00 8.693831972777843475e-03
-1.414935874938964844e+01 -1.849453330039978027e+00 4.235153198242187500e-01
-1.068664550781250000e+01 -1.791566967964172363e+00 2.194092124700546265e-01
-8.672096252441406250e+00 -1.778055548667907715e+00 9.425176680088043213e-02
-6.605796337127685547e+00 -1.605053067207336426e+00 8.305322378873825073e-03
-1.452645301818847656e+01 -1.808158516883850098e+00 4.344621598720550537e-01
-1.058195495605468750e+01 -1.707328915596008301e+00 2.170406132936477661e-01
-8.592611312866210938e+00 -1.706887006759643555e+00 9.327230602502822876e-02
-5.986861228942871094e+00 -1.415820121765136719e+00 7.516084704548120499e-03
-1.447870826721191406e+01 -1.712066531181335449e+00 4.327118396759033203e-01
-1.058630371093750000e+01 -1.641447901725769043e+00 2.169191390275955200e-01
-8.629435539245605469e+00 -1.659229159355163574e+00 9.355974942445755005e-02
-6.607453346252441406e+00 -1.519833922386169434e+00 8.283331058919429779e-03
-1.449688816070556641e+01 -1.624084949493408203e+00 4.329491853713989258e-01
-1.062287712097167969e+01 -1.580433130264282227e+00 2.174657434225082397e-01
-8.693524360656738281e+00 -1.616301536560058594e+00 9.414529800415039062e-02
-6.864535331726074219e+00 -1.534680604934692383e+00 8.593650534749031067e-03
-1.461989784240722656e+01 -1.547094583511352539e+00 4.363311529159545898e-01
-1.060861873626708984e+01 -1.511837244033813477e+00 2.169798761606216431e-01
-8.743630409240722656e+00 -1.570175170898437500e+00 9.458180516958236694e-02
-6.784894943237304688e+00 -1.473222613334655762e+00 8.482472971081733704e-03
-1.472957324981689453e+01 -1.467367172241210938e+00 4.393274486064910889e-01
-1.063255596160888672e+01 -1.448740243911743164e+00 2.172835469245910645e-01
-8.808275222778320312e+00 -1.526054859161376953e+00 9.517799317836761475e-02
-6.730203151702880859e+00 -1.418161273002624512e+00 8.403060026466846466e-03
-1.460095787048339844e+01 -1.364129066467285156e+00 4.352334737777709961e-01
-1.071163845062255859e+01 -1.392624735832214355e+00 2.187209129333496094e-01
-8.845088958740234375e+00 -1.476589798927307129e+00 9.547609090805053711e-02
-6.912195682525634766e+00 -1.412270665168762207e+00 8.619306609034538269e-03
-1.422667503356933594e+01 -1.241154432296752930e+00 4.238416552543640137e-01
-1.070112895965576172e+01 -1.324539661407470703e+00 2.183362543582916260e-01
-8.861881256103515625e+00 -1.423558354377746582e+00 9.556126594543457031e-02
-6.932502746582031250e+00 -1.372161626815795898e+00 8.633967489004135132e-03
-1.397498703002929688e+01 -1.132839798927307129e+00 4.161284267902374268e-01
-1.067231464385986328e+01 -1.254535079002380371e+00 2.175872027873992920e-01
-8.604612350463867188e+00 -1.328124046325683594e+00 9.269740432500839233e-02
-6.948648452758789062e+00 -1.331103920936584473e+00 8.643741719424724579e-03
-1.394379711151123047e+01 -1.044232964515686035e+00 4.150010943412780762e-01
-1.080501270294189453e+01 -1.202966451644897461e+00 2.201380133628845215e-01
-8.844061851501464844e+00 -1.309575676918029785e+00 9.518863260746002197e-02
-6.970450878143310547e+00 -1.290992259979248047e+00 8.660845458507537842e-03
-4.927204608917236328e+00 -3.386030793190002441e-01 1.465809196233749390e-01
-1.089273071289062500e+01 -1.145112395286560059e+00 2.217778116464614868e-01
-8.932124137878417969e+00 -1.266657114028930664e+00 9.605098515748977661e-02
-6.960522174835205078e+00 -1.245028734207153320e+00 8.638854138553142548e-03
-4.931184768676757812e+00 -3.084887564182281494e-01 1.466402560472488403e-01
-1.096024322509765625e+01 -1.084258198738098145e+00 2.230127304792404175e-01
-9.007107734680175781e+00 -1.220960497856140137e+00 9.677493572235107422e-02
-7.020259380340576172e+00 -1.211308121681213379e+00 8.703606203198432922e-03
-4.939970493316650391e+00 -2.786197960376739502e-01 1.468479186296463013e-01
-1.093781852722167969e+01 -1.014309763908386230e+00 2.224256247282028198e-01
-8.942036628723144531e+00 -1.156309604644775391e+00 9.599775820970535278e-02
-7.028545856475830078e+00 -1.168373823165893555e+00 8.704828098416328430e-03
-1.322548484802246094e+01 -6.645503640174865723e-01 3.930184245109558105e-01
-1.095877838134765625e+01 -9.484706521034240723e-01 2.227293103933334351e-01
-8.925144195556640625e+00 -1.098488926887512207e+00 9.574224054813385010e-02
-7.030645370483398438e+00 -1.124435782432556152e+00 8.698719553649425507e-03
-1.323430538177490234e+01 -5.836079120635986328e-01 3.931667506694793701e-01
-1.095043945312500000e+01 -8.800896406173706055e-01 2.224458903074264526e-01
-8.993294715881347656e+00 -1.050900220870971680e+00 9.640231728553771973e-02
-7.010725498199462891e+00 -1.077175021171569824e+00 8.665733039379119873e-03
-1.300490760803222656e+01 -4.935602545738220215e-01 3.862545192241668701e-01
-1.092273044586181641e+01 -8.104411363601684570e-01 2.217778116464614868e-01
-8.541396141052246094e+00 -9.450065493583679199e-01 9.149437397718429565e-02
-7.039957046508789062e+00 -1.037491083145141602e+00 8.693831972777843475e-03
-1.332838726043701172e+01 -4.239552021026611328e-01 3.957773745059967041e-01
-4.940565109252929688e+00 -3.361100852489471436e-01 1.002706959843635559e-01
-8.965732574462890625e+00 -9.363051056861877441e-01 9.597646445035934448e-02
-6.756064891815185547e+00 -9.533361196517944336e-01 8.335865102708339691e-03
-1.269522762298583984e+01 -3.258538544178009033e-01 3.769096434116363525e-01
-4.919583320617675781e+00 -3.043690621852874756e-01 9.980507940053939819e-02
-8.972304344177246094e+00 -8.813725709915161133e-01 9.598711133003234863e-02
-6.802419662475585938e+00 -9.173431992530822754e-01 8.385956287384033203e-03
-1.265101623535156250e+01 -2.470535188913345337e-01 3.755449950695037842e-01
-4.920360088348388672e+00 -2.741217315196990967e-01 9.978483617305755615e-02
-8.473700523376464844e+00 -7.799287438392639160e-01 9.060008078813552856e-02
-6.943800926208496094e+00 -8.930631279945373535e-01 8.553333580493927002e-03
-1.252536201477050781e+01 -1.677239686250686646e-01 3.717773854732513428e-01
-1.093933010101318359e+01 -5.421398282051086426e-01 2.217778116464614868e-01
-9.075097084045410156e+00 -7.791571021080017090e-01 9.697721898555755615e-02
-7.038483619689941406e+00 -8.613725900650024414e-01 8.663289248943328857e-03
-1.233424472808837891e+01 -8.947448432445526123e-02 3.660814464092254639e-01
-1.094045257568359375e+01 -4.749203920364379883e-01 2.217373102903366089e-01
-9.034852027893066406e+00 -7.198846936225891113e-01 9.649813175201416016e-02
-7.031716346740722656e+00 -8.167845010757446289e-01 8.648628368973731995e-03
-1.178780269622802734e+01 -1.317996531724929810e-02 3.498540222644805908e-01
-1.094715690612792969e+01 -4.079310595989227295e-01 2.218182981014251709e-01
-8.931396484375000000e+00 -6.565174460411071777e-01 9.534832835197448730e-02
-7.033613681793212891e+00 -7.732954025268554688e-01 8.644962683320045471e-03
-1.132986927032470703e+01 5.685174092650413513e-02 3.362669050693511963e-01
-1.100741386413574219e+01 -3.425565958023071289e-01 2.229924649000167847e-01
-4.934544086456298828e+00 -3.322937786579132080e-01 5.265663564205169678e-02
-7.014354228973388672e+00 -7.276470661163330078e-01 8.615641854703426361e-03
-4.901261329650878906e+00 -3.024304807186126709e-01 2.307182699441909790e-01
-1.125034618377685547e+01 1.254886984825134277e-01 3.339232504367828369e-01
-1.107127666473388672e+01 -2.765578925609588623e-01 2.242476344108581543e-01
-4.917526721954345703e+00 -3.008495867252349854e-01 5.245435610413551331e-02
-6.955984592437744141e+00 -6.784781813621520996e-01 8.538672700524330139e-03
-4.881082534790039062e+00 -2.711323797702789307e-01 2.296857535839080811e-01
-1.105447959899902344e+01 1.911473274230957031e-01 3.281383514404296875e-01
-1.103777885437011719e+01 -2.079614251852035522e-01 2.235390841960906982e-01
-4.914288043975830078e+00 -2.703958749771118164e-01 5.240112915635108948e-02
-7.098440170288085938e+00 -6.484289765357971191e-01 8.708492852747440338e-03
-1.093618202209472656e+01 2.562333941459655762e-01 3.246673941612243652e-01
-1.101285457611083984e+01 -1.399007886648178101e-01 2.230127304792404175e-01
-8.702120780944824219e+00 -4.252716898918151855e-01 9.276127815246582031e-02
-7.086343288421630859e+00 -6.035038828849792480e-01 8.688945323228836060e-03
-1.094939136505126953e+01 3.237749040126800537e-01 3.251123726367950439e-01
-1.099850845336914062e+01 -7.222606241703033447e-02 2.227090448141098022e-01
-8.844431877136230469e+00 -3.778436481952667236e-01 9.425176680088043213e-02
-7.109850406646728516e+00 -5.615863800048828125e-01 8.713380433619022369e-03
-1.092222595214843750e+01 3.900611698627471924e-01 3.243707418441772461e-01
-1.099974536895751953e+01 -4.739550407975912094e-03 2.227293103933334351e-01
-8.816604614257812500e+00 -3.224716484546661377e-01 9.393236786127090454e-02
-4.912989139556884766e+00 -3.577432036399841309e-01 6.018242798745632172e-03
-4.921491622924804688e+00 -3.297430872917175293e-01 1.851778626441955566e-01
-1.093360805511474609e+01 4.576565623283386230e-01 3.247860670089721680e-01
-1.097757148742675781e+01 6.262821704149246216e-02 2.222839146852493286e-01
-9.041301727294921875e+00 -2.751508653163909912e-01 9.630650281906127930e-02
-4.916089057922363281e+00 -3.276574313640594482e-01 6.019464693963527679e-03
-4.930404186248779297e+00 -2.999639511108398438e-01 1.854404807090759277e-01
-1.093858051300048828e+01 5.251187086105346680e-01 3.250233829021453857e-01
-1.097398090362548828e+01 1.299486309289932251e-01 2.222231775522232056e-01
-8.663953781127929688e+00 -2.104658335447311401e-01 9.227155148983001709e-02
-4.916010856628417969e+00 -2.973659634590148926e-01 6.017021369189023972e-03
-4.945123195648193359e+00 -2.704152464866638184e-01 1.859281808137893677e-01
-1.093016242980957031e+01 5.919564366340637207e-01 3.248750567436218262e-01
-1.091300010681152344e+01 1.962029486894607544e-01 2.210085242986679077e-01
-9.036999702453613281e+00 -1.640524268150329590e-01 9.623197466135025024e-02
-4.919740200042724609e+00 -2.673047780990600586e-01 6.019464693963527679e-03
-1.462958431243896484e+01 3.477192223072052002e-01 8.258381485939025879e-01
-1.094627952575683594e+01 6.602150797843933105e-01 3.254683911800384521e-01
-1.093058109283447266e+01 2.636181712150573730e-01 2.213931679725646973e-01
-9.073831558227539062e+00 -1.090318784117698669e-01 9.661524742841720581e-02
-4.937269210815429688e+00 -2.378828078508377075e-01 6.039012689143419266e-03
-1.093703556060791016e+01 7.270362973213195801e-01 3.253200352191925049e-01
-1.096573352813720703e+01 3.318007886409759521e-01 2.221422046422958374e-01
-8.995334625244140625e+00 -5.288938060402870178e-02 9.577418118715286255e-02
-7.079743862152099609e+00 -2.975801825523376465e-01 8.657180704176425934e-03
-1.093735408782958984e+01 7.944930791854858398e-01 3.254683911800384521e-01
-1.095250034332275391e+01 3.986789584159851074e-01 2.219195216894149780e-01
-9.001490592956542969e+00 2.307489281520247459e-03 9.583806991577148438e-02
-6.810611248016357422e+00 -2.444148808717727661e-01 8.326091803610324860e-03
-1.443882369995117188e+01 8.473765850067138672e-02 6.784036755561828613e-01
-1.091832256317138672e+01 8.604890108108520508e-01 3.250530660152435303e-01
-1.095184612274169922e+01 4.659597277641296387e-01 2.219600081443786621e-01
-8.988306999206542969e+00 5.745645612478256226e-02 9.569966048002243042e-02
-7.096856117248535156e+00 -2.110946774482727051e-01 8.674284443259239197e-03
-1.395859527587890625e+01 1.675752997398376465e-01 6.558762788772583008e-01
-1.092976856231689453e+01 9.289053678512573242e-01 3.255573809146881104e-01
-1.095776748657226562e+01 5.335878729820251465e-01 2.221422046422958374e-01
-8.971787452697753906e+00 1.124061569571495056e-01 9.552931785583496094e-02
-7.158000946044921875e+00 -1.689610779285430908e-01 8.747588843107223511e-03
-1.332211017608642578e+01 2.416964620351791382e-01 6.260274648666381836e-01
-1.092883968353271484e+01 9.964053630828857422e-01 3.257057070732116699e-01
-1.100520038604736328e+01 6.036058664321899414e-01 2.231746613979339600e-01
-9.058909416198730469e+00 1.690961569547653198e-01 9.646619856357574463e-02
-7.112910270690917969e+00 -1.242339238524436951e-01 8.691389113664627075e-03
-1.193331527709960938e+01 2.897553443908691406e-01 5.608387589454650879e-01
-1.094440746307373047e+01 1.065575718879699707e+00 3.263583779335021973e-01
-1.087854385375976562e+01 6.636331677436828613e-01 2.206846177577972412e-01
-9.135672569274902344e+00 2.266114950180053711e-01 9.729661047458648682e-02
-7.164535522460937500e+00 -8.116532117128372192e-02 8.753697387874126434e-03
-1.247329998016357422e+01 8.333956599235534668e-01 7.054867744445800781e-01
-1.193730354309082031e+01 3.631535470485687256e-01 5.611203312873840332e-01
-1.094661045074462891e+01 1.133635878562927246e+00 3.266253471374511719e-01
-1.087127399444580078e+01 7.301691174507141113e-01 2.206238806247711182e-01
-8.998182296752929688e+00 2.784562706947326660e-01 9.584870934486389160e-02
-7.158898353576660156e+00 -3.717187419533729553e-02 8.746366947889328003e-03
-1.363883113861083984e+01 4.986979663372039795e-01 6.412335038185119629e-01
-1.095335960388183594e+01 1.202308654785156250e+00 3.270406723022460938e-01
-1.081573581695556641e+01 7.931311130523681641e-01 2.195914089679718018e-01
-9.126208305358886719e+00 3.384808003902435303e-01 9.723272919654846191e-02
-7.174991607666015625e+00 6.770099047571420670e-03 8.765914477407932281e-03
-1.216048717498779297e+01 5.193762183189392090e-01 5.718677639961242676e-01
-1.274073696136474609e+01 8.575188368558883667e-02 4.783261418342590332e-01
-1.095967674255371094e+01 1.271106719970703125e+00 3.274559974670410156e-01
-1.083159542083740234e+01 8.611443042755126953e-01 2.200165539979934692e-01
-8.901180267333984375e+00 3.848400115966796875e-01 9.485860913991928101e-02
-7.174815177917480469e+00 5.079489201307296753e-02 8.765914477407932281e-03
-1.263098335266113281e+01 6.171366572380065918e-01 5.941605567932128906e-01
-1.115821552276611328e+01 1.435734182596206665e-01 4.189386665821075439e-01
-1.095464706420898438e+01 1.338693857192993164e+00 3.275450170040130615e-01
-1.089484119415283203e+01 9.334786534309387207e-01 2.214134037494659424e-01
-9.437963485717773438e+00 4.660826623439788818e-01 1.006076112389564514e-01
-7.189367294311523438e+00 9.501600265502929688e-02 8.784241043031215668e-03
-1.271273422241210938e+01 6.993458867073059082e-01 5.981966853141784668e-01
-1.091733646392822266e+01 2.074791789054870605e-01 4.099348485469818115e-01
-1.095911598205566406e+01 1.407540559768676758e+00 3.279306888580322266e-01
-1.085107517242431641e+01 9.968350529670715332e-01 2.206441164016723633e-01
-9.199302673339843750e+00 5.108984112739562988e-01 9.809508174657821655e-02
-7.208645343780517578e+00 1.395143419504165649e-01 8.808675222098827362e-03
-1.235325908660888672e+01 7.556253075599670410e-01 5.814888477325439453e-01
-1.092484951019287109e+01 2.746888697147369385e-01 4.102725386619567871e-01
-1.093937587738037109e+01 1.473290205001831055e+00 3.276043534278869629e-01
-1.092037677764892578e+01 1.070812463760375977e+00 2.221826910972595215e-01
-9.176033020019531250e+00 5.661031603813171387e-01 9.788215160369873047e-02
-7.279630184173583984e+00 1.855780184268951416e-01 8.896639570593833923e-03
-1.224473953247070312e+01 8.244305253028869629e-01 5.766079425811767578e-01
-1.090098476409912109e+01 3.410298526287078857e-01 4.094471633434295654e-01
-1.094002819061279297e+01 1.541780233383178711e+00 3.279010057449340820e-01
-1.090564632415771484e+01 1.136969089508056641e+00 2.220207452774047852e-01
-9.158419609069824219e+00 6.214478611946105957e-01 9.773310273885726929e-02
-7.261362552642822266e+00 2.297039777040481567e-01 8.875870145857334137e-03
-1.210496234893798828e+01 8.896630406379699707e-01 5.702721476554870605e-01
-1.089269542694091797e+01 4.076863825321197510e-01 4.092220962047576904e-01
-1.095607376098632812e+01 1.612662553787231445e+00 3.286723196506500244e-01
-1.094616413116455078e+01 1.209132432937622070e+00 2.229924649000167847e-01
-9.311994552612304688e+00 6.892940998077392578e-01 9.941522032022476196e-02
-7.266811370849609375e+00 2.745187878608703613e-01 8.884422481060028076e-03
-1.237708759307861328e+01 9.860535264015197754e-01 5.833661556243896484e-01
-1.088799095153808594e+01 4.744279980659484863e-01 4.091470241546630859e-01
-1.093411636352539062e+01 1.678037881851196289e+00 3.283163309097290039e-01
-1.094648361206054688e+01 1.277201056480407715e+00 2.231544405221939087e-01
-9.073355674743652344e+00 7.276341319084167480e-01 9.691334515810012817e-02
-7.255999088287353516e+00 3.187070190906524658e-01 8.873427286744117737e-03
-1.245042324066162109e+01 1.068814277648925781e+00 5.871207118034362793e-01
-1.085293769836425781e+01 5.396385192871093750e-01 4.079465270042419434e-01
-1.095816040039062500e+01 1.750615596771240234e+00 3.293546438217163086e-01
-1.094836425781250000e+01 1.345563054084777832e+00 2.233568876981735229e-01
-9.309807777404785156e+00 8.041170239448547363e-01 9.948974102735519409e-02
-7.212957859039306641e+00 3.611725568771362305e-01 8.823335170745849609e-03
-1.243070030212402344e+01 1.143998503684997559e+00 5.865105986595153809e-01
-1.086339092254638672e+01 6.070011854171752930e-01 4.084717631340026855e-01
-1.094228172302246094e+01 1.817002058029174805e+00 3.292063176631927490e-01
-1.093891048431396484e+01 1.412587523460388184e+00 2.233366370201110840e-01
-9.316647529602050781e+00 8.623316884040832520e-01 9.961750358343124390e-02
-7.145709037780761719e+00 4.017747342586517334e-01 8.743923157453536987e-03
-1.269285106658935547e+01 1.246711730957031250e+00 5.992292165756225586e-01
-1.090633869171142578e+01 6.765542030334472656e-01 4.102349877357482910e-01
-1.091615200042724609e+01 1.881561756134033203e+00 3.287613391876220703e-01
-1.093499088287353516e+01 1.480351448059082031e+00 2.234378606081008911e-01
-9.196743965148925781e+00 9.081807136535644531e-01 9.839317947626113892e-02
-7.197004318237304688e+00 4.489745795726776123e-01 8.809897117316722870e-03
-1.267403411865234375e+01 1.323428988456726074e+00 5.987129807472229004e-01
-1.090796375274658203e+01 7.438694834709167480e-01 4.104601144790649414e-01
-1.093096828460693359e+01 1.953253746032714844e+00 3.295623064041137695e-01
-1.096628761291503906e+01 1.553167700767517090e+00 2.242678701877593994e-01
-9.184037208557128906e+00 9.638631939888000488e-01 9.831865131855010986e-02
-7.180146694183349609e+00 4.921687543392181396e-01 8.792792446911334991e-03
-1.243732166290283203e+01 1.375908255577087402e+00 5.879185795783996582e-01
-1.084041118621826172e+01 8.061168193817138672e-01 4.080965816974639893e-01
-1.092762470245361328e+01 2.021924972534179688e+00 3.298293352127075195e-01
-1.097435379028320312e+01 1.623059272766113281e+00 2.246322780847549438e-01
-9.002043724060058594e+00 1.000643849372863770e+00 9.643425792455673218e-02
-7.193944454193115234e+00 5.374826192855834961e-01 8.813561871647834778e-03
-1.281657505035400391e+01 1.497523188591003418e+00 6.062690019607543945e-01
-1.084920597076416016e+01 8.737401962280273438e-01 4.086218178272247314e-01
-1.092384815216064453e+01 2.090628623962402344e+00 3.300963342189788818e-01
-1.096418857574462891e+01 1.690366148948669434e+00 2.246322780847549438e-01
-8.546840667724609375e+00 1.003172397613525391e+00 9.162212163209915161e-02
-7.231377124786376953e+00 5.849192142486572266e-01 8.863652125000953674e-03
-1.437854385375976562e+01 1.769523143768310547e+00 6.806564331054687500e-01
-1.086056518554687500e+01 9.417608380317687988e-01 4.092595875263214111e-01
-1.092258167266845703e+01 2.159943580627441406e+00 3.304523229598999023e-01
-1.091708564758300781e+01 1.751748561859130859e+00 2.238832414150238037e-01
-9.118097305297851562e+00 1.126983046531677246e+00 9.781827777624130249e-02
-7.350188732147216797e+00 6.399478316307067871e-01 9.013925679028034210e-03
-1.389091205596923828e+01 1.796102762222290039e+00 6.580820679664611816e-01
-1.087348747253417969e+01 1.010138511657714844e+00 4.099723994731903076e-01
-1.090324592590332031e+01 2.225723028182983398e+00 3.302743136882781982e-01
-1.088049125671386719e+01 1.814425706863403320e+00 2.233568876981735229e-01
-9.107043266296386719e+00 1.182394385337829590e+00 9.777568280696868896e-02
-7.401882171630859375e+00 6.902351975440979004e-01 9.082342498004436493e-03
-1.386973190307617188e+01 1.879960417747497559e+00 6.576128005981445312e-01
-1.087305164337158203e+01 1.077429294586181641e+00 4.101974964141845703e-01
-1.090112113952636719e+01 2.295053243637084961e+00 3.306303024291992188e-01
-1.086028575897216797e+01 1.879618406295776367e+00 2.231746613979339600e-01
-9.195725440979003906e+00 1.251330137252807617e+00 9.880837798118591309e-02
-7.349742889404296875e+00 7.308893799781799316e-01 9.023698978126049042e-03
-1.311717033386230469e+01 1.859989047050476074e+00 6.224606037139892578e-01
-1.085629844665527344e+01 1.143078446388244629e+00 4.098223447799682617e-01
-1.089660263061523438e+01 2.364017486572265625e+00 3.309269845485687256e-01
-1.091645050048828125e+01 1.958402037620544434e+00 2.245715409517288208e-01
-9.057199478149414062e+00 1.289131164550781250e+00 9.740306437015533447e-02
-7.132304191589355469e+00 7.534899711608886719e-01 8.762249723076820374e-03
-1.282389545440673828e+01 1.898742675781250000e+00 6.090849637985229492e-01
-1.091760730743408203e+01 1.217310667037963867e+00 4.124109447002410889e-01
-1.091505908966064453e+01 2.438242197036743164e+00 3.319356143474578857e-01
-1.092782020568847656e+01 2.029729127883911133e+00 2.250574082136154175e-01
-9.059999465942382812e+00 1.346297621726989746e+00 9.752018004655838013e-02
-7.047049045562744141e+00 7.882348895072937012e-01 8.663289248943328857e-03
-1.266293525695800781e+01 1.954385757446289062e+00 6.019982099533081055e-01
-1.082160377502441406e+01 1.273879170417785645e+00 4.090720117092132568e-01
-1.093301486968994141e+01 2.512782335281372070e+00 3.329442739486694336e-01
-1.094952487945556641e+01 2.103343963623046875e+00 2.257659584283828735e-01
-8.852947235107421875e+00 1.371101975440979004e+00 9.538027644157409668e-02
-7.032148361206054688e+00 8.302873373031616211e-01 8.651072159409523010e-03
-1.352255439758300781e+01 2.172090053558349609e+00 6.434862017631530762e-01
-1.085821056365966797e+01 1.345786452293395996e+00 4.107602238655090332e-01
-1.094754695892333984e+01 2.586944818496704102e+00 3.338639438152313232e-01
-1.092562580108642578e+01 2.168348550796508789e+00 2.255432754755020142e-01
-9.217531204223632812e+00 1.485537528991699219e+00 9.940458089113235474e-02
-6.853258132934570312e+00 8.518344163894653320e-01 8.437268435955047607e-03
-1.492873954772949219e+01 2.492020606994628906e+00 7.111153602600097656e-01
-1.087254047393798828e+01 1.415352821350097656e+00 4.116230607032775879e-01
-1.091495418548583984e+01 2.650059700012207031e+00 3.333595991134643555e-01
-1.088273048400878906e+01 2.229326725006103516e+00 2.249359339475631714e-01
-8.830523490905761719e+00 1.478812217712402344e+00 9.532704204320907593e-02
-7.265360355377197266e+00 9.483607411384582520e-01 8.951617404818534851e-03
-1.470352554321289062e+01 2.547255992889404297e+00 7.011188268661499023e-01
-1.089335536956787109e+01 1.486091136932373047e+00 4.127485752105712891e-01
-1.090527820587158203e+01 2.718675136566162109e+00 3.335672616958618164e-01
-1.091580104827880859e+01 2.305979013442993164e+00 2.259076684713363647e-01
-8.935564994812011719e+00 1.552827239036560059e+00 9.656201303005218506e-02
-7.272284984588623047e+00 9.946840405464172363e-01 8.967499248683452606e-03
-1.474857521057128906e+01 2.648373126983642578e+00 7.040286064147949219e-01
-1.088502025604248047e+01 1.553044557571411133e+00 4.127860665321350098e-01
-1.090582180023193359e+01 2.789996862411499023e+00 3.341012299060821533e-01
-1.089265441894531250e+01 2.371000051498413086e+00 2.257254719734191895e-01
-9.100055694580078125e+00 1.638998150825500488e+00 9.844641387462615967e-02
-7.251195907592773438e+00 1.037163376808166504e+00 8.949173614382743835e-03
-1.233383083343505859e+01 2.292968750000000000e+00 5.894204378128051758e-01
-1.090296173095703125e+01 1.623926639556884766e+00 4.138365089893341064e-01
-1.091750240325927734e+01 2.864471435546875000e+00 3.349912464618682861e-01
-1.089448642730712891e+01 2.441508293151855469e+00 2.260696291923522949e-01
-9.490893363952636719e+00 1.769583106040954590e+00 1.027901023626327515e-01
-7.222936630249023438e+00 1.078387737274169922e+00 8.922295644879341125e-03
-1.353784656524658203e+01 2.602843523025512695e+00 6.477100849151611328e-01
-1.090365505218505859e+01 1.692481517791748047e+00 4.142491817474365234e-01
-1.091613101959228516e+01 2.935819387435913086e+00 3.354955911636352539e-01
-1.089586257934570312e+01 2.512128114700317383e+00 2.264138013124465942e-01
-9.291338920593261719e+00 1.791437268257141113e+00 1.007460057735443115e-01
-6.825879573822021484e+00 1.061963438987731934e+00 8.439712226390838623e-03
-1.364898967742919922e+01 2.711160898208618164e+00 6.538112759590148926e-01
-1.090786170959472656e+01 1.761743068695068359e+00 4.148119091987609863e-01
-1.092585659027099609e+01 3.010443925857543945e+00 3.363558948040008545e-01
-1.092693901062011719e+01 2.590004920959472656e+00 2.273855209350585938e-01
-9.241926193237304688e+00 1.840796351432800293e+00 1.003308072686195374e-01
-7.121302604675292969e+00 1.152721762657165527e+00 8.813561871647834778e-03
-1.441493225097656250e+01 2.955355882644653320e+00 6.913569569587707520e-01
-1.085447025299072266e+01 1.821527957916259766e+00 4.131987690925598145e-01
-1.090910339355468750e+01 3.077970027923583984e+00 3.364152014255523682e-01
-1.091667079925537109e+01 2.658421993255615234e+00 2.275069952011108398e-01
-9.503726005554199219e+00 1.953644037246704102e+00 1.033011227846145630e-01
-7.317243099212646484e+00 1.230559349060058594e+00 9.065238758921623230e-03
-1.088345241546630859e+01 1.895123839378356934e+00 4.147368967533111572e-01
-1.087176513671875000e+01 3.139579772949218750e+00 3.358515501022338867e-01
-1.091664123535156250e+01 2.729478120803833008e+00 2.278511375188827515e-01
-9.305701255798339844e+00 1.972524523735046387e+00 1.012783274054527283e-01
-7.357825279235839844e+00 1.283856630325317383e+00 9.125103242695331573e-03
-1.085195159912109375e+01 1.958318591117858887e+00 4.139865934848785400e-01
-7.475153446197509766e+00 2.208477258682250977e+00 2.313373833894729614e-01
-1.092874145507812500e+01 2.803863763809204102e+00 2.284584790468215942e-01
-9.267045021057128906e+00 2.023825645446777344e+00 1.009908691048622131e-01
-7.374410629272460938e+00 1.333427548408508301e+00 9.155646897852420807e-03
-1.088393497467041016e+01 2.033125400543212891e+00 4.156748056411743164e-01
-1.092427730560302734e+01 3.300509214401245117e+00 3.386995196342468262e-01
-1.091133213043212891e+01 2.870868444442749023e+00 2.284584790468215942e-01
-9.420303344726562500e+00 2.117936611175537109e+00 1.028007417917251587e-01
-7.379850864410400391e+00 1.381226539611816406e+00 9.172750636935234070e-03
-1.089480209350585938e+01 2.104417800903320312e+00 4.165751636028289795e-01
-1.092960548400878906e+01 3.375440835952758789e+00 3.395005166530609131e-01
-1.093984508514404297e+01 2.950260639190673828e+00 2.294301986694335938e-01
-9.403233528137207031e+00 2.174797534942626953e+00 1.027581617236137390e-01
-7.375164031982421875e+00 1.427242517471313477e+00 9.177637286484241486e-03
-1.094930267333984375e+01 2.184719562530517578e+00 4.191637337207794189e-01
-1.090678215026855469e+01 3.441838502883911133e+00 3.394411802291870117e-01
-1.092153739929199219e+01 3.017330646514892578e+00 2.294301986694335938e-01
-9.335234642028808594e+00 2.219501256942749023e+00 1.021619737148284912e-01
-7.381957530975341797e+00 1.475605010986328125e+00 9.197184816002845764e-03
-1.142213630676269531e+01 2.352030038833618164e+00 4.378091096878051758e-01
-1.089021492004394531e+01 3.510229825973510742e+00 3.395895063877105713e-01
-1.090570354461669922e+01 3.085103750228881836e+00 2.294909358024597168e-01
-9.304926872253417969e+00 2.272705793380737305e+00 1.019809842109680176e-01
-7.387454986572265625e+00 1.523902416229248047e+00 9.215511381626129150e-03
-1.096565628051757812e+01 2.328259468078613281e+00 4.208519458770751953e-01
-1.090265274047851562e+01 3.588234186172485352e+00 3.406575024127960205e-01
-7.484035491943359375e+00 2.166834592819213867e+00 1.577648967504501343e-01
-9.457631111145019531e+00 2.371590137481689453e+00 1.038121432065963745e-01
-7.376987457275390625e+00 1.568994283676147461e+00 9.214289486408233643e-03
-1.090625858306884766e+01 2.385676860809326172e+00 4.191262423992156982e-01
-1.091643619537353516e+01 3.667159557342529297e+00 3.417848348617553711e-01
-7.466764926910400391e+00 2.211579322814941406e+00 1.576839238405227661e-01
-9.484542846679687500e+00 2.440290451049804688e+00 1.042699441313743591e-01
-7.300796985626220703e+00 1.599674940109252930e+00 9.131211787462234497e-03
-1.090701293945312500e+01 2.456063985824584961e+00 4.197264909744262695e-01
-1.091925907135009766e+01 3.742823362350463867e+00 3.425858020782470703e-01
-1.093031692504882812e+01 3.310533046722412109e+00 2.312522083520889282e-01
-9.063311576843261719e+00 2.391298770904541016e+00 9.979849308729171753e-02
-7.652752399444580078e+00 1.726069688796997070e+00 9.584473446011543274e-03
-1.088005542755126953e+01 2.520235776901245117e+00 4.192762970924377441e-01
-1.090458011627197266e+01 3.812721252441406250e+00 3.428528010845184326e-01
-1.094704627990722656e+01 3.389069557189941406e+00 2.320417463779449463e-01
-9.615083694458007812e+00 2.600087881088256836e+00 1.060478687286376953e-01
-7.247496604919433594e+00 1.681462407112121582e+00 9.089672937989234924e-03
-1.088966178894042969e+01 2.592965364456176758e+00 4.202517271041870117e-01
-1.091675758361816406e+01 3.892315149307250977e+00 3.439801037311553955e-01
-1.093748474121093750e+01 3.459794044494628906e+00 2.322846800088882446e-01
-9.565220832824707031e+00 2.649693012237548828e+00 1.056752502918243408e-01
-7.076544284820556641e+00 1.687624573707580566e+00 8.888088166713714600e-03
-1.086189842224121094e+01 2.656885147094726562e+00 4.198015332221984863e-01
-1.095279216766357422e+01 3.981079101562500000e+00 3.458787500858306885e-01
-1.091985511779785156e+01 3.528069496154785156e+00 2.323656529188156128e-01
-1.001054096221923828e+01 2.839303255081176758e+00 1.107854768633842468e-01
-7.667277812957763672e+00 1.878298521041870117e+00 9.644338861107826233e-03
-1.089191341400146484e+01 2.735164880752563477e+00 4.216022789478302002e-01
-1.094221878051757812e+01 4.053417682647705078e+00 3.463237583637237549e-01
-1.093218231201171875e+01 3.606281518936157227e+00 2.330944538116455078e-01
-7.467329502105712891e+00 2.167560815811157227e+00 8.278568834066390991e-02
-7.674034595489501953e+00 1.929942727088928223e+00 9.667551144957542419e-03
-1.091266536712646484e+01 2.811668634414672852e+00 4.230653941631317139e-01
-1.093865013122558594e+01 4.128599643707275391e+00 3.470060825347900391e-01
-1.093732643127441406e+01 3.682543992996215820e+00 2.336815297603607178e-01
-7.455806255340576172e+00 2.213907957077026367e+00 8.280698210000991821e-02
-7.659142971038818359e+00 1.976243734359741211e+00 9.663886390626430511e-03
-1.449527263641357422e+01 4.392862796783447266e+00 7.116316556930541992e-01
-1.090487003326416016e+01 2.881127357482910156e+00 4.234405457973480225e-01
-1.092430782318115234e+01 4.199944496154785156e+00 3.473620712757110596e-01
-1.091830825805664062e+01 3.750884294509887695e+00 2.337625175714492798e-01
-9.805405616760253906e+00 2.977182388305664062e+00 1.091033592820167542e-01
-7.620770931243896484e+00 2.016296148300170898e+00 9.630898945033550262e-03
-1.089470195770263672e+01 2.950073480606079102e+00 4.237406551837921143e-01
-1.093463134765625000e+01 4.281107902526855469e+00 3.485190272331237793e-01
-1.090829753875732422e+01 3.822436094284057617e+00 2.340459376573562622e-01
-1.003716659545898438e+01 3.114942550659179688e+00 1.118926927447319031e-01
-7.436459541320800781e+00 2.016434907913208008e+00 9.413431398570537567e-03
-1.089565467834472656e+01 3.022208452224731445e+00 4.244909882545471191e-01
-1.093694114685058594e+01 4.359594345092773438e+00 3.494386970996856689e-01
-1.093265342712402344e+01 3.906453132629394531e+00 2.350784093141555786e-01
-9.696644783020019531e+00 3.074618339538574219e+00 1.083048880100250244e-01
-7.525116920471191406e+00 2.090126514434814453e+00 9.541712701320648193e-03
-1.087306118011474609e+01 3.087914228439331055e+00 4.243409335613250732e-01
-1.095166492462158203e+01 4.443531513214111328e+00 3.507736921310424805e-01
-1.095075225830078125e+01 3.988859415054321289e+00 2.359894067049026489e-01
-9.859295845031738281e+00 3.192900419235229492e+00 1.103383302688598633e-01
-7.452514648437500000e+00 2.119301557540893555e+00 9.465965442359447479e-03
-1.085390949249267578e+01 3.154572010040283203e+00 4.243409335613250732e-01
-1.094174861907958984e+01 4.517894268035888672e+00 3.513373434543609619e-01
-1.094762802124023438e+01 4.063979625701904297e+00 2.364550232887268066e-01
-9.435077667236328125e+00 3.119611501693725586e+00 1.058030128479003906e-01
-7.384641647338867188e+00 2.149062395095825195e+00 9.396327659487724304e-03
-1.088703060150146484e+01 3.236773490905761719e+00 4.264042973518371582e-01
-1.092580127716064453e+01 4.589979648590087891e+00 3.517230153083801270e-01
-1.096363353729248047e+01 4.146638870239257812e+00 2.373457849025726318e-01
-9.758734703063964844e+00 3.293186187744140625e+00 1.096569672226905823e-01
-7.141291618347167969e+00 2.125858306884765625e+00 9.103111922740936279e-03
-1.089660453796386719e+01 3.312524318695068359e+00 4.275672733783721924e-01
-1.093695449829101562e+01 4.673822402954101562e+00 3.529986441135406494e-01
-1.093051910400390625e+01 4.210957050323486328e+00 2.371838241815567017e-01
-9.711871147155761719e+00 3.343887805938720703e+00 1.093588694930076599e-01
-7.435203075408935547e+00 2.263107538223266602e+00 9.495287202298641205e-03
-1.088084506988525391e+01 3.380804777145385742e+00 4.277548491954803467e-01
-1.094015693664550781e+01 4.754787445068359375e+00 3.540369868278503418e-01
-1.094728851318359375e+01 4.294742107391357422e+00 2.381150573492050171e-01
-9.771364212036132812e+00 3.431578636169433594e+00 1.102638095617294312e-01
-7.396350383758544922e+00 2.300963163375854492e+00 9.463522583246231079e-03
-1.091513919830322266e+01 3.465041875839233398e+00 4.299308061599731445e-01
-1.093363189697265625e+01 4.831926345825195312e+00 3.547786176204681396e-01
-1.094579982757568359e+01 4.371845722198486328e+00 2.386616766452789307e-01
-1.018128776550292969e+01 3.645867586135864258e+00 1.151398196816444397e-01
-7.283931732177734375e+00 2.315103769302368164e+00 9.337684139609336853e-03
-1.089557361602783203e+01 3.532567024230957031e+00 4.300058186054229736e-01
-1.093295478820800781e+01 4.912031173706054688e+00 3.557279407978057861e-01
-1.097804450988769531e+01 4.463023662567138672e+00 2.399573177099227905e-01
-9.818692207336425781e+00 3.584146499633789062e+00 1.112858504056930542e-01
-7.523544788360595703e+00 2.442188978195190430e+00 9.663886390626430511e-03
-1.089361572265625000e+01 3.605948925018310547e+00 4.307936429977416992e-01
-1.091988468170166016e+01 4.986911296844482422e+00 3.562915921211242676e-01
-1.096246337890625000e+01 4.535267829895019531e+00 2.402204871177673340e-01
-1.025574302673339844e+01 3.815158843994140625e+00 1.165025457739830017e-01
-7.650802612304687500e+00 2.535493373870849609e+00 9.847145527601242065e-03
-1.092146110534667969e+01 3.689674377441406250e+00 4.327819645404815674e-01
-1.097883987426757812e+01 5.095479965209960938e+00 3.592285513877868652e-01
-1.094640922546386719e+01 4.607489585876464844e+00 2.404836714267730713e-01
-1.035930538177490234e+01 3.926211118698120117e+00 1.179504469037055969e-01
-7.429541110992431641e+00 2.512864112854003906e+00 9.582030586898326874e-03
-1.093829631805419922e+01 3.770294904708862305e+00 4.343576729297637939e-01
-1.097087383270263672e+01 5.173834323883056641e+00 3.599998652935028076e-01
-1.093907070159912109e+01 4.683619499206542969e+00 2.409492880105972290e-01
-1.001132106781005859e+01 3.864741325378417969e+00 1.142561733722686768e-01
-7.573737621307373047e+00 2.613531589508056641e+00 9.788502007722854614e-03
-1.093192481994628906e+01 3.843305826187133789e+00 4.350329339504241943e-01
-1.096866893768310547e+01 5.255305290222167969e+00 3.609788715839385986e-01
-1.093579292297363281e+01 4.761828422546386719e+00 2.415161281824111938e-01
-1.024985504150390625e+01 4.029261112213134766e+00 1.172584369778633118e-01
-7.728292942047119141e+00 2.720045566558837891e+00 1.000963617116212845e-02
-1.092506885528564453e+01 3.916380167007446289e+00 4.357081949710845947e-01
-1.095688819885253906e+01 5.332570075988769531e+00 3.616611957550048828e-01
-1.094567966461181641e+01 4.846244335174560547e+00 2.423866391181945801e-01
-1.023793506622314453e+01 4.097278594970703125e+00 1.174074858427047729e-01
-7.528859615325927734e+00 2.701885223388671875e+00 9.772620163857936859e-03
-1.091209602355957031e+01 3.987457275390625000e+00 4.361583888530731201e-01
-1.094277954101562500e+01 5.409000873565673828e+00 3.622841835021972656e-01
-1.092850112915039062e+01 4.919059753417968750e+00 2.426700741052627563e-01
-1.008017539978027344e+01 4.106077194213867188e+00 1.158850565552711487e-01
-7.837080001831054688e+00 2.866897821426391602e+00 1.019533816725015640e-02
-1.096702384948730469e+01 4.083979606628417969e+00 4.393472373485565186e-01
-1.095762443542480469e+01 5.500257492065429688e+00 3.638861775398254395e-01
-1.096084499359130859e+01 5.014723777770996094e+00 2.440669387578964233e-01
-1.031805324554443359e+01 4.276977062225341797e+00 1.189192533493041992e-01
-7.777175903320312500e+00 2.899212598800659180e+00 1.014036033302545547e-02
-1.096791934967041016e+01 4.161120414733886719e+00 4.403976798057556152e-01
-1.094147968292236328e+01 5.576466083526611328e+00 3.644794821739196777e-01
-1.094618797302246094e+01 5.089471340179443359e+00 2.444313317537307739e-01
-1.006219768524169922e+01 4.243455410003662109e+00 1.162683293223381042e-01
-7.446066379547119141e+00 2.827937602996826172e+00 9.731081314384937286e-03
-1.094590950012207031e+01 4.229780673980712891e+00 4.405477643013000488e-01
-1.095765972137451172e+01 5.669679164886474609e+00 3.661704659461975098e-01
-1.097441577911376953e+01 5.184727191925048828e+00 2.457674592733383179e-01
-1.016370582580566406e+01 4.359910964965820312e+00 1.177481636404991150e-01
-7.697177886962890625e+00 2.977475643157958984e+00 1.008293963968753815e-02
-1.099321174621582031e+01 4.325770378112792969e+00 4.435114860534667969e-01
-1.093593978881835938e+01 5.743779659271240234e+00 3.666154742240905762e-01
-1.098115539550781250e+01 5.270569801330566406e+00 2.466379851102828979e-01
-1.010651779174804688e+01 4.408997535705566406e+00 1.173968389630317688e-01
-7.702954769134521484e+00 3.034177541732788086e+00 1.011470425873994827e-02
-1.097017288208007812e+01 4.394628524780273438e+00 4.436615407466888428e-01
-1.097546577453613281e+01 5.850740432739257812e+00 3.691371083259582520e-01
-1.096748065948486328e+01 5.347050666809082031e+00 2.470631152391433716e-01
-1.011949253082275391e+01 4.488766670227050781e+00 1.178652718663215637e-01
-7.741738319396972656e+00 3.104460954666137695e+00 1.019045244902372360e-02
-1.092171859741210938e+01 4.453179836273193359e+00 4.427986741065979004e-01
-1.098507595062255859e+01 5.942706108093261719e+00 3.706797361373901367e-01
-1.096313762664794922e+01 5.428442001342773438e+00 2.477109432220458984e-01
-9.949558258056640625e+00 4.486649990081787109e+00 1.162044554948806763e-01
-7.745689868927001953e+00 3.161351680755615234e+00 1.022099517285823822e-02
-1.094403076171875000e+01 4.540790557861328125e+00 4.448245465755462646e-01
-1.096943473815917969e+01 6.021541118621826172e+00 3.713917434215545654e-01
-1.096177864074707031e+01 5.511776924133300781e+00 2.484397292137145996e-01
-9.725495338439941406e+00 4.457620620727539062e+00 1.139048486948013306e-01
-7.793562889099121094e+00 3.236818313598632812e+00 1.031018141657114029e-02
-1.094542407989501953e+01 4.620292186737060547e+00 4.460250735282897949e-01
-1.107462024688720703e+01 6.168011188507080078e+00 3.762273192405700684e-01
-1.095090484619140625e+01 5.590753078460693359e+00 2.489660829305648804e-01
-1.030346012115478516e+01 4.799246788024902344e+00 1.210165843367576599e-01
-7.907122135162353516e+00 3.341013908386230469e+00 1.048733294010162354e-02
-1.092605018615722656e+01 4.691307544708251953e+00 4.464001953601837158e-01
-1.103569602966308594e+01 6.235356330871582031e+00 3.761976659297943115e-01
-1.093947315216064453e+01 5.669803142547607422e+00 2.494924366474151611e-01
-9.925844192504882812e+00 4.697688579559326172e+00 1.169177517294883728e-01
-7.875448226928710938e+00 3.384729862213134766e+00 1.047267206013202667e-02
-1.318288612365722656e+01 5.756379127502441406e+00 5.400395989418029785e-01
-1.097468090057373047e+01 6.290029525756835938e+00 3.754263520240783691e-01
-1.092836856842041016e+01 5.749388217926025391e+00 2.500390410423278809e-01
-1.038527584075927734e+01 4.993352890014648438e+00 1.226880475878715515e-01
-7.528328895568847656e+00 3.290415048599243164e+00 1.003773603588342667e-02
-1.097177696228027344e+01 4.871260643005371094e+00 4.506770074367523193e-01
-1.097303867340087891e+01 6.378851413726806641e+00 3.767019808292388916e-01
-1.098637104034423828e+01 5.866252899169921875e+00 2.521849572658538818e-01
-1.042722129821777344e+01 5.092526435852050781e+00 1.235504001379013062e-01
-7.135156154632568359e+00 3.170855998992919922e+00 9.539269842207431793e-03
-1.331709957122802734e+01 6.010627746582031250e+00 5.485181212425231934e-01
-1.098191070556640625e+01 6.474488735198974609e+00 3.783633112907409668e-01
-1.096862888336181641e+01 5.943556308746337891e+00 2.526100873947143555e-01
-1.039846611022949219e+01 5.157743930816650391e+00 1.235823407769203186e-01
-8.011390686035156250e+00 3.619280576705932617e+00 1.074023079127073288e-02
-1.191845607757568359e+01 5.467628955841064453e+00 4.922820031642913818e-01
-1.096943092346191406e+01 6.558163642883300781e+00 3.793126046657562256e-01
-1.099065303802490234e+01 6.043021202087402344e+00 2.539664804935455322e-01
-9.967425346374511719e+00 5.020382881164550781e+00 1.188234388828277588e-01
-7.731849193572998047e+00 3.550277233123779297e+00 1.039448101073503494e-02
-1.320248603820800781e+01 6.155017852783203125e+00 5.468674302101135254e-01
-1.098881816864013672e+01 6.661619663238525391e+00 3.813892602920532227e-01
-1.098741817474365234e+01 6.129340648651123047e+00 2.547560036182403564e-01
-9.896369934082031250e+00 5.060959815979003906e+00 1.183443516492843628e-01
-7.722606182098388672e+00 3.603572130203247070e+00 1.041158474981784821e-02
-1.379122161865234375e+01 6.532797813415527344e+00 5.729033946990966797e-01
-1.096476745605468750e+01 6.739388465881347656e+00 3.819825649261474609e-01
-1.096526432037353516e+01 6.205505847930908203e+00 2.551203966140747070e-01
-1.043843650817871094e+01 5.419225215911865234e+00 1.252218633890151978e-01
-7.748240470886230469e+00 3.673595190048217773e+00 1.047633681446313858e-02
-1.105490970611572266e+01 5.319922924041748047e+00 4.605811536312103271e-01
-1.101143550872802734e+01 6.861516952514648438e+00 3.850678503513336182e-01
-1.099461364746093750e+01 6.311495304107666016e+00 2.566994726657867432e-01
-1.032271862030029297e+01 5.439818382263183594e+00 1.242317631840705872e-01
-7.773303031921386719e+00 3.744067192077636719e+00 1.054108794778585434e-02
-1.390034580230712891e+01 6.794579982757568359e+00 5.808567404747009277e-01
-1.099363422393798828e+01 6.944433689117431641e+00 3.859281837940216064e-01
-1.104208183288574219e+01 6.429144859313964844e+00 2.587239146232604980e-01
-1.048754024505615234e+01 5.609164237976074219e+00 1.266271919012069702e-01
-7.739404201507568359e+00 3.786419153213500977e+00 1.052642706781625748e-02
-1.364805126190185547e+01 6.775322914123535156e+00 5.720405578613281250e-01
-1.102308750152587891e+01 6.508977413177490234e+00 2.592097818851470947e-01
-1.045468330383300781e+01 5.674362659454345703e+00 1.266484856605529785e-01
-7.830655574798583984e+00 3.890791893005371094e+00 1.068280916661024094e-02
-1.336172389984130859e+01 6.735685825347900391e+00 5.617612004280090332e-01
-1.103011894226074219e+01 6.604740619659423828e+00 2.603231966495513916e-01
-1.040390300750732422e+01 5.729721546173095703e+00 1.264568418264389038e-01
-7.579864025115966797e+00 3.824351549148559570e+00 1.037248969078063965e-02
-1.319471645355224609e+01 6.753348827362060547e+00 5.564715266227722168e-01
-1.107057285308837891e+01 6.721589565277099609e+00 2.622464299201965332e-01
-1.037116909027099609e+01 5.794914245605468750e+00 1.264887899160385132e-01
-7.577615261077880859e+00 3.881730556488037109e+00 1.040181051939725876e-02
-1.326741981506347656e+01 6.893618583679199219e+00 5.613110065460205078e-01
-1.103763580322265625e+01 6.794631958007812500e+00 2.624488770961761475e-01
-1.041631889343261719e+01 5.904299259185791016e+00 1.274788975715637207e-01
-7.576722145080566406e+00 3.940148591995239258e+00 1.043357606977224350e-02
-8.805728912353515625e+00 5.947927951812744141e+00 3.153818547725677490e-01
-1.102203083038330078e+01 6.878639221191406250e+00 2.630764544010162354e-01
-1.051079177856445312e+01 6.043363094329833984e+00 1.290864795446395874e-01
-7.697438240051269531e+00 4.063121318817138672e+00 1.063393987715244293e-02
-1.105312347412109375e+01 6.992642879486083984e+00 2.648377418518066406e-01
-1.052361202239990234e+01 6.136958599090576172e+00 1.297039687633514404e-01
-7.862761020660400391e+00 4.212276935577392578e+00 1.089783292263746262e-02
-1.057785224914550781e+01 6.255880355834960938e+00 1.308431327342987061e-01
-7.882452011108398438e+00 4.285279273986816406e+00 1.096136309206485748e-02
-1.060958671569824219e+01 6.362838745117187500e+00 1.317161172628402710e-01
-7.898915290832519531e+00 4.357232093811035156e+00 1.102122850716114044e-02
-1.068654060363769531e+01 6.498476505279541016e+00 1.331640183925628662e-01
-7.835380077362060547e+00 4.385104656219482422e+00 1.096991542726755142e-02
-1.068987560272216797e+01 6.590689659118652344e+00 1.337069869041442871e-01
-7.640489101409912109e+00 4.337811470031738281e+00 1.073412131518125534e-02
-8.803709983825683594e+00 5.955379009246826172e+00 2.152186185121536255e-01
-1.082475757598876953e+01 6.765865325927734375e+00 1.359107643365859985e-01
-7.991555690765380859e+00 4.602194786071777344e+00 1.126679591834545135e-02
-8.767003059387207031e+00 6.009285449981689453e+00 2.152186185121536255e-01
-1.086159229278564453e+01 6.881929397583007812e+00 1.369008719921112061e-01
-8.090965270996093750e+00 4.725788116455078125e+00 1.144761312752962112e-02
-1.077877616882324219e+01 6.922508239746093750e+00 1.363898515701293945e-01
-8.143551826477050781e+00 4.823760032653808594e+00 1.156367640942335129e-02
-8.028933525085449219e+00 4.822660923004150391e+00 1.144272461533546448e-02
-8.080327987670898438e+00 4.921250343322753906e+00 1.155878975987434387e-02
-8.177607536315917969e+00 5.049546241760253906e+00 1.174204889684915543e-02
-8.810026168823242188e+00 5.968481063842773438e+00 1.132980063557624817e-01
-7.635355949401855469e+00 4.779674530029296875e+00 1.100534573197364807e-02
-8.769116401672363281e+00 6.019596576690673828e+00 1.132447719573974609e-01
-8.183418273925781250e+00 5.192917346954345703e+00 1.184100937098264694e-02
-8.412125587463378906e+00 5.410731315612792969e+00 1.221974659711122513e-02
-8.152585983276367188e+00 5.314794063568115234e+00 1.188987866044044495e-02
-8.109808921813964844e+00 5.358102321624755859e+00 1.187521778047084808e-02
-8.193112373352050781e+00 5.485651969909667969e+00 1.204625982791185379e-02
-8.191571235656738281e+00 5.557716846466064453e+00 1.209390722215175629e-02
-8.212527275085449219e+00 5.645831108093261719e+00 1.217576395720243454e-02
-8.181013107299804688e+00 5.698401927947998047e+00 1.218065060675144196e-02
-8.146711349487304688e+00 5.749069213867187500e+00 1.218187250196933746e-02
-8.281301498413085938e+00 5.920498371124267578e+00 1.243721321225166321e-02
-8.323378562927246094e+00 6.028096675872802734e+00 1.255572121590375900e-02
-8.396696090698242188e+00 6.160092830657958984e+00 1.272309850901365280e-02
-8.295331001281738281e+00 6.164377689361572266e+00 1.262658182531595230e-02
-8.282118797302246094e+00 6.233803272247314453e+00 1.266445498913526535e-02
-8.327216148376464844e+00 6.348161697387695312e+00 1.279273722320795059e-02
-8.290482521057128906e+00 6.400970935821533203e+00 1.279640290886163712e-02
-8.566156387329101562e+00 6.698109626770019531e+00 1.328509487211704254e-02
-8.522544860839843750e+00 6.748681545257568359e+00 1.328142918646335602e-02
-8.524662971496582031e+00 6.835881233215332031e+00 1.334984600543975830e-02
-8.480299949645996094e+00 6.973003387451171875e+00 1.341337524354457855e-02
-3.172101497650146484e+00 4.552390098571777344e+00 1.646773219108581543e-01
-3.035359382629394531e+00 4.413638114929199219e+00 1.589814126491546631e-01
-3.081210374832153320e+00 4.428434371948242188e+00 1.092389822006225586e-01
-3.030209064483642578e+00 4.412641048431396484e+00 1.083887144923210144e-01
-3.064359188079833984e+00 4.410677433013916016e+00 5.718132108449935913e-02
-3.045720338821411133e+00 4.441767215728759766e+00 5.734101310372352600e-02
-3.055228471755981445e+00 4.403991222381591797e+00 6.548474077135324478e-03
-3.040577650070190430e+00 4.440807819366455078e+00 6.575352512300014496e-03
-5.466972589492797852e-01 2.229952573776245117e+00 6.814336776733398438e-02
-5.339324474334716797e-01 2.237154006958007812e+00 6.826203316450119019e-02
-5.190650820732116699e-01 2.235519647598266602e+00 6.811369955539703369e-02
-5.037977695465087891e-01 2.231837272644042969e+00 6.790603697299957275e-02
-4.881670176982879639e-01 2.226099491119384766e+00 6.763904541730880737e-02
-4.769960641860961914e-01 2.240784645080566406e+00 6.799503415822982788e-02
-4.996138215065002441e-01 2.158478498458862305e+00 4.486167058348655701e-02
-4.933835268020629883e-01 2.192716598510742188e+00 4.550949484109878540e-02
-5.503926277160644531e-01 2.314842462539672852e+00 1.117922961711883545e-01
-5.301010608673095703e-01 2.291899204254150391e+00 1.105251237750053406e-01
-5.074219107627868652e-01 2.199089765548706055e+00 2.402871847152709961e-02
-5.217253565788269043e-01 2.320447444915771484e+00 1.117453575134277344e-01
-4.610931873321533203e-01 2.055806159973144531e+00 2.243177033960819244e-02
-4.912792146205902100e-01 2.249437093734741211e+00 1.081785187125205994e-01
-5.481685996055603027e-01 2.252628803253173828e+00 8.703660219907760620e-02
-5.329545140266418457e-01 2.250115633010864258e+00 8.681150525808334351e-02
-4.883567094802856445e-01 2.065038919448852539e+00 2.592511707916855812e-03
-5.229519009590148926e-01 2.269897699356079102e+00 8.744926750659942627e-02
-4.705208837985992432e-01 2.045581817626953125e+00 2.564411843195557594e-03
-5.085774660110473633e-01 2.271113395690917969e+00 8.737423270940780640e-02
-4.573060274124145508e-01 2.045502662658691406e+00 2.560746623203158379e-03
-4.899602830410003662e-01 2.252708911895751953e+00 8.654889464378356934e-02
-4.773670136928558350e-01 2.261539459228515625e+00 8.677399158477783203e-02
-8.093143999576568604e-02 7.314949035644531250e-01 7.835682481527328491e-03
-4.502315074205398560e-02 6.584123969078063965e-01 3.724357113242149353e-02
-4.553399235010147095e-02 6.693153977394104004e-01 1.358401682227849960e-02
-4.829207062721252441e-02 7.115764617919921875e-01 3.350953012704849243e-02
