-5.326790735125541687e-02 -7.298943996429443359e-01 4.130036011338233948e-02 7.400000000000000000e+01 2.586016000000000000e+07 4.000000000000000000e+00 2.500000000000000000e+01 2.000000000000000000e+01 7.330000000000000000e+02
-2.994490228593349457e-02 -7.069070339202880859e-01 5.904081091284751892e-02 8.800000000000000000e+01 2.595768000000000000e+07 4.000000000000000000e+00 2.200000000000000000e+01 1.700000000000000000e+01 7.100000000000000000e+02
-8.812437206506729126e-02 -7.508031725883483887e-01 8.048608899116516113e-03 2.650000000000000000e+02 2.713615000000000000e+07 1.500000000000000000e+01 3.000000000000000000e+01 1.300000000000000000e+01 7.560000000000000000e+02
-1.130112335085868835e-01 -7.058731913566589355e-01 4.034250602126121521e-02 6.000000000000000000e+01 2.723440000000000000e+07 3.000000000000000000e+00 2.500000000000000000e+01 9.000000000000000000e+00 7.160000000000000000e+02
-1.321459710597991943e-01 -7.087450623512268066e-01 7.675987668335437775e-03 5.000000000000000000e+01 2.820778000000000000e+07 3.000000000000000000e+00 3.000000000000000000e+01 3.100000000000000000e+01 7.210000000000000000e+02
-1.227421015501022339e-01 -7.337729334831237793e-01 5.502524599432945251e-02 5.500000000000000000e+01 2.849986000000000000e+07 3.000000000000000000e+00 2.300000000000000000e+01 1.200000000000000000e+01 7.460000000000000000e+02
-5.365722656250000000e+00 -7.220590114593505859e+00 1.099068485200405121e-02 8.900000000000000000e+01 3.604080000000000000e+07 7.130000000000000000e+02 3.100000000000000000e+01 1.080000000000000000e+02 8.996000000000000000e+03
-5.409926414489746094e+00 -7.187530517578125000e+00 1.099068485200405121e-02 4.400000000000000000e+01 3.613920800000000000e+07 3.490000000000000000e+02 3.100000000000000000e+01 1.060000000000000000e+02 8.996000000000000000e+03
-8.255840301513671875e+00 -7.942345142364501953e+00 1.399614103138446808e-02 6.400000000000000000e+01 3.867898000000000000e+07 8.300000000000000000e+02 3.100000000000000000e+01 8.800000000000000000e+01 1.145600000000000000e+04
-8.543627738952636719e+00 -7.921618938446044922e+00 1.423437986522912979e-02 4.500000000000000000e+01 3.897232800000000000e+07 6.010000000000000000e+02 3.100000000000000000e+01 8.600000000000000000e+01 1.165100000000000000e+04
-7.519077301025390625e+00 -6.886344432830810547e+00 1.245676074177026749e-02 4.200000000000000000e+01 3.907022000000000000e+07 4.260000000000000000e+02 3.100000000000000000e+01 1.170000000000000000e+02 1.019600000000000000e+04
-9.036864280700683594e+00 -7.975568294525146484e+00 1.472551468759775162e-02 2.000000000000000000e+01 3.936306000000000000e+07 2.790000000000000000e+02 3.100000000000000000e+01 8.900000000000000000e+01 1.205300000000000000e+04
-9.117290496826171875e+00 -7.947566986083984375e+00 1.477682683616876602e-02 4.700000000000000000e+01 3.946002000000000000e+07 6.760000000000000000e+02 3.100000000000000000e+01 8.900000000000000000e+01 1.209500000000000000e+04
-9.364972114562988281e+00 -7.963348865509033203e+00 1.501872949302196503e-02 2.500000000000000000e+01 3.965502000000000000e+07 3.670000000000000000e+02 3.100000000000000000e+01 7.900000000000000000e+01 1.229300000000000000e+04
-9.425145149230957031e+00 -7.915383338928222656e+00 1.503705605864524841e-02 2.600000000000000000e+01 3.975326000000000000e+07 3.810000000000000000e+02 3.100000000000000000e+01 9.600000000000000000e+01 1.230800000000000000e+04
-9.330488204956054688e+00 -7.642611503601074219e+00 1.473528891801834106e-02 3.600000000000000000e+01 3.995043200000000000e+07 5.100000000000000000e+02 3.100000000000000000e+01 1.120000000000000000e+02 1.206100000000000000e+04
-9.565357208251953125e+00 -7.737411499023437500e+00 1.503094658255577087e-02 4.300000000000000000e+01 4.004914000000000000e+07 6.380000000000000000e+02 3.100000000000000000e+01 1.000000000000000000e+02 1.230300000000000000e+04
-3.814352273941040039e+00 -2.421391248703002930e+00 1.340914219617843628e-01 1.590000000000000000e+02 4.014696800000000000e+07 3.220000000000000000e+02 2.800000000000000000e+01 5.000000000000000000e+01 4.520000000000000000e+03
-9.672814369201660156e+00 -7.726631164550781250e+00 1.512501947581768036e-02 5.300000000000000000e+01 4.014696800000000000e+07 7.990000000000000000e+02 3.100000000000000000e+01 1.010000000000000000e+02 1.238000000000000000e+04
-3.829137802124023438e+00 -2.397941112518310547e+00 1.340914219617843628e-01 3.820000000000000000e+02 4.024376800000000000e+07 7.770000000000000000e+02 2.800000000000000000e+01 6.900000000000000000e+01 4.520000000000000000e+03
-1.006628990173339844e+01 -7.940253734588623047e+00 1.566380448639392853e-02 3.100000000000000000e+01 4.024376800000000000e+07 4.940000000000000000e+02 3.100000000000000000e+01 1.090000000000000000e+02 1.282100000000000000e+04
-3.814015626907348633e+00 -2.356015205383300781e+00 1.330531090497970581e-01 3.620000000000000000e+02 4.034218000000000000e+07 7.240000000000000000e+02 2.800000000000000000e+01 9.600000000000000000e+01 4.485000000000000000e+03
-3.813889026641845703e+00 -2.323727130889892578e+00 1.325487941503524780e-01 3.200000000000000000e+01 4.043956000000000000e+07 6.100000000000000000e+01 2.800000000000000000e+01 1.590000000000000000e+02 4.468000000000000000e+03
-1.012650775909423828e+01 -7.788083076477050781e+00 1.560760382562875748e-02 3.200000000000000000e+01 4.043956000000000000e+07 5.100000000000000000e+02 3.100000000000000000e+01 8.500000000000000000e+01 1.277500000000000000e+04
-1.037240886688232422e+01 -7.876386642456054688e+00 1.591181382536888123e-02 3.300000000000000000e+01 4.053764800000000000e+07 5.460000000000000000e+02 3.100000000000000000e+01 9.400000000000000000e+01 1.302400000000000000e+04
-3.829580545425415039e+00 -2.427367448806762695e+00 9.180852770805358887e-02 1.110000000000000000e+02 4.073250000000000000e+07 2.250000000000000000e+02 2.900000000000000000e+01 4.700000000000000000e+01 4.535000000000000000e+03
-1.045542335510253906e+01 -7.738988876342773438e+00 1.589226722717285156e-02 3.700000000000000000e+01 4.073250000000000000e+07 6.110000000000000000e+02 3.100000000000000000e+01 1.050000000000000000e+02 1.300800000000000000e+04
-3.829991102218627930e+00 -2.394812822341918945e+00 9.146436303853988647e-02 1.880000000000000000e+02 4.083151200000000000e+07 3.810000000000000000e+02 2.900000000000000000e+01 4.400000000000000000e+01 4.518000000000000000e+03
-1.010950660705566406e+01 -7.387361526489257812e+00 1.529728434979915619e-02 3.400000000000000000e+01 4.083151200000000000e+07 5.190000000000000000e+02 3.100000000000000000e+01 1.070000000000000000e+02 1.252100000000000000e+04
-3.818233489990234375e+00 -2.354996919631958008e+00 9.083678573369979858e-02 1.870000000000000000e+02 4.092934000000000000e+07 3.760000000000000000e+02 2.900000000000000000e+01 5.800000000000000000e+01 4.487000000000000000e+03
-1.000460720062255859e+01 -7.216960430145263672e+00 1.507126353681087494e-02 3.400000000000000000e+01 4.092934000000000000e+07 5.050000000000000000e+02 3.100000000000000000e+01 9.200000000000000000e+01 1.233600000000000000e+04
-1.039652824401855469e+01 -7.403116703033447266e+00 1.559294294565916061e-02 2.500000000000000000e+01 4.102666000000000000e+07 3.940000000000000000e+02 3.100000000000000000e+01 9.400000000000000000e+01 1.276300000000000000e+04
-1.005969142913818359e+01 -7.070643424987792969e+00 1.502239517867565155e-02 3.900000000000000000e+01 4.112484800000000000e+07 5.750000000000000000e+02 3.100000000000000000e+01 1.110000000000000000e+02 1.229600000000000000e+04
-3.799189090728759766e+00 -2.437222242355346680e+00 4.805743694305419922e-02 7.100000000000000000e+01 4.122264800000000000e+07 1.420000000000000000e+02 3.000000000000000000e+01 3.300000000000000000e+01 4.514000000000000000e+03
-1.050220394134521484e+01 -7.285808086395263672e+00 1.561615616083145142e-02 3.600000000000000000e+01 4.122264800000000000e+07 5.760000000000000000e+02 3.100000000000000000e+01 8.700000000000000000e+01 1.278200000000000000e+04
-3.806467294692993164e+00 -2.409052133560180664e+00 4.796161502599716187e-02 2.040000000000000000e+02 4.132007200000000000e+07 4.110000000000000000e+02 3.000000000000000000e+01 6.400000000000000000e+01 4.505000000000000000e+03
-1.032557868957519531e+01 -7.069823265075683594e+00 1.528873201459646225e-02 3.200000000000000000e+01 4.132007200000000000e+07 4.880000000000000000e+02 3.100000000000000000e+01 9.600000000000000000e+01 1.251400000000000000e+04
-3.835597038269042969e+00 -2.394653320312500000e+00 4.814260452985763550e-02 2.450000000000000000e+02 4.141840800000000000e+07 4.980000000000000000e+02 3.000000000000000000e+01 6.000000000000000000e+01 4.522000000000000000e+03
-1.067782211303710938e+01 -7.215168952941894531e+00 1.574443839490413666e-02 3.100000000000000000e+01 4.141840800000000000e+07 5.030000000000000000e+02 3.100000000000000000e+01 8.400000000000000000e+01 1.288700000000000000e+04
-3.845960855484008789e+00 -2.368451595306396484e+00 4.808937385678291321e-02 1.950000000000000000e+02 4.151655200000000000e+07 3.970000000000000000e+02 3.000000000000000000e+01 7.400000000000000000e+01 4.517000000000000000e+03
-1.079843616485595703e+01 -7.200555324554443359e+00 1.585683785378932953e-02 2.600000000000000000e+01 4.151655200000000000e+07 4.250000000000000000e+02 3.100000000000000000e+01 9.200000000000000000e+01 1.297900000000000000e+04
-1.125425720214843750e+01 -7.405148983001708984e+00 1.645915023982524872e-02 2.600000000000000000e+01 4.161516000000000000e+07 4.550000000000000000e+02 3.100000000000000000e+01 1.040000000000000000e+02 1.347200000000000000e+04
-1.090359783172607422e+01 -7.078935146331787109e+00 1.588249392807483673e-02 3.000000000000000000e+01 4.171167200000000000e+07 4.930000000000000000e+02 3.100000000000000000e+01 9.200000000000000000e+01 1.300000000000000000e+04
-3.814548492431640625e+00 -2.443376779556274414e+00 5.534437950700521469e-03 1.530000000000000000e+02 4.180904800000000000e+07 3.110000000000000000e+02 3.100000000000000000e+01 4.300000000000000000e+01 4.530000000000000000e+03
-3.831843852996826172e+00 -2.423297882080078125e+00 1.702090650796890259e-01 1.290000000000000000e+02 4.190548800000000000e+07 2.630000000000000000e+02 2.700000000000000000e+01 3.800000000000000000e+01 4.537000000000000000e+03
-3.814252614974975586e+00 -2.410309553146362305e+00 5.512446630746126175e-03 1.810000000000000000e+02 4.190548800000000000e+07 3.670000000000000000e+02 3.100000000000000000e+01 7.600000000000000000e+01 4.512000000000000000e+03
-3.836466550827026367e+00 -2.393393516540527344e+00 1.697588711977005005e-01 1.910000000000000000e+02 4.200358000000000000e+07 3.900000000000000000e+02 2.700000000000000000e+01 7.900000000000000000e+01 4.525000000000000000e+03
-3.840850591659545898e+00 -2.394266366958618164e+00 5.529550835490226746e-03 2.150000000000000000e+02 4.200358000000000000e+07 4.370000000000000000e+02 3.100000000000000000e+01 8.300000000000000000e+01 4.526000000000000000e+03
-3.828101158142089844e+00 -2.355668067932128906e+00 1.687459498643875122e-01 1.600000000000000000e+01 4.210259200000000000e+07 3.100000000000000000e+01 2.700000000000000000e+01 6.700000000000000000e+01 4.498000000000000000e+03
-3.862284421920776367e+00 -2.374844789505004883e+00 5.539325065910816193e-03 1.590000000000000000e+02 4.210259200000000000e+07 3.260000000000000000e+02 3.100000000000000000e+01 6.500000000000000000e+01 4.534000000000000000e+03
-3.875073194503784180e+00 -2.350064277648925781e+00 5.536881275475025177e-03 2.700000000000000000e+01 4.219942000000000000e+07 5.400000000000000000e+01 3.100000000000000000e+01 9.100000000000000000e+01 4.532000000000000000e+03
-1.117221355438232422e+01 -6.682045936584472656e+00 1.590448431670665741e-02 2.300000000000000000e+01 4.229756000000000000e+07 3.740000000000000000e+02 3.100000000000000000e+01 1.070000000000000000e+02 1.301800000000000000e+04
-1.121730995178222656e+01 -6.615909099578857422e+00 1.591059379279613495e-02 2.800000000000000000e+01 4.239543200000000000e+07 4.600000000000000000e+02 3.100000000000000000e+01 1.040000000000000000e+02 1.302300000000000000e+04
-1.109776973724365234e+01 -6.453952312469482422e+00 1.568457297980785370e-02 2.700000000000000000e+01 4.249240800000000000e+07 4.300000000000000000e+02 3.100000000000000000e+01 1.020000000000000000e+02 1.283800000000000000e+04
-1.136098098754882812e+01 -6.514068126678466797e+00 1.599977910518646240e-02 3.600000000000000000e+01 4.259012800000000000e+07 6.050000000000000000e+02 3.100000000000000000e+01 8.300000000000000000e+01 1.309600000000000000e+04
-1.114305305480957031e+01 -6.298580646514892578e+00 1.563814654946327209e-02 3.200000000000000000e+01 4.268751200000000000e+07 5.120000000000000000e+02 3.100000000000000000e+01 8.500000000000000000e+01 1.280000000000000000e+04
-1.119721508026123047e+01 -6.238851070404052734e+00 1.566013880074024200e-02 4.500000000000000000e+01 4.278488800000000000e+07 7.250000000000000000e+02 3.100000000000000000e+01 1.030000000000000000e+02 1.281800000000000000e+04
-1.121161937713623047e+01 -6.157032012939453125e+00 1.562715135514736176e-02 4.200000000000000000e+01 4.288168800000000000e+07 6.710000000000000000e+02 3.100000000000000000e+01 1.120000000000000000e+02 1.279100000000000000e+04
-1.144090938568115234e+01 -6.191884517669677734e+00 1.589348912239074707e-02 4.300000000000000000e+01 4.297944000000000000e+07 7.150000000000000000e+02 3.100000000000000000e+01 8.500000000000000000e+01 1.300900000000000000e+04
-1.130750846862792969e+01 -6.030278205871582031e+00 1.565647311508655548e-02 3.500000000000000000e+01 4.307588000000000000e+07 5.570000000000000000e+02 3.100000000000000000e+01 1.240000000000000000e+02 1.281500000000000000e+04
-1.109200382232666016e+01 -5.828217983245849609e+00 1.530827954411506653e-02 3.300000000000000000e+01 4.317367200000000000e+07 5.050000000000000000e+02 3.100000000000000000e+01 9.400000000000000000e+01 1.253000000000000000e+04
-1.161510848999023438e+01 -6.012424468994140625e+00 1.597900874912738800e-02 3.400000000000000000e+01 4.327140000000000000e+07 5.670000000000000000e+02 3.100000000000000000e+01 9.700000000000000000e+01 1.307900000000000000e+04
-1.162327384948730469e+01 -5.926506996154785156e+00 1.593991555273532867e-02 4.800000000000000000e+01 4.336984800000000000e+07 8.030000000000000000e+02 3.100000000000000000e+01 9.200000000000000000e+01 1.304700000000000000e+04
-1.154592609405517578e+01 -5.798082828521728516e+00 1.578475534915924072e-02 3.800000000000000000e+01 4.346671200000000000e+07 6.230000000000000000e+02 3.100000000000000000e+01 7.900000000000000000e+01 1.292000000000000000e+04
-1.158128547668457031e+01 -5.727128982543945312e+00 1.578475534915924072e-02 3.900000000000000000e+01 4.356486000000000000e+07 6.340000000000000000e+02 3.100000000000000000e+01 1.160000000000000000e+02 1.292000000000000000e+04
-1.166026306152343750e+01 -5.677410602569580078e+00 1.584461890161037445e-02 3.800000000000000000e+01 4.366275200000000000e+07 6.250000000000000000e+02 3.100000000000000000e+01 9.700000000000000000e+01 1.296900000000000000e+04
-1.151272487640380859e+01 -5.518444061279296875e+00 1.559782959520816803e-02 3.400000000000000000e+01 4.376084000000000000e+07 5.390000000000000000e+02 3.100000000000000000e+01 1.080000000000000000e+02 1.276700000000000000e+04
-1.153822898864746094e+01 -5.443859100341796875e+00 1.558683440089225769e-02 2.800000000000000000e+01 4.385743200000000000e+07 4.420000000000000000e+02 3.100000000000000000e+01 9.400000000000000000e+01 1.275800000000000000e+04
-1.230528926849365234e+01 -4.666202068328857422e+00 2.664775252342224121e-01 1.200000000000000000e+01 4.395532000000000000e+07 1.990000000000000000e+02 2.900000000000000000e+01 6.100000000000000000e+01 1.316300000000000000e+04
-1.141359806060791016e+01 -5.299680709838867188e+00 1.537425350397825241e-02 2.800000000000000000e+01 4.395532000000000000e+07 4.290000000000000000e+02 3.100000000000000000e+01 1.050000000000000000e+02 1.258400000000000000e+04
-1.232525539398193359e+01 -4.587471485137939453e+00 2.662953138351440430e-01 1.270000000000000000e+02 4.405275200000000000e+07 2.174000000000000000e+03 2.900000000000000000e+01 4.100000000000000000e+01 1.315400000000000000e+04
-1.095473957061767578e+01 -5.005139827728271484e+00 1.471451856195926666e-02 5.300000000000000000e+01 4.405275200000000000e+07 7.560000000000000000e+02 3.100000000000000000e+01 9.900000000000000000e+01 1.204400000000000000e+04
-1.162553215026855469e+01 -5.225636005401611328e+00 1.557217352092266083e-02 2.500000000000000000e+01 4.415166000000000000e+07 3.940000000000000000e+02 3.100000000000000000e+01 8.700000000000000000e+01 1.274600000000000000e+04
-1.201406860351562500e+01 -5.311912536621093750e+00 1.604864746332168579e-02 3.100000000000000000e+01 4.424812000000000000e+07 5.200000000000000000e+02 3.100000000000000000e+01 1.000000000000000000e+02 1.313600000000000000e+04
-1.213172245025634766e+01 -5.275180339813232422e+00 1.616226881742477417e-02 3.000000000000000000e+01 4.434518000000000000e+07 5.130000000000000000e+02 3.100000000000000000e+01 8.000000000000000000e+01 1.322900000000000000e+04
-8.583754539489746094e+00 -2.614337921142578125e+00 2.663138806819915771e-01 4.400000000000000000e+01 4.444302000000000000e+07 3.500000000000000000e+02 2.800000000000000000e+01 6.200000000000000000e+01 8.977000000000000000e+03
-1.219328498840332031e+01 -5.213222026824951172e+00 1.620136387646198273e-02 2.400000000000000000e+01 4.444302000000000000e+07 4.070000000000000000e+02 3.100000000000000000e+01 1.000000000000000000e+02 1.326100000000000000e+04
-1.231499385833740234e+01 -4.660204410552978516e+00 1.401905715465545654e-01 6.800000000000000000e+01 4.454024000000000000e+07 1.154000000000000000e+03 3.000000000000000000e+01 4.900000000000000000e+01 1.316800000000000000e+04
-1.185905647277832031e+01 -4.984479427337646484e+00 1.571633666753768921e-02 2.400000000000000000e+01 4.454024000000000000e+07 3.840000000000000000e+02 3.100000000000000000e+01 9.000000000000000000e+01 1.286400000000000000e+04
-1.235273075103759766e+01 -4.588035106658935547e+00 1.402970403432846069e-01 1.870000000000000000e+02 4.463792000000000000e+07 3.223000000000000000e+03 3.000000000000000000e+01 4.500000000000000000e+01 1.317800000000000000e+04
-1.186169052124023438e+01 -4.900165557861328125e+00 1.567968539893627167e-02 1.700000000000000000e+01 4.463792000000000000e+07 2.690000000000000000e+02 3.100000000000000000e+01 7.700000000000000000e+01 1.283400000000000000e+04
-1.185261821746826172e+01 -4.811493873596191406e+00 1.562837325036525726e-02 2.500000000000000000e+01 4.473452800000000000e+07 3.990000000000000000e+02 3.100000000000000000e+01 7.400000000000000000e+01 1.279200000000000000e+04
-1.451986789703369141e+01 -5.790728569030761719e+00 1.909808628261089325e-02 2.300000000000000000e+01 4.483215200000000000e+07 5.450000000000000000e+02 3.100000000000000000e+01 8.000000000000000000e+01 1.563200000000000000e+04
-1.352717876434326172e+01 -5.298860549926757812e+00 1.774929650127887726e-02 1.900000000000000000e+01 4.493066000000000000e+07 3.820000000000000000e+02 3.100000000000000000e+01 1.040000000000000000e+02 1.452800000000000000e+04
-8.565567970275878906e+00 -2.602367401123046875e+00 1.812686920166015625e-01 2.500000000000000000e+02 4.502695200000000000e+07 1.984000000000000000e+03 2.900000000000000000e+01 5.600000000000000000e+01 8.954000000000000000e+03
-1.217623996734619141e+01 -4.683700084686279297e+00 1.593869179487228394e-02 2.800000000000000000e+01 4.502695200000000000e+07 4.650000000000000000e+02 3.100000000000000000e+01 8.000000000000000000e+01 1.304600000000000000e+04
-8.584249496459960938e+00 -2.550615549087524414e+00 1.813294291496276855e-01 1.370000000000000000e+02 4.512403200000000000e+07 1.095000000000000000e+03 2.900000000000000000e+01 6.000000000000000000e+01 8.957000000000000000e+03
-1.225526714324951172e+01 -4.627977371215820312e+00 1.600466482341289520e-02 1.260000000000000000e+02 4.512403200000000000e+07 2.154000000000000000e+03 3.100000000000000000e+01 5.900000000000000000e+01 1.310000000000000000e+04
-1.230687522888183594e+01 -4.561381816864013672e+00 1.603521034121513367e-02 1.580000000000000000e+02 4.522284000000000000e+07 2.697000000000000000e+03 3.100000000000000000e+01 5.400000000000000000e+01 1.312500000000000000e+04
-1.234590911865234375e+01 -4.489883422851562500e+00 1.604987122118473053e-02 4.600000000000000000e+01 4.531912800000000000e+07 7.840000000000000000e+02 3.100000000000000000e+01 6.900000000000000000e+01 1.313700000000000000e+04
-1.430498313903808594e+01 -5.103184223175048828e+00 1.855563931167125702e-02 2.400000000000000000e+01 4.541680800000000000e+07 5.370000000000000000e+02 3.100000000000000000e+01 8.400000000000000000e+01 1.518800000000000000e+04
-8.543932914733886719e+00 -2.646729707717895508e+00 9.523122757673263550e-02 3.500000000000000000e+01 4.551418000000000000e+07 2.760000000000000000e+02 3.000000000000000000e+01 5.800000000000000000e+01 8.945000000000000000e+03
-1.431620407104492188e+01 -5.008379936218261719e+00 1.852998323738574982e-02 2.600000000000000000e+01 4.551418000000000000e+07 5.820000000000000000e+02 3.100000000000000000e+01 8.100000000000000000e+01 1.516700000000000000e+04
-8.559054374694824219e+00 -2.593965053558349609e+00 9.522057324647903442e-02 2.350000000000000000e+02 4.561299200000000000e+07 1.860000000000000000e+03 3.000000000000000000e+01 4.900000000000000000e+01 8.944000000000000000e+03
-1.379898166656494141e+01 -4.732604980468750000e+00 1.782260090112686157e-02 2.600000000000000000e+01 4.561299200000000000e+07 5.390000000000000000e+02 3.100000000000000000e+01 7.700000000000000000e+01 1.458800000000000000e+04
-8.554677009582519531e+00 -2.535431861877441406e+00 9.499700367450714111e-02 1.270000000000000000e+02 4.570950000000000000e+07 1.007000000000000000e+03 3.000000000000000000e+01 6.400000000000000000e+01 8.923000000000000000e+03
-1.185995006561279297e+01 -3.986417770385742188e+00 1.528628915548324585e-02 1.400000000000000000e+01 4.570950000000000000e+07 2.100000000000000000e+02 3.100000000000000000e+01 6.800000000000000000e+01 1.251200000000000000e+04
-1.427774047851562500e+01 -4.701790809631347656e+00 1.836504787206649780e-02 1.900000000000000000e+01 4.580646000000000000e+07 4.160000000000000000e+02 3.100000000000000000e+01 6.800000000000000000e+01 1.503200000000000000e+04
-1.428728675842285156e+01 -4.607956886291503906e+00 1.834061369299888611e-02 1.400000000000000000e+01 4.590492000000000000e+07 3.010000000000000000e+02 3.100000000000000000e+01 7.600000000000000000e+01 1.501200000000000000e+04
-1.346373558044433594e+01 -4.251317024230957031e+00 1.724960841238498688e-02 3.200000000000000000e+01 4.600244000000000000e+07 6.250000000000000000e+02 3.100000000000000000e+01 7.600000000000000000e+01 1.411900000000000000e+04
-8.577756881713867188e+00 -2.650748252868652344e+00 1.096869446337223053e-02 1.170000000000000000e+02 4.610048000000000000e+07 9.320000000000000000e+02 3.100000000000000000e+01 4.500000000000000000e+01 8.978000000000000000e+03
-8.586201667785644531e+00 -2.595751285552978516e+00 1.095892023295164108e-02 2.040000000000000000e+02 4.619892800000000000e+07 1.629000000000000000e+03 3.100000000000000000e+01 6.100000000000000000e+01 8.970000000000000000e+03
-8.593337059020996094e+00 -2.540466785430908203e+00 1.094792503863573074e-02 1.320000000000000000e+02 4.629590000000000000e+07 1.056000000000000000e+03 3.100000000000000000e+01 6.000000000000000000e+01 8.961000000000000000e+03
-1.343239879608154297e+01 -3.881586790084838867e+00 1.708223111927509308e-02 2.200000000000000000e+01 4.639439200000000000e+07 4.180000000000000000e+02 3.100000000000000000e+01 7.400000000000000000e+01 1.398200000000000000e+04
-1.344537639617919922e+01 -3.796105384826660156e+00 1.706879213452339172e-02 2.300000000000000000e+01 4.649162000000000000e+07 4.340000000000000000e+02 3.100000000000000000e+01 8.600000000000000000e+01 1.397100000000000000e+04
-1.486336326599121094e+01 -4.098151683807373047e+00 1.883663795888423920e-02 1.600000000000000000e+01 4.658894000000000000e+07 3.640000000000000000e+02 3.100000000000000000e+01 7.700000000000000000e+01 1.541800000000000000e+04
-1.454349517822265625e+01 -3.914096355438232422e+00 1.840047910809516907e-02 1.200000000000000000e+01 4.668627200000000000e+07 2.580000000000000000e+02 3.100000000000000000e+01 7.000000000000000000e+01 1.506100000000000000e+04
-1.470168113708496094e+01 -3.860085010528564453e+00 1.857030019164085388e-02 2.600000000000000000e+01 4.678379200000000000e+07 5.880000000000000000e+02 3.100000000000000000e+01 6.200000000000000000e+01 1.520000000000000000e+04
-1.472315216064453125e+01 -3.769308567047119141e+00 1.856785640120506287e-02 1.600000000000000000e+01 4.688102000000000000e+07 3.570000000000000000e+02 3.100000000000000000e+01 6.200000000000000000e+01 1.519800000000000000e+04
-1.472756767272949219e+01 -3.674298763275146484e+00 1.854464411735534668e-02 1.800000000000000000e+01 4.698012800000000000e+07 4.030000000000000000e+02 3.100000000000000000e+01 5.900000000000000000e+01 1.517900000000000000e+04
-1.468285179138183594e+01 -3.188127517700195312e+00 1.835649646818637848e-02 1.500000000000000000e+01 4.746736000000000000e+07 3.230000000000000000e+02 3.100000000000000000e+01 8.000000000000000000e+01 1.502500000000000000e+04
-1.487452697753906250e+01 -2.849409103393554688e+00 1.850310340523719788e-02 1.100000000000000000e+01 4.785839200000000000e+07 2.400000000000000000e+02 3.100000000000000000e+01 6.000000000000000000e+01 1.514500000000000000e+04
-1.147179794311523438e+01 7.705032825469970703e-01 2.328110337257385254e-01 1.310000000000000000e+02 5.078284800000000000e+07 1.724000000000000000e+03 2.900000000000000000e+01 7.500000000000000000e+01 1.150000000000000000e+04
-1.150673866271972656e+01 8.438032269477844238e-01 2.336208075284957886e-01 7.500000000000000000e+01 5.088048000000000000e+07 9.880000000000000000e+02 2.900000000000000000e+01 9.100000000000000000e+01 1.154000000000000000e+04
-1.150588893890380859e+01 7.807362079620361328e-01 1.227838695049285889e-01 5.800000000000000000e+01 5.136931200000000000e+07 7.550000000000000000e+02 3.000000000000000000e+01 3.200000000000000000e+01 1.153300000000000000e+04
-1.285661220550537109e+01 1.580088257789611816e+00 2.622869312763214111e-01 9.500000000000000000e+01 5.166255200000000000e+07 1.571000000000000000e+03 2.900000000000000000e+01 4.300000000000000000e+01 1.295600000000000000e+04
-1.150263118743896484e+01 7.175748348236083984e-01 1.408044062554836273e-02 5.100000000000000000e+01 5.185772000000000000e+07 6.700000000000000000e+02 3.100000000000000000e+01 6.500000000000000000e+01 1.152500000000000000e+04
-1.150100517272949219e+01 7.883453369140625000e-01 1.408410631120204926e-02 3.140000000000000000e+02 5.195504000000000000e+07 4.162000000000000000e+03 3.100000000000000000e+01 9.300000000000000000e+01 1.152800000000000000e+04
-1.146204566955566406e+01 8.563660979270935059e-01 1.404256746172904968e-02 2.210000000000000000e+02 5.205108800000000000e+07 2.910000000000000000e+03 3.100000000000000000e+01 8.000000000000000000e+01 1.149400000000000000e+04
-1.284508991241455078e+01 1.507672905921936035e+00 1.376993507146835327e-01 2.500000000000000000e+01 5.214928000000000000e+07 3.940000000000000000e+02 3.000000000000000000e+01 5.400000000000000000e+01 1.293400000000000000e+04
-1.283857440948486328e+01 1.586828351020812988e+00 1.377312839031219482e-01 3.800000000000000000e+01 5.224772000000000000e+07 6.130000000000000000e+02 3.000000000000000000e+01 4.200000000000000000e+01 1.293700000000000000e+04
-1.286959648132324219e+01 1.519516110420227051e+00 1.583240181207656860e-02 2.580000000000000000e+02 5.273475200000000000e+07 4.323000000000000000e+03 3.100000000000000000e+01 6.900000000000000000e+01 1.295900000000000000e+04
-1.285109996795654297e+01 1.597343802452087402e+00 1.582140661776065826e-02 2.360000000000000000e+02 5.283182000000000000e+07 3.931000000000000000e+03 3.100000000000000000e+01 6.700000000000000000e+01 1.295000000000000000e+04
-1.491020298004150391e+01 2.696036100387573242e+00 1.851165667176246643e-02 3.300000000000000000e+01 5.370803200000000000e+07 7.420000000000000000e+02 3.100000000000000000e+01 7.800000000000000000e+01 1.515200000000000000e+04
-7.454707145690917969e+00 1.961399793624877930e+00 1.560846120119094849e-01 3.040000000000000000e+02 5.380588000000000000e+07 1.803000000000000000e+03 2.900000000000000000e+01 8.600000000000000000e+01 7.710000000000000000e+03
-7.401023387908935547e+00 1.995910048484802246e+00 1.552141010761260986e-01 1.520000000000000000e+02 5.390384800000000000e+07 8.900000000000000000e+02 2.900000000000000000e+01 7.200000000000000000e+01 7.667000000000000000e+03
-1.488697147369384766e+01 4.508909702301025391e+00 3.149629533290863037e-01 5.100000000000000000e+01 5.439330000000000000e+07 1.200000000000000000e+03 2.900000000000000000e+01 4.700000000000000000e+01 1.555800000000000000e+04
-7.420622348785400391e+00 1.957885384559631348e+00 8.171041309833526611e-02 7.500000000000000000e+01 5.439330000000000000e+07 4.340000000000000000e+02 3.000000000000000000e+01 4.000000000000000000e+01 7.675000000000000000e+03
-7.399782180786132812e+00 2.001031398773193359e+00 8.161459863185882568e-02 1.460000000000000000e+02 5.449004800000000000e+07 8.540000000000000000e+02 3.000000000000000000e+01 7.100000000000000000e+01 7.666000000000000000e+03
-1.488381290435791016e+01 4.419561386108398438e+00 1.653052121400833130e-01 7.400000000000000000e+01 5.488099200000000000e+07 1.754000000000000000e+03 3.000000000000000000e+01 1.420000000000000000e+02 1.552700000000000000e+04
-7.447088718414306641e+00 1.921528577804565430e+00 9.396327659487724304e-03 1.050000000000000000e+02 5.488099200000000000e+07 6.160000000000000000e+02 3.100000000000000000e+01 1.000000000000000000e+02 7.691000000000000000e+03
-1.484397697448730469e+01 4.507026672363281250e+00 1.651668250560760498e-01 1.570000000000000000e+02 5.497804800000000000e+07 3.760000000000000000e+03 3.000000000000000000e+01 8.900000000000000000e+01 1.551400000000000000e+04
-7.446758747100830078e+00 1.970256209373474121e+00 9.410988539457321167e-03 3.780000000000000000e+02 5.497804800000000000e+07 2.233000000000000000e+03 3.100000000000000000e+01 8.200000000000000000e+01 7.703000000000000000e+03
-7.459623336791992188e+00 2.022716045379638672e+00 9.442753158509731293e-03 2.930000000000000000e+02 5.507516800000000000e+07 1.746000000000000000e+03 3.100000000000000000e+01 8.100000000000000000e+01 7.729000000000000000e+03
-8.797340393066406250e+00 3.143463611602783203e+00 1.891640275716781616e-01 5.900000000000000000e+01 5.517412800000000000e+07 5.090000000000000000e+02 2.900000000000000000e+01 7.900000000000000000e+01 9.344000000000000000e+03
-1.489510631561279297e+01 4.137166023254394531e+00 1.888672821223735809e-02 3.300000000000000000e+01 5.517412800000000000e+07 7.760000000000000000e+02 3.100000000000000000e+01 6.300000000000000000e+01 1.545900000000000000e+04
-8.772250175476074219e+00 3.195330619812011719e+00 1.890425533056259155e-01 2.430000000000000000e+02 5.527136000000000000e+07 2.114000000000000000e+03 2.900000000000000000e+01 6.500000000000000000e+01 9.338000000000000000e+03
-1.484805965423583984e+01 4.420050621032714844e+00 1.892704516649246216e-02 1.170000000000000000e+02 5.546759200000000000e+07 2.772000000000000000e+03 3.100000000000000000e+01 5.600000000000000000e+01 1.549200000000000000e+04
-1.482257270812988281e+01 4.511655807495117188e+00 1.892948709428310394e-02 1.170000000000000000e+02 5.556392800000000000e+07 2.774000000000000000e+03 3.100000000000000000e+01 5.100000000000000000e+01 1.549400000000000000e+04
-1.498176288604736328e+01 4.660742759704589844e+00 1.916894689202308655e-02 7.500000000000000000e+01 5.566088800000000000e+07 1.827000000000000000e+03 3.100000000000000000e+01 9.000000000000000000e+01 1.569000000000000000e+04
-1.473559474945068359e+01 4.683518886566162109e+00 1.889039203524589539e-02 5.200000000000000000e+01 5.575888000000000000e+07 1.222000000000000000e+03 3.100000000000000000e+01 1.040000000000000000e+02 1.546200000000000000e+04
-8.724387168884277344e+00 3.184689044952392578e+00 9.888290613889694214e-02 1.400000000000000000e+01 5.585658000000000000e+07 1.090000000000000000e+02 3.000000000000000000e+01 4.400000000000000000e+01 9.288000000000000000e+03
-1.487778663635253906e+01 4.829421043395996094e+00 1.911030523478984833e-02 6.400000000000000000e+01 5.585658000000000000e+07 1.548000000000000000e+03 3.100000000000000000e+01 8.300000000000000000e+01 1.564200000000000000e+04
-1.483445262908935547e+01 5.017397880554199219e+00 1.913229562342166901e-02 5.300000000000000000e+01 5.604906000000000000e+07 1.279000000000000000e+03 3.100000000000000000e+01 9.800000000000000000e+01 1.566000000000000000e+04
-1.482796478271484375e+01 5.116806983947753906e+00 1.916406117379665375e-02 8.100000000000000000e+01 5.614742000000000000e+07 1.978000000000000000e+03 3.100000000000000000e+01 7.000000000000000000e+01 1.568600000000000000e+04
-1.495004463195800781e+01 5.261808872222900391e+00 1.936320215463638306e-02 2.500000000000000000e+01 5.624524800000000000e+07 6.120000000000000000e+02 3.100000000000000000e+01 7.500000000000000000e+01 1.584900000000000000e+04
-8.759040832519531250e+00 3.143361091613769531e+00 1.136942207813262939e-02 1.970000000000000000e+02 5.634242000000000000e+07 1.694000000000000000e+03 3.100000000000000000e+01 4.500000000000000000e+01 9.306000000000000000e+03
-8.733015060424804688e+00 3.194641590118408203e+00 1.136086974292993546e-02 3.840000000000000000e+02 5.644031200000000000e+07 3.313000000000000000e+03 3.100000000000000000e+01 9.500000000000000000e+01 9.299000000000000000e+03
-1.444247055053710938e+01 5.485098361968994141e+00 1.887450926005840302e-02 9.200000000000000000e+01 5.663628000000000000e+07 2.175000000000000000e+03 3.100000000000000000e+01 1.000000000000000000e+02 1.544900000000000000e+04
-1.433778667449951172e+01 5.647623538970947266e+00 1.882686279714107513e-02 6.400000000000000000e+01 5.683108000000000000e+07 1.499000000000000000e+03 3.100000000000000000e+01 1.000000000000000000e+02 1.541000000000000000e+04
-1.499712276458740234e+01 6.013892650604248047e+00 1.974071748554706573e-02 4.400000000000000000e+01 5.692826000000000000e+07 1.129000000000000000e+03 3.100000000000000000e+01 8.800000000000000000e+01 1.615800000000000000e+04
-1.423904705047607422e+01 7.813122272491455078e+00 1.070236325263977051e+00 6.100000000000000000e+01 5.712372000000000000e+07 1.581000000000000000e+03 2.400000000000000000e+01 3.700000000000000000e+01 1.627700000000000000e+04
-1.498037528991699219e+01 6.221641540527343750e+00 1.981768570840358734e-02 4.200000000000000000e+01 5.712372000000000000e+07 1.092000000000000000e+03 3.100000000000000000e+01 5.900000000000000000e+01 1.622100000000000000e+04
-1.421142196655273438e+01 7.898811817169189453e+00 2.264803171157836914e+00 5.900000000000000000e+01 5.722227200000000000e+07 1.568000000000000000e+03 1.600000000000000000e+01 9.200000000000000000e+01 1.641600000000000000e+04
-1.419985103607177734e+01 7.898870468139648438e+00 1.664834260940551758e+00 1.620000000000000000e+02 5.722227200000000000e+07 4.258000000000000000e+03 2.000000000000000000e+01 4.900000000000000000e+01 1.633400000000000000e+04
-1.421350669860839844e+01 7.912964344024658203e+00 1.071945905685424805e+00 4.670000000000000000e+02 5.722227200000000000e+07 1.236900000000000000e+04 2.400000000000000000e+01 7.300000000000000000e+01 1.630300000000000000e+04
-1.488020229339599609e+01 6.287364959716796875e+00 1.973582990467548370e-02 8.700000000000000000e+01 5.722227200000000000e+07 2.252000000000000000e+03 3.100000000000000000e+01 7.900000000000000000e+01 1.615400000000000000e+04
-1.416151332855224609e+01 7.991716861724853516e+00 1.666057229042053223e+00 1.760000000000000000e+02 5.731991200000000000e+07 4.637000000000000000e+03 2.000000000000000000e+01 5.300000000000000000e+01 1.634600000000000000e+04
-1.448487091064453125e+01 6.225344181060791016e+00 1.926179789006710052e-02 6.300000000000000000e+01 5.731991200000000000e+07 1.542000000000000000e+03 3.100000000000000000e+01 1.120000000000000000e+02 1.576600000000000000e+04
-1.459942245483398438e+01 6.380986213684082031e+00 1.946582831442356110e-02 5.000000000000000000e+01 5.741687200000000000e+07 1.257000000000000000e+03 3.100000000000000000e+01 5.800000000000000000e+01 1.593300000000000000e+04
-1.401078510284423828e+01 6.226378440856933594e+00 1.873156800866127014e-02 9.700000000000000000e+01 5.751378000000000000e+07 2.266000000000000000e+03 3.100000000000000000e+01 7.100000000000000000e+01 1.533200000000000000e+04
-1.477700996398925781e+01 6.675763130187988281e+00 1.981035433709621429e-02 3.700000000000000000e+01 5.761142000000000000e+07 9.550000000000000000e+02 3.100000000000000000e+01 7.600000000000000000e+01 1.621500000000000000e+04
-1.419686985015869141e+01 7.799451828002929688e+00 9.141296744346618652e-01 1.500000000000000000e+02 5.771016000000000000e+07 3.919000000000000000e+03 2.500000000000000000e+01 1.290000000000000000e+02 1.622400000000000000e+04
-1.084609603881835938e+01 5.963539123535156250e+00 2.506261169910430908e-01 5.700000000000000000e+01 5.771016000000000000e+07 8.590000000000000000e+02 2.900000000000000000e+01 1.080000000000000000e+02 1.238000000000000000e+04
-1.442315196990966797e+01 6.622760772705078125e+00 1.939008012413978577e-02 4.800000000000000000e+01 5.771016000000000000e+07 1.189000000000000000e+03 3.100000000000000000e+01 9.300000000000000000e+01 1.587100000000000000e+04
-1.417805099487304688e+01 7.889780998229980469e+00 2.101561069488525391e+00 1.100000000000000000e+02 5.780754000000000000e+07 2.920000000000000000e+03 1.700000000000000000e+01 1.050000000000000000e+02 1.636100000000000000e+04
-1.424106216430664062e+01 7.931357860565185547e+00 1.515043973922729492e+00 3.470000000000000000e+02 5.780754000000000000e+07 9.276000000000000000e+03 2.100000000000000000e+01 1.000000000000000000e+02 1.637100000000000000e+04
-1.420019912719726562e+01 7.915095329284667969e+00 9.174539446830749512e-01 4.570000000000000000e+02 5.780754000000000000e+07 1.207300000000000000e+04 2.500000000000000000e+01 7.500000000000000000e+01 1.628300000000000000e+04
-1.436321353912353516e+01 6.702255249023437500e+00 1.936442404985427856e-02 4.500000000000000000e+01 5.780754000000000000e+07 1.116000000000000000e+03 3.100000000000000000e+01 6.800000000000000000e+01 1.585000000000000000e+04
-1.414354324340820312e+01 7.997653484344482422e+00 9.169468283653259277e-01 4.610000000000000000e+02 5.790572800000000000e+07 1.218700000000000000e+04 2.500000000000000000e+01 1.010000000000000000e+02 1.627400000000000000e+04
-1.435796260833740234e+01 6.807396411895751953e+00 1.941329240798950195e-02 5.100000000000000000e+01 5.790572800000000000e+07 1.272000000000000000e+03 3.100000000000000000e+01 7.300000000000000000e+01 1.589000000000000000e+04
-1.434745693206787109e+01 6.910555362701416016e+00 1.945605501532554626e-02 5.200000000000000000e+01 5.800387200000000000e+07 1.305000000000000000e+03 3.100000000000000000e+01 6.400000000000000000e+01 1.592500000000000000e+04
-1.419519615173339844e+01 6.944844722747802734e+00 1.930700242519378662e-02 5.900000000000000000e+01 5.810223200000000000e+07 1.460000000000000000e+03 3.100000000000000000e+01 6.200000000000000000e+01 1.580300000000000000e+04
-1.426605033874511719e+01 7.088324546813964844e+00 1.946216262876987457e-02 7.200000000000000000e+01 5.819975200000000000e+07 1.809000000000000000e+03 3.100000000000000000e+01 8.200000000000000000e+01 1.593000000000000000e+04
-1.078229045867919922e+01 5.938110351562500000e+00 1.310560405254364014e-01 1.150000000000000000e+02 5.829718000000000000e+07 1.721000000000000000e+03 3.000000000000000000e+01 5.300000000000000000e+01 1.231000000000000000e+04
-1.403212261199951172e+01 7.079779624938964844e+00 1.920193433761596680e-02 5.400000000000000000e+01 5.829718000000000000e+07 1.319000000000000000e+03 3.100000000000000000e+01 7.100000000000000000e+01 1.571700000000000000e+04
-1.421206378936767578e+01 7.918254375457763672e+00 1.954365730285644531e+00 1.990000000000000000e+02 5.839430000000000000e+07 5.324000000000000000e+03 1.800000000000000000e+01 8.200000000000000000e+01 1.638600000000000000e+04
-1.422446250915527344e+01 7.931670188903808594e+00 1.359019637107849121e+00 4.580000000000000000e+02 5.839430000000000000e+07 1.220700000000000000e+04 2.200000000000000000e+01 1.080000000000000000e+02 1.634300000000000000e+04
-1.417689132690429688e+01 7.911632537841796875e+00 7.627875804901123047e-01 2.790000000000000000e+02 5.839430000000000000e+07 7.334000000000000000e+03 2.600000000000000000e+01 4.200000000000000000e+01 1.625300000000000000e+04
-1.356031894683837891e+01 6.946446895599365234e+00 1.861428283154964447e-02 6.200000000000000000e+01 5.839430000000000000e+07 1.419000000000000000e+03 3.100000000000000000e+01 9.900000000000000000e+01 1.523600000000000000e+04
-1.411504077911376953e+01 7.991089820861816406e+00 7.620836496353149414e-01 2.830000000000000000e+02 5.849178000000000000e+07 7.426000000000000000e+03 2.600000000000000000e+01 4.500000000000000000e+01 1.623800000000000000e+04
-1.368068695068359375e+01 7.114413738250732422e+00 1.883907988667488098e-02 7.700000000000000000e+01 5.849178000000000000e+07 1.809000000000000000e+03 3.100000000000000000e+01 1.080000000000000000e+02 1.542000000000000000e+04
-1.406745719909667969e+01 7.425559520721435547e+00 1.943406276404857635e-02 5.300000000000000000e+01 5.858951200000000000e+07 1.304000000000000000e+03 3.100000000000000000e+01 5.500000000000000000e+01 1.590700000000000000e+04
-1.401193428039550781e+01 7.506541728973388672e+00 1.942062377929687500e-02 4.400000000000000000e+01 5.868636000000000000e+07 1.096000000000000000e+03 3.100000000000000000e+01 7.400000000000000000e+01 1.589600000000000000e+04
-1.467234134674072266e+01 7.969954967498779297e+00 6.268511414527893066e-01 1.220000000000000000e+02 5.878396000000000000e+07 3.374000000000000000e+03 2.700000000000000000e+01 1.600000000000000000e+01 1.670900000000000000e+04
-1.087658882141113281e+01 5.913035392761230469e+00 1.512501947581768036e-02 1.490000000000000000e+02 5.878396000000000000e+07 2.274000000000000000e+03 3.100000000000000000e+01 6.800000000000000000e+01 1.238000000000000000e+04
-1.422825813293457031e+01 7.832463264465332031e+00 1.201261639595031738e+00 3.800000000000000000e+01 5.888210000000000000e+07 9.710000000000000000e+02 2.300000000000000000e+01 4.500000000000000000e+01 1.628600000000000000e+04
-1.435098552703857422e+01 7.909816741943359375e+00 6.151836514472961426e-01 1.070000000000000000e+02 5.888210000000000000e+07 2.839000000000000000e+03 2.700000000000000000e+01 4.600000000000000000e+01 1.639800000000000000e+04
-1.081471061706542969e+01 5.965654850006103516e+00 1.508959010243415833e-02 2.190000000000000000e+02 5.888210000000000000e+07 3.303000000000000000e+03 3.100000000000000000e+01 5.500000000000000000e+01 1.235100000000000000e+04
-1.421911621093750000e+01 7.931738853454589844e+00 1.800399541854858398e+00 2.090000000000000000e+02 5.897956800000000000e+07 5.565000000000000000e+03 1.900000000000000000e+01 7.200000000000000000e+01 1.638100000000000000e+04
-1.421562957763671875e+01 7.939556598663330078e+00 1.204285860061645508e+00 4.070000000000000000e+02 5.897956800000000000e+07 1.075600000000000000e+04 2.300000000000000000e+01 5.600000000000000000e+01 1.632700000000000000e+04
-1.418530750274658203e+01 7.932368278503417969e+00 6.101565361022949219e-01 1.400000000000000000e+02 5.897956800000000000e+07 3.672000000000000000e+03 2.700000000000000000e+01 2.200000000000000000e+01 1.626400000000000000e+04
-1.373962116241455078e+01 7.689439773559570312e+00 1.923614181578159332e-02 5.400000000000000000e+01 5.897956800000000000e+07 1.323000000000000000e+03 3.100000000000000000e+01 7.500000000000000000e+01 1.574500000000000000e+04
-1.406264019012451172e+01 7.983923912048339844e+00 1.975660026073455811e-02 5.000000000000000000e+01 5.907683200000000000e+07 1.293000000000000000e+03 3.100000000000000000e+01 6.500000000000000000e+01 1.617100000000000000e+04
-1.359396362304687500e+01 7.828522205352783203e+00 1.916528120636940002e-02 6.000000000000000000e+01 5.917519200000000000e+07 1.462000000000000000e+03 3.100000000000000000e+01 6.900000000000000000e+01 1.568700000000000000e+04
-2.774781703948974609e+00 2.243718147277832031e+00 1.059084981679916382e-01 3.460000000000000000e+02 5.995511200000000000e+07 4.370000000000000000e+02 2.800000000000000000e+01 9.700000000000000000e+01 3.570000000000000000e+03
-2.754001855850219727e+00 2.255002498626708984e+00 1.056414991617202759e-01 3.830000000000000000e+02 6.005299200000000000e+07 4.820000000000000000e+02 2.800000000000000000e+01 1.140000000000000000e+02 3.561000000000000000e+03
-2.713951349258422852e+00 2.250166893005371094e+00 1.046328470110893250e-01 2.380000000000000000e+02 6.015088000000000000e+07 2.930000000000000000e+02 2.800000000000000000e+01 8.200000000000000000e+01 3.527000000000000000e+03
-2.743588685989379883e+00 2.221615076065063477e+00 7.148310542106628418e-02 1.700000000000000000e+01 6.054166000000000000e+07 2.000000000000000000e+01 2.900000000000000000e+01 2.600000000000000000e+01 3.531000000000000000e+03
-2.719854831695556641e+00 2.230166435241699219e+00 7.121992856264114380e-02 2.800000000000000000e+01 6.063896800000000000e+07 3.300000000000000000e+01 2.900000000000000000e+01 3.200000000000000000e+01 3.518000000000000000e+03
-2.680735111236572266e+00 2.225737333297729492e+00 7.055186480283737183e-02 1.300000000000000000e+01 6.073815200000000000e+07 1.400000000000000000e+01 2.900000000000000000e+01 2.700000000000000000e+01 3.485000000000000000e+03
-2.728770971298217773e+00 2.240615367889404297e+00 3.759211301803588867e-02 2.500000000000000000e+01 6.122503200000000000e+07 3.000000000000000000e+01 3.000000000000000000e+01 2.300000000000000000e+01 3.531000000000000000e+03
-2.731118440628051758e+00 2.270741701126098633e+00 3.781568631529808044e-02 2.700000000000000000e+01 6.132270000000000000e+07 3.200000000000000000e+01 3.000000000000000000e+01 3.500000000000000000e+01 3.552000000000000000e+03
-2.693420171737670898e+00 2.267493009567260742e+00 3.748564794659614563e-02 6.600000000000000000e+01 6.142023200000000000e+07 8.000000000000000000e+01 3.000000000000000000e+01 3.900000000000000000e+01 3.521000000000000000e+03
-2.794258594512939453e+00 2.267392873764038086e+00 1.350942999124526978e-01 1.880000000000000000e+02 6.171296800000000000e+07 2.430000000000000000e+02 2.700000000000000000e+01 9.700000000000000000e+01 3.601000000000000000e+03
-2.765933752059936523e+00 2.246010303497314453e+00 4.353024996817111969e-03 9.000000000000000000e+00 6.171296800000000000e+07 1.000000000000000000e+01 3.100000000000000000e+01 1.600000000000000000e+01 3.563000000000000000e+03
-2.759447097778320312e+00 2.267366409301757812e+00 1.340813785791397095e-01 2.900000000000000000e+02 6.181048800000000000e+07 3.680000000000000000e+02 2.700000000000000000e+01 8.500000000000000000e+01 3.574000000000000000e+03
-2.743603944778442383e+00 2.255953311920166016e+00 4.339586012065410614e-03 2.300000000000000000e+01 6.181048800000000000e+07 2.800000000000000000e+01 3.100000000000000000e+01 2.200000000000000000e+01 3.552000000000000000e+03
-2.751628398895263672e+00 2.289368629455566406e+00 1.343815028667449951e-01 1.190000000000000000e+02 6.190816800000000000e+07 1.510000000000000000e+02 2.700000000000000000e+01 4.300000000000000000e+01 3.582000000000000000e+03
-2.696599245071411133e+00 2.273337602615356445e+00 4.309042356908321381e-03 4.200000000000000000e+01 6.200570000000000000e+07 5.100000000000000000e+01 3.100000000000000000e+01 2.300000000000000000e+01 3.527000000000000000e+03
-5.140232086181640625e+00 6.036550045013427734e+00 8.441457152366638184e-02 2.240000000000000000e+02 6.406244800000000000e+07 1.396000000000000000e+03 3.000000000000000000e+01 1.000000000000000000e+02 7.929000000000000000e+03
-5.114037036895751953e+00 6.080986022949218750e+00 8.459556102752685547e-02 2.370000000000000000e+02 6.416115200000000000e+07 1.484000000000000000e+03 3.000000000000000000e+01 1.110000000000000000e+02 7.946000000000000000e+03
-5.147382259368896484e+00 6.053369522094726562e+00 9.707869030535221100e-03 1.800000000000000000e+01 6.465048000000000000e+07 1.060000000000000000e+02 3.100000000000000000e+01 3.300000000000000000e+01 7.946000000000000000e+03
-5.098566532135009766e+00 6.071055412292480469e+00 9.685877710580825806e-03 9.900000000000000000e+01 6.474954000000000000e+07 6.140000000000000000e+02 3.100000000000000000e+01 3.500000000000000000e+01 7.928000000000000000e+03
-2.973981857299804688e+00 6.679574966430664062e+00 7.491447925567626953e-01 4.310000000000000000e+02 6.748315200000000000e+07 2.324000000000000000e+03 2.000000000000000000e+01 1.020000000000000000e+02 7.350000000000000000e+03
-2.915669679641723633e+00 6.651936531066894531e+00 1.011683821678161621e+00 2.900000000000000000e+02 6.758063200000000000e+07 1.550000000000000000e+03 1.600000000000000000e+01 8.700000000000000000e+01 7.333000000000000000e+03
-2.919373512268066406e+00 6.666714668273925781e+00 7.456793785095214844e-01 4.070000000000000000e+02 6.758063200000000000e+07 2.175000000000000000e+03 2.000000000000000000e+01 7.300000000000000000e+01 7.316000000000000000e+03
-2.890245676040649414e+00 6.702319622039794922e+00 1.289628267288208008e+00 4.860000000000000000e+02 6.767804800000000000e+07 2.654000000000000000e+03 1.200000000000000000e+01 9.500000000000000000e+01 7.412000000000000000e+03
-2.879111766815185547e+00 6.679706573486328125e+00 1.013201475143432617e+00 5.880000000000000000e+02 6.767804800000000000e+07 3.166000000000000000e+03 1.600000000000000000e+01 1.190000000000000000e+02 7.344000000000000000e+03
-2.907526969909667969e+00 6.752114295959472656e+00 7.532217502593994141e-01 4.870000000000000000e+02 6.767804800000000000e+07 2.641000000000000000e+03 2.000000000000000000e+01 4.500000000000000000e+01 7.390000000000000000e+03
-2.843685388565063477e+00 6.707234859466552734e+00 1.287192344665527344e+00 5.100000000000000000e+02 6.777568000000000000e+07 2.775000000000000000e+03 1.200000000000000000e+01 1.060000000000000000e+02 7.398000000000000000e+03
-2.871306180953979492e+00 6.775672912597656250e+00 1.025066256523132324e+00 6.260000000000000000e+02 6.777568000000000000e+07 3.447000000000000000e+03 1.600000000000000000e+01 5.900000000000000000e+01 7.430000000000000000e+03
-2.857897758483886719e+00 6.750589847564697266e+00 7.510813474655151367e-01 3.780000000000000000e+02 6.777568000000000000e+07 2.043000000000000000e+03 2.000000000000000000e+01 8.900000000000000000e+01 7.369000000000000000e+03
-2.753514289855957031e+00 6.603824615478515625e+00 1.536486387252807617e+00 3.500000000000000000e+01 6.787352000000000000e+07 1.840000000000000000e+02 8.000000000000000000e+00 6.500000000000000000e+01 7.318000000000000000e+03
-2.793006420135498047e+00 6.701832771301269531e+00 1.282842516899108887e+00 4.510000000000000000e+02 6.787352000000000000e+07 2.446000000000000000e+03 1.200000000000000000e+01 1.310000000000000000e+02 7.373000000000000000e+03
-2.764552831649780273e+00 6.636820316314697266e+00 1.001474618911743164e+00 5.420000000000000000e+02 6.787352000000000000e+07 2.841000000000000000e+03 1.600000000000000000e+01 8.600000000000000000e+01 7.259000000000000000e+03
-2.735396862030029297e+00 6.573288917541503906e+00 7.294734120368957520e-01 4.280000000000000000e+02 6.787352000000000000e+07 2.178000000000000000e+03 2.000000000000000000e+01 9.200000000000000000e+01 7.157000000000000000e+03
-2.694035291671752930e+00 6.574455738067626953e+00 1.525778293609619141e+00 1.420000000000000000e+02 6.797320000000000000e+07 7.430000000000000000e+02 8.000000000000000000e+00 3.900000000000000000e+01 7.267000000000000000e+03
-2.730558156967163086e+00 6.666901588439941406e+00 1.272925019264221191e+00 4.470000000000000000e+02 6.797320000000000000e+07 2.382000000000000000e+03 1.200000000000000000e+01 1.040000000000000000e+02 7.316000000000000000e+03
-2.711395502090454102e+00 6.623410224914550781e+00 9.969218373298645020e-01 5.200000000000000000e+02 6.797320000000000000e+07 2.701000000000000000e+03 1.600000000000000000e+01 7.700000000000000000e+01 7.226000000000000000e+03
-2.689363956451416016e+00 6.576137542724609375e+00 7.279444932937622070e-01 4.510000000000000000e+02 6.797320000000000000e+07 2.296000000000000000e+03 2.000000000000000000e+01 8.700000000000000000e+01 7.142000000000000000e+03
-2.733406543731689453e+00 6.690496444702148438e+00 4.762377440929412842e-01 3.910000000000000000e+02 6.797320000000000000e+07 2.033000000000000000e+03 2.400000000000000000e+01 4.700000000000000000e+01 7.243000000000000000e+03
-2.646341085433959961e+00 6.572722911834716797e+00 1.521579146385192871e+00 3.920000000000000000e+02 6.807108800000000000e+07 2.051000000000000000e+03 8.000000000000000000e+00 5.200000000000000000e+01 7.247000000000000000e+03
-2.669747352600097656e+00 6.634198665618896484e+00 1.263529539108276367e+00 4.870000000000000000e+02 6.807108800000000000e+07 2.559000000000000000e+03 1.200000000000000000e+01 8.400000000000000000e+01 7.262000000000000000e+03
-2.663681745529174805e+00 6.622463226318359375e+00 9.943004846572875977e-01 6.370000000000000000e+02 6.807108800000000000e+07 3.305000000000000000e+03 1.600000000000000000e+01 7.100000000000000000e+01 7.207000000000000000e+03
-2.639319658279418945e+00 6.568515777587890625e+00 7.252944707870483398e-01 4.990000000000000000e+02 6.807108800000000000e+07 2.513000000000000000e+03 2.000000000000000000e+01 8.200000000000000000e+01 7.116000000000000000e+03
-2.964393854141235352e+00 6.667237281799316406e+00 6.781651973724365234e-01 3.960000000000000000e+02 6.807108800000000000e+07 2.117000000000000000e+03 2.100000000000000000e+01 8.900000000000000000e+01 7.328000000000000000e+03
-2.603092193603515625e+00 6.484898090362548828e+00 4.604573845863342285e-01 4.710000000000000000e+02 6.807108800000000000e+07 2.307000000000000000e+03 2.400000000000000000e+01 6.300000000000000000e+01 7.003000000000000000e+03
-2.603444814682006836e+00 6.582472801208496094e+00 1.520109415054321289e+00 3.690000000000000000e+02 6.816851200000000000e+07 1.917000000000000000e+03 8.000000000000000000e+00 4.100000000000000000e+01 7.240000000000000000e+03
-2.622836112976074219e+00 6.634886741638183594e+00 1.260571599006652832e+00 5.080000000000000000e+02 6.816851200000000000e+07 2.662000000000000000e+03 1.200000000000000000e+01 1.050000000000000000e+02 7.245000000000000000e+03
-2.622997045516967773e+00 6.638682365417480469e+00 9.943004846572875977e-01 6.180000000000000000e+02 6.816851200000000000e+07 3.195000000000000000e+03 1.600000000000000000e+01 9.700000000000000000e+01 7.207000000000000000e+03
-2.899317264556884766e+00 6.623863220214843750e+00 9.365248680114746094e-01 2.770000000000000000e+02 6.816851200000000000e+07 1.468000000000000000e+03 1.700000000000000000e+01 9.400000000000000000e+01 7.291000000000000000e+03
-2.592026948928833008e+00 6.567005634307861328e+00 7.233578562736511230e-01 4.950000000000000000e+02 6.816851200000000000e+07 2.484000000000000000e+03 2.000000000000000000e+01 9.900000000000000000e+01 7.097000000000000000e+03
-2.917843341827392578e+00 6.672528266906738281e+00 6.768695712089538574e-01 3.160000000000000000e+02 6.816851200000000000e+07 1.687000000000000000e+03 2.100000000000000000e+01 8.100000000000000000e+01 7.314000000000000000e+03
-2.564716815948486328e+00 6.504461765289306641e+00 4.607203900814056396e-01 4.780000000000000000e+02 6.816851200000000000e+07 2.335000000000000000e+03 2.400000000000000000e+01 5.900000000000000000e+01 7.007000000000000000e+03
-2.585968255996704102e+00 6.561714172363281250e+00 2.093250304460525513e-01 3.810000000000000000e+02 6.816851200000000000e+07 1.884000000000000000e+03 2.800000000000000000e+01 7.900000000000000000e+01 7.056000000000000000e+03
-2.566900491714477539e+00 6.608348369598388672e+00 1.522419095039367676e+00 1.650000000000000000e+02 6.826604000000000000e+07 8.610000000000000000e+02 8.000000000000000000e+00 3.900000000000000000e+01 7.251000000000000000e+03
-2.576729774475097656e+00 6.637085437774658203e+00 1.257961750030517578e+00 4.750000000000000000e+02 6.826604000000000000e+07 2.468000000000000000e+03 1.200000000000000000e+01 9.200000000000000000e+01 7.230000000000000000e+03
-2.881900310516357422e+00 6.689187049865722656e+00 1.213626980781555176e+00 5.330000000000000000e+02 6.826604000000000000e+07 2.896000000000000000e+03 1.300000000000000000e+01 9.700000000000000000e+01 7.384000000000000000e+03
-2.584363222122192383e+00 6.660192012786865234e+00 9.951282739639282227e-01 5.870000000000000000e+02 6.826604000000000000e+07 3.041000000000000000e+03 1.600000000000000000e+01 5.500000000000000000e+01 7.213000000000000000e+03
-2.869597434997558594e+00 6.667034149169921875e+00 9.401214122772216797e-01 4.920000000000000000e+02 6.826604000000000000e+07 2.632000000000000000e+03 1.700000000000000000e+01 8.400000000000000000e+01 7.319000000000000000e+03
-2.552043437957763672e+00 6.583714008331298828e+00 7.234598398208618164e-01 5.050000000000000000e+02 6.826604000000000000e+07 2.541000000000000000e+03 2.000000000000000000e+01 8.400000000000000000e+01 7.098000000000000000e+03
-2.534486293792724609e+00 6.545199394226074219e+00 4.624956846237182617e-01 4.120000000000000000e+02 6.826604000000000000e+07 2.030000000000000000e+03 2.400000000000000000e+01 8.600000000000000000e+01 7.034000000000000000e+03
-2.541689157485961914e+00 6.567203998565673828e+00 2.089987099170684814e-01 4.160000000000000000e+02 6.826604000000000000e+07 2.051000000000000000e+03 2.800000000000000000e+01 8.200000000000000000e+01 7.045000000000000000e+03
-2.540240526199340820e+00 6.660515308380126953e+00 1.530817389488220215e+00 1.260000000000000000e+02 6.836398400000000000e+07 6.620000000000000000e+02 8.000000000000000000e+00 4.300000000000000000e+01 7.291000000000000000e+03
-2.528240203857421875e+00 6.632527351379394531e+00 1.254133820533752441e+00 4.730000000000000000e+02 6.836398400000000000e+07 2.442000000000000000e+03 1.200000000000000000e+01 1.190000000000000000e+02 7.208000000000000000e+03
-2.839262962341308594e+00 6.703110694885253906e+00 1.212969541549682617e+00 5.300000000000000000e+02 6.836398400000000000e+07 2.876000000000000000e+03 1.300000000000000000e+01 1.110000000000000000e+02 7.380000000000000000e+03
-2.534985303878784180e+00 6.653710842132568359e+00 9.918171763420104980e-01 4.730000000000000000e+02 6.836398400000000000e+07 2.430000000000000000e+03 1.600000000000000000e+01 9.000000000000000000e+01 7.189000000000000000e+03
-2.848732233047485352e+00 6.732008457183837891e+00 9.468007683753967285e-01 4.750000000000000000e+02 6.836398400000000000e+07 2.566000000000000000e+03 1.700000000000000000e+01 8.600000000000000000e+01 7.371000000000000000e+03
-2.520798444747924805e+00 6.623422145843505859e+00 7.261098623275756836e-01 6.000000000000000000e+02 6.836398400000000000e+07 3.036000000000000000e+03 2.000000000000000000e+01 7.600000000000000000e+01 7.124000000000000000e+03
-2.482930898666381836e+00 6.530781269073486328e+00 4.603916406631469727e-01 1.040000000000000000e+02 6.836398400000000000e+07 5.050000000000000000e+02 2.400000000000000000e+01 1.120000000000000000e+02 7.002000000000000000e+03
-2.510576963424682617e+00 6.606969356536865234e+00 2.097700089216232300e-01 3.710000000000000000e+02 6.836398400000000000e+07 1.847000000000000000e+03 2.800000000000000000e+01 8.000000000000000000e+01 7.071000000000000000e+03
-2.489566802978515625e+00 6.653449058532714844e+00 1.255177855491638184e+00 5.650000000000000000e+02 6.846036800000000000e+07 2.936000000000000000e+03 1.200000000000000000e+01 8.800000000000000000e+01 7.214000000000000000e+03
-2.782914400100708008e+00 6.683980941772460938e+00 1.206395149230957031e+00 3.970000000000000000e+02 6.846036800000000000e+07 2.123000000000000000e+03 1.300000000000000000e+01 1.090000000000000000e+02 7.340000000000000000e+03
-2.487172603607177734e+00 6.650586605072021484e+00 9.890578985214233398e-01 5.270000000000000000e+02 6.846036800000000000e+07 2.705000000000000000e+03 1.600000000000000000e+01 8.300000000000000000e+01 7.169000000000000000e+03
-2.750622510910034180e+00 6.612926959991455078e+00 9.276617765426635742e-01 4.180000000000000000e+02 6.846036800000000000e+07 2.166000000000000000e+03 1.700000000000000000e+01 8.100000000000000000e+01 7.222000000000000000e+03
-2.456785202026367188e+00 6.576328277587890625e+00 7.192808985710144043e-01 3.220000000000000000e+02 6.846036800000000000e+07 1.590000000000000000e+03 2.000000000000000000e+01 7.900000000000000000e+01 7.057000000000000000e+03
-2.762053012847900391e+00 6.646950244903564453e+00 6.690033078193664551e-01 3.610000000000000000e+02 6.846036800000000000e+07 1.873000000000000000e+03 2.100000000000000000e+01 6.600000000000000000e+01 7.229000000000000000e+03
-2.544743061065673828e+00 6.822668552398681641e+00 2.161186039447784424e-01 2.110000000000000000e+02 6.846036800000000000e+07 1.116000000000000000e+03 2.800000000000000000e+01 8.000000000000000000e+01 7.285000000000000000e+03
-2.702196359634399414e+00 6.597448348999023438e+00 1.458267211914062500e+00 1.350000000000000000e+02 6.855923200000000000e+07 7.080000000000000000e+02 9.000000000000000000e+00 4.200000000000000000e+01 7.277000000000000000e+03
-2.448355674743652344e+00 6.667675018310546875e+00 1.255003809928894043e+00 4.700000000000000000e+02 6.855923200000000000e+07 2.430000000000000000e+03 1.200000000000000000e+01 9.800000000000000000e+01 7.213000000000000000e+03
-2.713086605072021484e+00 6.630635261535644531e+00 1.193739533424377441e+00 4.790000000000000000e+02 6.855923200000000000e+07 2.522000000000000000e+03 1.300000000000000000e+01 9.500000000000000000e+01 7.263000000000000000e+03
-2.459967851638793945e+00 6.702914237976074219e+00 9.945763945579528809e-01 6.140000000000000000e+02 6.855923200000000000e+07 3.181000000000000000e+03 1.600000000000000000e+01 9.800000000000000000e+01 7.209000000000000000e+03
-2.698362350463867188e+00 6.601222991943359375e+00 9.236798882484436035e-01 4.360000000000000000e+02 6.855923200000000000e+07 2.251000000000000000e+03 1.700000000000000000e+01 7.400000000000000000e+01 7.191000000000000000e+03
-2.437617063522338867e+00 6.649187564849853516e+00 7.256002426147460938e-01 5.400000000000000000e+02 6.855923200000000000e+07 2.732000000000000000e+03 2.000000000000000000e+01 9.700000000000000000e+01 7.119000000000000000e+03
-2.709546804428100586e+00 6.635196208953857422e+00 6.661344170570373535e-01 3.350000000000000000e+02 6.855923200000000000e+07 1.727000000000000000e+03 2.100000000000000000e+01 6.200000000000000000e+01 7.198000000000000000e+03
-3.000644445419311523e+00 6.647817611694335938e+00 6.086192727088928223e-01 6.700000000000000000e+01 6.855923200000000000e+07 3.510000000000000000e+02 2.200000000000000000e+01 4.400000000000000000e+01 7.319000000000000000e+03
-2.695722579956054688e+00 6.607933044433593750e+00 4.027489125728607178e-01 1.100000000000000000e+02 6.855923200000000000e+07 5.580000000000000000e+02 2.500000000000000000e+01 8.900000000000000000e+01 7.148000000000000000e+03
-2.649959802627563477e+00 6.584820270538330078e+00 1.451854586601257324e+00 3.290000000000000000e+02 6.865651200000000000e+07 1.719000000000000000e+03 9.000000000000000000e+00 4.900000000000000000e+01 7.245000000000000000e+03
-2.658736944198608398e+00 6.613294601440429688e+00 1.187658190727233887e+00 4.810000000000000000e+02 6.865651200000000000e+07 2.506000000000000000e+03 1.300000000000000000e+01 1.090000000000000000e+02 7.226000000000000000e+03
-2.406378984451293945e+00 6.683403015136718750e+00 9.894717931747436523e-01 5.090000000000000000e+02 6.865651200000000000e+07 2.610000000000000000e+03 1.600000000000000000e+01 7.800000000000000000e+01 7.172000000000000000e+03
-2.653741359710693359e+00 6.607532501220703125e+00 9.222669601440429688e-01 5.080000000000000000e+02 6.865651200000000000e+07 2.615000000000000000e+03 1.700000000000000000e+01 8.600000000000000000e+01 7.180000000000000000e+03
-2.401149272918701172e+00 6.676188468933105469e+00 7.269252538681030273e-01 4.560000000000000000e+02 6.865651200000000000e+07 2.315000000000000000e+03 2.000000000000000000e+01 9.900000000000000000e+01 7.132000000000000000e+03
-2.628740072250366211e+00 6.551893711090087891e+00 6.561396121978759766e-01 3.030000000000000000e+02 6.865651200000000000e+07 1.515000000000000000e+03 2.100000000000000000e+01 8.100000000000000000e+01 7.090000000000000000e+03
-2.966268301010131836e+00 6.680676937103271484e+00 6.099498271942138672e-01 2.640000000000000000e+02 6.865651200000000000e+07 1.413000000000000000e+03 2.200000000000000000e+01 3.800000000000000000e+01 7.335000000000000000e+03
-2.606095075607299805e+00 6.502019405364990234e+00 3.953114748001098633e-01 3.920000000000000000e+02 6.865651200000000000e+07 1.922000000000000000e+03 2.500000000000000000e+01 7.400000000000000000e+01 7.016000000000000000e+03
-2.606624841690063477e+00 6.593667507171630859e+00 1.450251460075378418e+00 3.110000000000000000e+02 6.875532000000000000e+07 1.621000000000000000e+03 9.000000000000000000e+00 5.900000000000000000e+01 7.237000000000000000e+03
-2.616296768188476562e+00 6.624896526336669922e+00 1.186836481094360352e+00 4.830000000000000000e+02 6.875532000000000000e+07 2.503000000000000000e+03 1.300000000000000000e+01 1.050000000000000000e+02 7.221000000000000000e+03
-2.617515802383422852e+00 6.634761333465576172e+00 9.238083362579345703e-01 5.330000000000000000e+02 6.875532000000000000e+07 2.748000000000000000e+03 1.700000000000000000e+01 8.700000000000000000e+01 7.192000000000000000e+03
-2.892108917236328125e+00 6.616627693176269531e+00 8.674539923667907715e-01 3.560000000000000000e+02 6.875532000000000000e+07 1.874000000000000000e+03 1.800000000000000000e+01 9.300000000000000000e+01 7.273000000000000000e+03
-2.585203170776367188e+00 6.559562683105468750e+00 6.553067564964294434e-01 3.970000000000000000e+02 6.875532000000000000e+07 1.977000000000000000e+03 2.100000000000000000e+01 8.400000000000000000e+01 7.081000000000000000e+03
-2.905679225921630859e+00 6.654002189636230469e+00 6.058751344680786133e-01 3.500000000000000000e+01 6.875532000000000000e+07 1.780000000000000000e+02 2.200000000000000000e+01 5.000000000000000000e+01 7.286000000000000000e+03
-2.564321517944335938e+00 6.513242721557617188e+00 3.950297534465789795e-01 3.780000000000000000e+02 6.875532000000000000e+07 1.849000000000000000e+03 2.500000000000000000e+01 9.000000000000000000e+01 7.011000000000000000e+03
-2.589384555816650391e+00 6.583642482757568359e+00 1.432496309280395508e-01 2.430000000000000000e+02 6.875532000000000000e+07 1.205000000000000000e+03 2.900000000000000000e+01 5.000000000000000000e+01 7.076000000000000000e+03
-2.556898593902587891e+00 6.585791587829589844e+00 1.445041179656982422e+00 2.160000000000000000e+02 6.885241600000000000e+07 1.111000000000000000e+03 9.000000000000000000e+00 4.500000000000000000e+01 7.211000000000000000e+03
-2.573101282119750977e+00 6.634387493133544922e+00 1.185685873031616211e+00 5.230000000000000000e+02 6.885241600000000000e+07 2.708000000000000000e+03 1.300000000000000000e+01 8.100000000000000000e+01 7.214000000000000000e+03
-2.882853031158447266e+00 6.691197395324707031e+00 1.143532514572143555e+00 5.760000000000000000e+02 6.885241600000000000e+07 3.119000000000000000e+03 1.400000000000000000e+01 6.700000000000000000e+01 7.375000000000000000e+03
-2.577472925186157227e+00 6.652546405792236328e+00 9.240652322769165039e-01 5.500000000000000000e+02 6.885241600000000000e+07 2.833000000000000000e+03 1.700000000000000000e+01 6.700000000000000000e+01 7.194000000000000000e+03
-2.858512639999389648e+00 6.650668144226074219e+00 8.696008920669555664e-01 4.520000000000000000e+02 6.885241600000000000e+07 2.394000000000000000e+03 1.800000000000000000e+01 7.600000000000000000e+01 7.291000000000000000e+03
-2.545624494552612305e+00 6.577158927917480469e+00 6.554918289184570312e-01 3.590000000000000000e+02 6.885241600000000000e+07 1.787000000000000000e+03 2.100000000000000000e+01 8.200000000000000000e+01 7.083000000000000000e+03
-2.526108980178833008e+00 6.533510684967041016e+00 3.953114748001098633e-01 2.930000000000000000e+02 6.885241600000000000e+07 1.439000000000000000e+03 2.500000000000000000e+01 7.800000000000000000e+01 7.016000000000000000e+03
-2.538852930068969727e+00 6.573292732238769531e+00 1.426827907562255859e-01 3.850000000000000000e+02 6.885241600000000000e+07 1.905000000000000000e+03 2.900000000000000000e+01 6.100000000000000000e+01 7.048000000000000000e+03
-2.552036046981811523e+00 6.694732666015625000e+00 1.465481400489807129e+00 1.200000000000000000e+02 6.895036800000000000e+07 6.340000000000000000e+02 9.000000000000000000e+00 4.600000000000000000e+01 7.313000000000000000e+03
-2.522165060043334961e+00 6.623318195343017578e+00 1.180919528007507324e+00 4.180000000000000000e+02 6.895036800000000000e+07 2.143000000000000000e+03 1.300000000000000000e+01 9.600000000000000000e+01 7.185000000000000000e+03
-2.839430570602416992e+00 6.703302383422851562e+00 1.142602086067199707e+00 5.240000000000000000e+02 6.895036800000000000e+07 2.826000000000000000e+03 1.400000000000000000e+01 6.600000000000000000e+01 7.369000000000000000e+03
-2.521090984344482422e+00 6.627452373504638672e+00 9.184135198593139648e-01 4.250000000000000000e+02 6.895036800000000000e+07 2.164000000000000000e+03 1.700000000000000000e+01 9.000000000000000000e+01 7.150000000000000000e+03
-2.847408294677734375e+00 6.738503932952880859e+00 8.787847161293029785e-01 4.300000000000000000e+02 6.895036800000000000e+07 2.320000000000000000e+03 1.800000000000000000e+01 7.200000000000000000e+01 7.368000000000000000e+03
-2.509817838668823242e+00 6.604754924774169922e+00 6.566948890686035156e-01 3.470000000000000000e+02 6.895036800000000000e+07 1.744000000000000000e+03 2.100000000000000000e+01 7.100000000000000000e+01 7.096000000000000000e+03
-2.545499801635742188e+00 6.705702781677246094e+00 4.047773182392120361e-01 9.100000000000000000e+01 6.895036800000000000e+07 4.660000000000000000e+02 2.500000000000000000e+01 9.000000000000000000e+01 7.184000000000000000e+03
-2.502017259597778320e+00 6.598095417022705078e+00 1.428852379322052002e-01 3.820000000000000000e+02 6.895036800000000000e+07 1.895000000000000000e+03 2.900000000000000000e+01 7.900000000000000000e+01 7.058000000000000000e+03
-2.480096101760864258e+00 6.634973049163818359e+00 1.180262088775634766e+00 5.000000000000000000e+02 6.904728800000000000e+07 2.575000000000000000e+03 1.300000000000000000e+01 7.300000000000000000e+01 7.181000000000000000e+03
-2.760273218154907227e+00 6.629397869110107422e+00 1.127096652984619141e+00 4.540000000000000000e+02 6.904728800000000000e+07 2.380000000000000000e+03 1.400000000000000000e+01 5.500000000000000000e+01 7.269000000000000000e+03
-2.463726520538330078e+00 6.598201274871826172e+00 9.122478961944580078e-01 3.910000000000000000e+02 6.904728800000000000e+07 1.968000000000000000e+03 1.700000000000000000e+01 9.600000000000000000e+01 7.102000000000000000e+03
-2.745454788208007812e+00 6.610058307647705078e+00 8.598206639289855957e-01 3.980000000000000000e+02 6.904728800000000000e+07 2.060000000000000000e+03 1.800000000000000000e+01 7.500000000000000000e+01 7.209000000000000000e+03
-2.479336023330688477e+00 6.647085189819335938e+00 6.593787074089050293e-01 4.130000000000000000e+02 6.904728800000000000e+07 2.082000000000000000e+03 2.100000000000000000e+01 9.700000000000000000e+01 7.125000000000000000e+03
-2.775069952011108398e+00 6.687950134277343750e+00 6.042120456695556641e-01 3.240000000000000000e+02 6.904728800000000000e+07 1.698000000000000000e+03 2.200000000000000000e+01 4.000000000000000000e+01 7.266000000000000000e+03
-2.528793811798095703e+00 6.794163703918457031e+00 1.467924118041992188e-01 3.200000000000000000e+02 6.904728800000000000e+07 1.678000000000000000e+03 2.900000000000000000e+01 9.500000000000000000e+01 7.251000000000000000e+03
-2.449868440628051758e+00 6.678773880004882812e+00 1.185357213020324707e+00 5.290000000000000000e+02 6.914502400000000000e+07 2.737000000000000000e+03 1.300000000000000000e+01 1.010000000000000000e+02 7.212000000000000000e+03
-2.712061405181884766e+00 6.627923011779785156e+00 1.123995542526245117e+00 5.200000000000000000e+02 6.914502400000000000e+07 2.719000000000000000e+03 1.400000000000000000e+01 7.400000000000000000e+01 7.249000000000000000e+03
-2.459361314773559570e+00 6.711898803710937500e+00 9.258635044097900391e-01 4.770000000000000000e+02 6.914502400000000000e+07 2.470000000000000000e+03 1.700000000000000000e+01 7.900000000000000000e+01 7.208000000000000000e+03
-2.693963766098022461e+00 6.600121974945068359e+00 8.563618659973144531e-01 4.440000000000000000e+02 6.914502400000000000e+07 2.281000000000000000e+03 1.800000000000000000e+01 6.500000000000000000e+01 7.180000000000000000e+03
-2.423102617263793945e+00 6.620096206665039062e+00 6.552141904830932617e-01 4.110000000000000000e+02 6.914502400000000000e+07 2.046000000000000000e+03 2.100000000000000000e+01 1.010000000000000000e+02 7.080000000000000000e+03
-2.729842185974121094e+00 6.694700717926025391e+00 6.032972931861877441e-01 3.860000000000000000e+02 6.914502400000000000e+07 2.029000000000000000e+03 2.200000000000000000e+01 6.500000000000000000e+01 7.255000000000000000e+03
-2.668157100677490234e+00 6.633171558380126953e+00 1.392348647117614746e+00 3.050000000000000000e+02 6.924064000000000000e+07 1.610000000000000000e+03 1.000000000000000000e+01 7.000000000000000000e+01 7.284000000000000000e+03
-2.391139984130859375e+00 6.644489288330078125e+00 1.176646232604980469e+00 3.030000000000000000e+02 6.924064000000000000e+07 1.543000000000000000e+03 1.300000000000000000e+01 9.900000000000000000e+01 7.159000000000000000e+03
-2.660655260086059570e+00 6.617857456207275391e+00 1.119498848915100098e+00 4.920000000000000000e+02 6.924064000000000000e+07 2.562000000000000000e+03 1.400000000000000000e+01 5.900000000000000000e+01 7.220000000000000000e+03
-2.405383586883544922e+00 6.691399574279785156e+00 9.209824800491333008e-01 4.300000000000000000e+02 6.924064000000000000e+07 2.196000000000000000e+03 1.700000000000000000e+01 9.200000000000000000e+01 7.170000000000000000e+03
-2.637894153594970703e+00 6.577823638916015625e+00 8.513525128364562988e-01 4.520000000000000000e+02 6.924064000000000000e+07 2.295000000000000000e+03 1.800000000000000000e+01 7.400000000000000000e+01 7.138000000000000000e+03
-2.957857608795166016e+00 6.664674758911132812e+00 8.062835931777954102e-01 9.600000000000000000e+01 6.924064000000000000e+07 5.110000000000000000e+02 1.900000000000000000e+01 1.100000000000000000e+02 7.336000000000000000e+03
-2.388830423355102539e+00 6.652645111083984375e+00 6.569725275039672852e-01 3.140000000000000000e+02 6.924064000000000000e+07 1.579000000000000000e+03 2.100000000000000000e+01 8.000000000000000000e+01 7.099000000000000000e+03
-2.613481044769287109e+00 6.523537635803222656e+00 5.864166617393493652e-01 3.160000000000000000e+02 6.924064000000000000e+07 1.569000000000000000e+03 2.200000000000000000e+01 6.800000000000000000e+01 7.052000000000000000e+03
-2.601802825927734375e+00 6.500960350036621094e+00 3.289940953254699707e-01 3.630000000000000000e+02 6.924064000000000000e+07 1.772000000000000000e+03 2.600000000000000000e+01 3.800000000000000000e+01 7.010000000000000000e+03
-2.632456302642822266e+00 6.662198543548583984e+00 1.395024657249450684e+00 3.850000000000000000e+02 6.933828800000000000e+07 2.042000000000000000e+03 1.000000000000000000e+01 6.600000000000000000e+01 7.298000000000000000e+03
-2.614555597305297852e+00 6.620275974273681641e+00 1.117173075675964355e+00 5.330000000000000000e+02 6.933828800000000000e+07 2.758000000000000000e+03 1.400000000000000000e+01 7.600000000000000000e+01 7.205000000000000000e+03
-2.346803903579711914e+00 6.656462192535400391e+00 9.141746163368225098e-01 8.900000000000000000e+01 6.933828800000000000e+07 4.480000000000000000e+02 1.700000000000000000e+01 7.200000000000000000e+01 7.117000000000000000e+03
-2.594936370849609375e+00 6.587419509887695312e+00 8.505176305770874023e-01 4.850000000000000000e+02 6.933828800000000000e+07 2.457000000000000000e+03 1.800000000000000000e+01 8.500000000000000000e+01 7.131000000000000000e+03
-2.885099172592163086e+00 6.609822750091552734e+00 7.974909543991088867e-01 4.100000000000000000e+02 6.933828800000000000e+07 2.150000000000000000e+03 1.900000000000000000e+01 6.900000000000000000e+01 7.256000000000000000e+03
-2.575958490371704102e+00 6.545942306518554688e+00 5.869987607002258301e-01 3.740000000000000000e+02 6.933828800000000000e+07 1.855000000000000000e+03 2.200000000000000000e+01 7.600000000000000000e+01 7.059000000000000000e+03
-2.562595844268798828e+00 6.518661975860595703e+00 3.290879726409912109e-01 3.810000000000000000e+02 6.933828800000000000e+07 1.860000000000000000e+03 2.600000000000000000e+01 7.600000000000000000e+01 7.012000000000000000e+03
-2.587434768676757812e+00 6.591981887817382812e+00 7.539714872837066650e-02 1.570000000000000000e+02 6.933828800000000000e+07 7.830000000000000000e+02 3.000000000000000000e+01 1.100000000000000000e+02 7.082000000000000000e+03
-2.599695682525634766e+00 6.699272632598876953e+00 1.399421215057373047e+00 3.130000000000000000e+02 6.943504000000000000e+07 1.668000000000000000e+03 1.000000000000000000e+01 7.700000000000000000e+01 7.321000000000000000e+03
-2.873821735382080078e+00 6.673240184783935547e+00 1.344002246856689453e+00 1.790000000000000000e+02 6.943504000000000000e+07 9.670000000000000000e+02 1.100000000000000000e+01 1.040000000000000000e+02 7.389000000000000000e+03
-2.572813272476196289e+00 6.633430480957031250e+00 1.116707801818847656e+00 5.430000000000000000e+02 6.943504000000000000e+07 2.814000000000000000e+03 1.400000000000000000e+01 6.500000000000000000e+01 7.202000000000000000e+03
-2.876842498779296875e+00 6.693112850189208984e+00 1.074483990669250488e+00 5.760000000000000000e+02 6.943504000000000000e+07 3.108000000000000000e+03 1.500000000000000000e+01 1.000000000000000000e+02 7.364000000000000000e+03
-2.555542469024658203e+00 6.605995178222656250e+00 8.508754372596740723e-01 4.490000000000000000e+02 6.943504000000000000e+07 2.277000000000000000e+03 1.800000000000000000e+01 6.800000000000000000e+01 7.134000000000000000e+03
-2.882905483245849609e+00 6.716910839080810547e+00 8.082619309425354004e-01 4.170000000000000000e+02 6.943504000000000000e+07 2.236000000000000000e+03 1.900000000000000000e+01 5.600000000000000000e+01 7.354000000000000000e+03
-2.535744905471801758e+00 6.561624526977539062e+00 5.869987607002258301e-01 3.300000000000000000e+02 6.943504000000000000e+07 1.642000000000000000e+03 2.200000000000000000e+01 6.200000000000000000e+01 7.059000000000000000e+03
-2.521830081939697266e+00 6.532399177551269531e+00 3.289940953254699707e-01 3.290000000000000000e+02 6.943504000000000000e+07 1.609000000000000000e+03 2.600000000000000000e+01 6.700000000000000000e+01 7.010000000000000000e+03
-2.546938419342041016e+00 6.607733726501464844e+00 7.539714872837066650e-02 3.370000000000000000e+02 6.943504000000000000e+07 1.683000000000000000e+03 3.000000000000000000e+01 6.200000000000000000e+01 7.082000000000000000e+03
-2.556793451309204102e+00 6.710511684417724609e+00 1.398465514183044434e+00 3.090000000000000000e+02 6.953334400000000000e+07 1.644000000000000000e+03 1.000000000000000000e+01 9.100000000000000000e+01 7.316000000000000000e+03
-2.845089673995971680e+00 6.719724178314208984e+00 1.349822759628295898e+00 3.560000000000000000e+02 6.953334400000000000e+07 1.951000000000000000e+03 1.100000000000000000e+01 9.900000000000000000e+01 7.421000000000000000e+03
-2.528547286987304688e+00 6.639860153198242188e+00 1.115157365798950195e+00 4.900000000000000000e+02 6.953334400000000000e+07 2.526000000000000000e+03 1.400000000000000000e+01 7.900000000000000000e+01 7.192000000000000000e+03
-2.850353240966796875e+00 6.745267868041992188e+00 1.080028533935546875e+00 5.400000000000000000e+02 6.953334400000000000e+07 2.955000000000000000e+03 1.500000000000000000e+01 7.100000000000000000e+01 7.402000000000000000e+03
-2.511788129806518555e+00 6.613198280334472656e+00 8.498020172119140625e-01 4.040000000000000000e+02 6.953334400000000000e+07 2.037000000000000000e+03 1.800000000000000000e+01 8.800000000000000000e+01 7.125000000000000000e+03
-2.848205804824829102e+00 6.750041484832763672e+00 8.101303577423095703e-01 3.860000000000000000e+02 6.953334400000000000e+07 2.094000000000000000e+03 1.900000000000000000e+01 6.200000000000000000e+01 7.371000000000000000e+03
-2.497556924819946289e+00 6.582650661468505859e+00 5.874976515769958496e-01 2.710000000000000000e+02 6.953334400000000000e+07 1.345000000000000000e+03 2.200000000000000000e+01 5.900000000000000000e+01 7.065000000000000000e+03
-2.573392629623413086e+00 6.789671421051025391e+00 3.411495387554168701e-01 1.900000000000000000e+02 6.953334400000000000e+07 9.960000000000000000e+02 2.600000000000000000e+01 6.600000000000000000e+01 7.269000000000000000e+03
-2.511300802230834961e+00 6.636330127716064453e+00 7.554619759321212769e-02 3.640000000000000000e+02 6.953334400000000000e+07 1.830000000000000000e+03 3.000000000000000000e+01 6.800000000000000000e+01 7.096000000000000000e+03
-2.507661819458007812e+00 6.704927921295166016e+00 1.394068956375122070e+00 8.100000000000000000e+01 6.963000000000000000e+07 4.260000000000000000e+02 1.000000000000000000e+01 1.110000000000000000e+02 7.293000000000000000e+03
-2.804938077926635742e+00 6.739778041839599609e+00 1.350368380546569824e+00 5.230000000000000000e+02 6.963000000000000000e+07 2.867000000000000000e+03 1.100000000000000000e+01 8.700000000000000000e+01 7.424000000000000000e+03
-2.491563320159912109e+00 6.665429115295410156e+00 1.116863012313842773e+00 5.140000000000000000e+02 6.963000000000000000e+07 2.658000000000000000e+03 1.400000000000000000e+01 7.300000000000000000e+01 7.203000000000000000e+03
-2.761476278305053711e+00 6.648427486419677734e+00 1.061789751052856445e+00 4.110000000000000000e+02 6.963000000000000000e+07 2.162000000000000000e+03 1.500000000000000000e+01 8.000000000000000000e+01 7.277000000000000000e+03
-2.453821420669555664e+00 6.581969738006591797e+00 8.438384532928466797e-01 3.330000000000000000e+02 6.963000000000000000e+07 1.658000000000000000e+03 1.800000000000000000e+01 9.600000000000000000e+01 7.075000000000000000e+03
-2.745429277420043945e+00 6.619575023651123047e+00 7.924352288246154785e-01 4.210000000000000000e+02 6.963000000000000000e+07 2.185000000000000000e+03 1.900000000000000000e+01 6.800000000000000000e+01 7.210000000000000000e+03
-2.459901571273803711e+00 6.605322360992431641e+00 5.881628990173339844e-01 1.760000000000000000e+02 6.963000000000000000e+07 8.680000000000000000e+02 2.200000000000000000e+01 4.900000000000000000e+01 7.073000000000000000e+03
-2.784357786178588867e+00 6.723382949829101562e+00 5.382295250892639160e-01 1.140000000000000000e+02 6.963000000000000000e+07 5.990000000000000000e+02 2.300000000000000000e+01 5.200000000000000000e+01 7.297000000000000000e+03
-2.503957271575927734e+00 6.741602420806884766e+00 7.656824588775634766e-02 2.910000000000000000e+02 6.963000000000000000e+07 1.502000000000000000e+03 3.000000000000000000e+01 8.600000000000000000e+01 7.192000000000000000e+03
-2.684530496597290039e+00 6.547392368316650391e+00 1.581756711006164551e+00 1.290000000000000000e+02 6.972844000000000000e+07 6.710000000000000000e+02 7.000000000000000000e+00 4.700000000000000000e+01 7.251000000000000000e+03
-2.754224777221679688e+00 6.734108448028564453e+00 1.345821142196655273e+00 4.930000000000000000e+02 6.972844000000000000e+07 2.690000000000000000e+03 1.100000000000000000e+01 7.800000000000000000e+01 7.399000000000000000e+03
-2.454700469970703125e+00 6.691720962524414062e+00 1.118723630905151367e+00 5.710000000000000000e+02 6.972844000000000000e+07 2.953000000000000000e+03 1.400000000000000000e+01 7.800000000000000000e+01 7.215000000000000000e+03
-2.704927921295166016e+00 6.626776695251464844e+00 1.055661559104919434e+00 5.110000000000000000e+02 6.972844000000000000e+07 2.666000000000000000e+03 1.500000000000000000e+01 9.200000000000000000e+01 7.235000000000000000e+03
-2.443407058715820312e+00 6.678955554962158203e+00 8.543342351913452148e-01 4.610000000000000000e+02 6.972844000000000000e+07 2.362000000000000000e+03 1.800000000000000000e+01 8.300000000000000000e+01 7.163000000000000000e+03
-2.693131208419799805e+00 6.607762336730957031e+00 7.890280485153198242e-01 4.590000000000000000e+02 6.972844000000000000e+07 2.357000000000000000e+03 1.900000000000000000e+01 8.500000000000000000e+01 7.179000000000000000e+03
-2.423430442810058594e+00 6.631523609161376953e+00 5.891607999801635742e-01 3.020000000000000000e+02 6.972844000000000000e+07 1.504000000000000000e+03 2.200000000000000000e+01 5.100000000000000000e+01 7.085000000000000000e+03
-2.732901811599731445e+00 6.715400218963623047e+00 5.362380146980285645e-01 3.850000000000000000e+02 6.972844000000000000e+07 2.027000000000000000e+03 2.300000000000000000e+01 5.300000000000000000e+01 7.270000000000000000e+03
-2.618778228759765625e+00 6.500375747680664062e+00 1.566486716270446777e+00 1.780000000000000000e+02 6.982556000000000000e+07 9.110000000000000000e+02 7.000000000000000000e+00 4.500000000000000000e+01 7.181000000000000000e+03
-2.689020872116088867e+00 6.691575050354003906e+00 1.333998084068298340e+00 4.330000000000000000e+02 6.982556000000000000e+07 2.326000000000000000e+03 1.100000000000000000e+01 7.100000000000000000e+01 7.334000000000000000e+03
-2.411922216415405273e+00 6.702009201049804688e+00 1.117948412895202637e+00 4.770000000000000000e+02 6.982556000000000000e+07 2.471000000000000000e+03 1.400000000000000000e+01 7.700000000000000000e+01 7.210000000000000000e+03
-2.654273271560668945e+00 6.618457794189453125e+00 1.051721930503845215e+00 5.070000000000000000e+02 6.982556000000000000e+07 2.620000000000000000e+03 1.500000000000000000e+01 8.200000000000000000e+01 7.208000000000000000e+03
-2.403050661087036133e+00 6.695691585540771484e+00 8.545728325843811035e-01 4.700000000000000000e+02 6.982556000000000000e+07 2.399000000000000000e+03 1.800000000000000000e+01 9.100000000000000000e+01 7.165000000000000000e+03
-2.644776821136474609e+00 6.604785919189453125e+00 7.867199778556823730e-01 4.740000000000000000e+02 6.982556000000000000e+07 2.420000000000000000e+03 1.900000000000000000e+01 7.600000000000000000e+01 7.158000000000000000e+03
-2.604639053344726562e+00 6.514431953430175781e+00 5.189042687416076660e-01 3.630000000000000000e+02 6.982556000000000000e+07 1.783000000000000000e+03 2.300000000000000000e+01 8.000000000000000000e+01 7.035000000000000000e+03
-2.606867074966430664e+00 6.529921054840087891e+00 2.639609873294830322e-01 2.730000000000000000e+02 6.982556000000000000e+07 1.340000000000000000e+03 2.700000000000000000e+01 4.100000000000000000e+01 7.036000000000000000e+03
-2.588180303573608398e+00 6.539915561676025391e+00 1.572158455848693848e+00 1.510000000000000000e+02 6.992390400000000000e+07 7.780000000000000000e+02 7.000000000000000000e+00 3.500000000000000000e+01 7.207000000000000000e+03
-2.638885498046875000e+00 6.685082912445068359e+00 1.329450845718383789e+00 4.770000000000000000e+02 6.992390400000000000e+07 2.539000000000000000e+03 1.100000000000000000e+01 7.400000000000000000e+01 7.309000000000000000e+03
-2.613250732421875000e+00 6.633698940277099609e+00 1.051576018333435059e+00 5.570000000000000000e+02 6.992390400000000000e+07 2.890000000000000000e+03 1.500000000000000000e+01 7.000000000000000000e+01 7.207000000000000000e+03
-2.356317520141601562e+00 6.694388866424560547e+00 8.525452017784118652e-01 1.130000000000000000e+02 6.992390400000000000e+07 5.740000000000000000e+02 1.800000000000000000e+01 7.200000000000000000e+01 7.148000000000000000e+03
-2.594013929367065430e+00 6.594990253448486328e+00 7.836425304412841797e-01 5.050000000000000000e+02 6.992390400000000000e+07 2.563000000000000000e+03 1.900000000000000000e+01 1.000000000000000000e+02 7.130000000000000000e+03
-2.563524484634399414e+00 6.527506351470947266e+00 5.186830163002014160e-01 4.120000000000000000e+02 6.992390400000000000e+07 2.029000000000000000e+03 2.300000000000000000e+01 7.000000000000000000e+01 7.032000000000000000e+03
-2.567480802536010742e+00 6.547654151916503906e+00 2.640360295772552490e-01 3.710000000000000000e+02 6.992390400000000000e+07 1.830000000000000000e+03 2.700000000000000000e+01 6.700000000000000000e+01 7.038000000000000000e+03
-2.554367303848266602e+00 6.572046279907226562e+00 1.576084971427917480e+00 6.500000000000000000e+01 7.002164800000000000e+07 3.320000000000000000e+02 7.000000000000000000e+00 4.700000000000000000e+01 7.225000000000000000e+03
-2.590353012084960938e+00 6.681895256042480469e+00 1.325631141662597656e+00 4.830000000000000000e+02 7.002164800000000000e+07 2.551000000000000000e+03 1.100000000000000000e+01 8.400000000000000000e+01 7.288000000000000000e+03
-2.572140932083129883e+00 6.648685932159423828e+00 1.051430106163024902e+00 5.650000000000000000e+02 7.002164800000000000e+07 2.930000000000000000e+03 1.500000000000000000e+01 8.400000000000000000e+01 7.206000000000000000e+03
-2.546336174011230469e+00 6.592239379882812500e+00 7.814443707466125488e-01 4.680000000000000000e+02 7.002164800000000000e+07 2.363000000000000000e+03 1.900000000000000000e+01 7.700000000000000000e+01 7.110000000000000000e+03
-2.528089284896850586e+00 6.555209159851074219e+00 5.196419358253479004e-01 3.680000000000000000e+02 7.002164800000000000e+07 1.813000000000000000e+03 2.300000000000000000e+01 7.900000000000000000e+01 7.045000000000000000e+03
-2.528693199157714844e+00 6.567014694213867188e+00 2.641860842704772949e-01 3.690000000000000000e+02 7.002164800000000000e+07 1.821000000000000000e+03 2.700000000000000000e+01 7.600000000000000000e+01 7.042000000000000000e+03
-2.550078392028808594e+00 6.629452228546142578e+00 8.677949197590351105e-03 3.450000000000000000e+02 7.002164800000000000e+07 1.732000000000000000e+03 3.100000000000000000e+01 6.800000000000000000e+01 7.103000000000000000e+03
-2.544266223907470703e+00 6.666920661926269531e+00 1.595063447952270508e+00 4.200000000000000000e+01 7.012036000000000000e+07 2.170000000000000000e+02 7.000000000000000000e+00 4.400000000000000000e+01 7.312000000000000000e+03
-2.541259527206420898e+00 6.676526546478271484e+00 1.321447610855102539e+00 4.470000000000000000e+02 7.012036000000000000e+07 2.350000000000000000e+03 1.100000000000000000e+01 7.700000000000000000e+01 7.265000000000000000e+03
-2.526379108428955078e+00 6.651395797729492188e+00 1.049387454986572266e+00 4.820000000000000000e+02 7.012036000000000000e+07 2.484000000000000000e+03 1.500000000000000000e+01 8.100000000000000000e+01 7.192000000000000000e+03
-2.497028112411499023e+00 6.584505558013916016e+00 7.786967158317565918e-01 3.880000000000000000e+02 7.012036000000000000e+07 1.934000000000000000e+03 1.900000000000000000e+01 8.400000000000000000e+01 7.085000000000000000e+03
-2.488878965377807617e+00 6.573395729064941406e+00 5.198631882667541504e-01 1.770000000000000000e+02 7.012036000000000000e+07 8.720000000000000000e+02 2.300000000000000000e+01 5.600000000000000000e+01 7.048000000000000000e+03
-2.553015708923339844e+00 6.753463745117187500e+00 2.710514664649963379e-01 3.080000000000000000e+02 7.012036000000000000e+07 1.595000000000000000e+03 2.700000000000000000e+01 5.500000000000000000e+01 7.225000000000000000e+03
-2.507233142852783203e+00 6.639361381530761719e+00 8.670618757605552673e-03 3.440000000000000000e+02 7.012036000000000000e+07 1.719000000000000000e+03 3.100000000000000000e+01 8.000000000000000000e+01 7.097000000000000000e+03
-2.501621961593627930e+00 6.695678234100341797e+00 1.322175145149230957e+00 4.250000000000000000e+02 7.021855200000000000e+07 2.237000000000000000e+03 1.100000000000000000e+01 7.300000000000000000e+01 7.269000000000000000e+03
-2.468585014343261719e+00 6.621350288391113281e+00 1.042237758636474609e+00 4.990000000000000000e+02 7.021855200000000000e+07 2.532000000000000000e+03 1.500000000000000000e+01 9.100000000000000000e+01 7.143000000000000000e+03
-2.444097042083740234e+00 6.566168785095214844e+00 7.747400403022766113e-01 3.560000000000000000e+02 7.021855200000000000e+07 1.760000000000000000e+03 1.900000000000000000e+01 8.100000000000000000e+01 7.049000000000000000e+03
-2.505023956298828125e+00 6.758701324462890625e+00 8.806231431663036346e-03 2.920000000000000000e+02 7.021855200000000000e+07 1.509000000000000000e+03 3.100000000000000000e+01 6.900000000000000000e+01 7.208000000000000000e+03
-2.459136962890625000e+00 6.707209110260009766e+00 1.321447610855102539e+00 1.370000000000000000e+02 7.031641600000000000e+07 7.190000000000000000e+02 1.100000000000000000e+01 9.300000000000000000e+01 7.265000000000000000e+03
-2.461561203002929688e+00 6.728351116180419922e+00 1.056682944297790527e+00 6.010000000000000000e+02 7.031641600000000000e+07 3.138000000000000000e+03 1.500000000000000000e+01 8.600000000000000000e+01 7.242000000000000000e+03
-2.439567565917968750e+00 6.679071426391601562e+00 7.862803339958190918e-01 5.250000000000000000e+02 7.031641600000000000e+07 2.664000000000000000e+03 1.900000000000000000e+01 5.300000000000000000e+01 7.154000000000000000e+03
-2.496316432952880859e+00 6.864163875579833984e+00 8.923517540097236633e-03 2.440000000000000000e+02 7.031641600000000000e+07 1.299000000000000000e+03 3.100000000000000000e+01 6.300000000000000000e+01 7.304000000000000000e+03
-2.411541461944580078e+00 6.719118595123291016e+00 1.052889227867126465e+00 4.990000000000000000e+02 7.041564800000000000e+07 2.583000000000000000e+03 1.500000000000000000e+01 9.600000000000000000e+01 7.216000000000000000e+03
-2.397198677062988281e+00 6.690172195434570312e+00 7.858407497406005859e-01 4.670000000000000000e+02 7.041564800000000000e+07 2.379000000000000000e+03 1.900000000000000000e+01 7.800000000000000000e+01 7.150000000000000000e+03
-2.340945243835449219e+00 6.661619663238525391e+00 7.807849645614624023e-01 5.700000000000000000e+01 7.051480800000000000e+07 2.840000000000000000e+02 1.900000000000000000e+01 9.400000000000000000e+01 7.104000000000000000e+03
-9.867037087678909302e-02 7.241589426994323730e-01 1.479868311434984207e-02 5.700000000000000000e+01 7.257151200000000000e+07 3.000000000000000000e+00 2.900000000000000000e+01 2.600000000000000000e+01 7.310000000000000000e+02
-8.672492951154708862e-02 7.377679944038391113e-01 1.504161674529314041e-02 5.400000000000000000e+01 7.286224800000000000e+07 3.000000000000000000e+00 2.900000000000000000e+01 1.600000000000000000e+01 7.430000000000000000e+02
-5.525992065668106079e-02 6.384817957878112793e-01 1.297668460756540298e-02 5.200000000000000000e+01 7.334732800000000000e+07 2.000000000000000000e+00 2.900000000000000000e+01 2.200000000000000000e+01 6.410000000000000000e+02
-9.668769314885139465e-03 7.407581806182861328e-01 4.180745780467987061e-02 1.610000000000000000e+02 7.451843200000000000e+07 9.000000000000000000e+00 2.500000000000000000e+01 1.600000000000000000e+01 7.420000000000000000e+02
-9.740731678903102875e-03 7.667809724807739258e-01 1.552748307585716248e-02 1.680000000000000000e+02 7.451843200000000000e+07 1.000000000000000000e+01 2.900000000000000000e+01 2.800000000000000000e+01 7.670000000000000000e+02
-5.834766104817390442e-02 7.386987209320068359e-01 9.053021203726530075e-04 1.460000000000000000e+02 7.461656800000000000e+07 8.000000000000000000e+00 3.100000000000000000e+01 1.700000000000000000e+01 7.410000000000000000e+02
-8.183918544091284275e-04 7.248753905296325684e-01 6.737230718135833740e-02 9.000000000000000000e+01 7.471572800000000000e+07 4.000000000000000000e+00 2.100000000000000000e+01 5.400000000000000000e+01 7.280000000000000000e+02
-5.809139111079275608e-04 7.448147535324096680e-01 4.203283414244651794e-02 2.080000000000000000e+02 7.471572800000000000e+07 1.100000000000000000e+01 2.500000000000000000e+01 1.900000000000000000e+01 7.460000000000000000e+02
-3.390316269360482693e-04 7.868387103080749512e-01 1.593237183988094330e-02 3.920000000000000000e+02 7.471572800000000000e+07 2.200000000000000000e+01 2.900000000000000000e+01 2.500000000000000000e+01 7.870000000000000000e+02
-2.609597332775592804e-02 7.134824991226196289e-01 7.601463701575994492e-03 1.420000000000000000e+02 7.471572800000000000e+07 6.000000000000000000e+00 3.000000000000000000e+01 2.000000000000000000e+01 7.140000000000000000e+02
-3.271357715129852295e-02 7.185063362121582031e-01 1.607715785503387451e-01 1.140000000000000000e+02 7.520799200000000000e+07 5.000000000000000000e+00 7.000000000000000000e+00 1.970000000000000000e+02 7.370000000000000000e+02
