-1.199146267026662827e-02 -7.151550650596618652e-01 7.328368723392486572e-02 6.500000000000000000e+01 2.438126000000000000e+07 3.000000000000000000e+00 2.000000000000000000e+01 2.000000000000000000e+01 7.190000000000000000e+02
-3.766688331961631775e-02 -7.023087143898010254e-01 7.206059247255325317e-02 6.800000000000000000e+01 2.496623000000000000e+07 3.000000000000000000e+00 2.000000000000000000e+01 2.400000000000000000e+01 7.070000000000000000e+02
-2.015304379165172577e-02 -6.899401545524597168e-01 8.940080553293228149e-02 7.400000000000000000e+01 2.516260000000000000e+07 3.000000000000000000e+00 1.700000000000000000e+01 5.100000000000000000e+01 6.960000000000000000e+02
-4.261413961648941040e-02 -7.066650986671447754e-01 6.579905003309249878e-02 1.360000000000000000e+02 2.565226000000000000e+07 4.000000000000000000e+00 2.100000000000000000e+01 2.200000000000000000e+01 7.110000000000000000e+02
-3.519531339406967163e-02 -7.203451991081237793e-01 3.388498723506927490e-02 1.460000000000000000e+02 2.604673000000000000e+07 8.000000000000000000e+00 2.600000000000000000e+01 5.000000000000000000e+00 7.220000000000000000e+02
-5.249677971005439758e-02 -7.142834067344665527e-01 3.365032374858856201e-02 1.000000000000000000e+02 2.643970000000000000e+07 5.000000000000000000e+00 2.600000000000000000e+01 1.100000000000000000e+01 7.170000000000000000e+02
-1.055312156677246094e-01 -7.169557809829711914e-01 2.150802686810493469e-02 9.500000000000000000e+01 2.643970000000000000e+07 5.000000000000000000e+00 2.800000000000000000e+01 3.000000000000000000e+00 7.250000000000000000e+02
-1.033295392990112305e-01 -7.295680046081542969e-01 1.492015086114406586e-02 2.370000000000000000e+02 2.692964000000000000e+07 1.300000000000000000e+01 2.900000000000000000e+01 6.000000000000000000e+00 7.370000000000000000e+02
-7.886183261871337891e-02 -7.128599882125854492e-01 3.369725868105888367e-02 9.000000000000000000e+01 2.702810000000000000e+07 5.000000000000000000e+00 2.600000000000000000e+01 1.200000000000000000e+01 7.180000000000000000e+02
-1.086817830801010132e-01 -7.348544597625732422e-01 1.504161674529314041e-02 1.960000000000000000e+02 2.702810000000000000e+07 1.100000000000000000e+01 2.900000000000000000e+01 1.500000000000000000e+01 7.430000000000000000e+02
-8.443149924278259277e-02 -6.860616803169250488e-01 3.247702121734619141e-02 9.800000000000000000e+01 2.722367000000000000e+07 5.000000000000000000e+00 2.600000000000000000e+01 1.400000000000000000e+01 6.920000000000000000e+02
-1.244667470455169678e-01 -7.191590070724487305e-01 1.477843895554542542e-02 1.390000000000000000e+02 2.741810000000000000e+07 7.000000000000000000e+00 2.900000000000000000e+01 1.400000000000000000e+01 7.300000000000000000e+02
-9.873954951763153076e-02 -7.237813472747802734e-01 2.742403000593185425e-02 1.200000000000000000e+02 2.800206000000000000e+07 6.000000000000000000e+00 2.700000000000000000e+01 1.200000000000000000e+01 7.310000000000000000e+02
-3.022572517395019531e+00 -7.813759326934814453e+00 1.023565605282783508e-02 5.900000000000000000e+01 3.171811000000000000e+07 4.090000000000000000e+02 3.100000000000000000e+01 8.500000000000000000e+01 8.378000000000000000e+03
-2.941425085067749023e+00 -7.206843376159667969e+00 9.509948082268238068e-03 1.280000000000000000e+02 3.201083000000000000e+07 7.700000000000000000e+02 3.100000000000000000e+01 1.030000000000000000e+02 7.784000000000000000e+03
-3.731697559356689453e+00 -7.997184276580810547e+00 1.078176964074373245e-02 4.500000000000000000e+01 3.279019000000000000e+07 3.390000000000000000e+02 3.100000000000000000e+01 5.000000000000000000e+01 8.825000000000000000e+03
-3.697201251983642578e+00 -7.676001548767089844e+00 1.040914189070463181e-02 5.900000000000000000e+01 3.298479000000000000e+07 4.240000000000000000e+02 3.100000000000000000e+01 7.600000000000000000e+01 8.520000000000000000e+03
-3.867720127105712891e+00 -7.905582427978515625e+00 1.075244788080453873e-02 5.100000000000000000e+01 3.308451000000000000e+07 3.900000000000000000e+02 3.100000000000000000e+01 8.100000000000000000e+01 8.801000000000000000e+03
-3.933953762054443359e+00 -7.917523860931396484e+00 1.080131717026233673e-02 3.500000000000000000e+01 3.318154000000000000e+07 2.690000000000000000e+02 3.100000000000000000e+01 6.300000000000000000e+01 8.841000000000000000e+03
-4.008586883544921875e+00 -7.945018291473388672e+00 1.087217684835195541e-02 5.100000000000000000e+01 3.327897000000000000e+07 3.990000000000000000e+02 3.100000000000000000e+01 7.200000000000000000e+01 8.899000000000000000e+03
-4.049054622650146484e+00 -7.904252529144287109e+00 1.085018645972013474e-02 5.700000000000000000e+01 3.337731000000000000e+07 4.450000000000000000e+02 3.100000000000000000e+01 6.000000000000000000e+01 8.881000000000000000e+03
-4.097477912902832031e+00 -7.879259109497070312e+00 1.085018645972013474e-02 3.200000000000000000e+01 3.347402000000000000e+07 2.480000000000000000e+02 3.100000000000000000e+01 6.900000000000000000e+01 8.881000000000000000e+03
-4.086462020874023438e+00 -7.741656303405761719e+00 1.069502718746662140e-02 7.300000000000000000e+01 3.357220800000000000e+07 5.550000000000000000e+02 3.100000000000000000e+01 7.400000000000000000e+01 8.754000000000000000e+03
-4.113108634948730469e+00 -7.677650928497314453e+00 1.064126938581466675e-02 7.600000000000000000e+01 3.367004800000000000e+07 5.720000000000000000e+02 3.100000000000000000e+01 7.400000000000000000e+01 8.710000000000000000e+03
-3.987239360809326172e+00 -7.334229946136474609e+00 1.019900385290384293e-02 6.200000000000000000e+01 3.376799200000000000e+07 4.280000000000000000e+02 3.100000000000000000e+01 6.800000000000000000e+01 8.348000000000000000e+03
-4.130700111389160156e+00 -7.488251686096191406e+00 1.044823694974184036e-02 7.600000000000000000e+01 3.386572000000000000e+07 5.500000000000000000e+02 3.100000000000000000e+01 8.600000000000000000e+01 8.552000000000000000e+03
-4.211732387542724609e+00 -7.525595188140869141e+00 1.053620129823684692e-02 3.200000000000000000e+01 3.396284000000000000e+07 2.340000000000000000e+02 3.100000000000000000e+01 6.300000000000000000e+01 8.624000000000000000e+03
-4.330406188964843750e+00 -7.627445220947265625e+00 1.071579661220312119e-02 2.800000000000000000e+01 3.406144000000000000e+07 2.110000000000000000e+02 3.100000000000000000e+01 6.400000000000000000e+01 8.771000000000000000e+03
-4.214935779571533203e+00 -7.319093227386474609e+00 1.031873282045125961e-02 5.900000000000000000e+01 3.415876000000000000e+07 4.160000000000000000e+02 3.100000000000000000e+01 7.200000000000000000e+01 8.446000000000000000e+03
-4.258252620697021484e+00 -7.290503501892089844e+00 1.031506899744272232e-02 9.600000000000000000e+01 3.425664800000000000e+07 6.790000000000000000e+02 3.100000000000000000e+01 9.100000000000000000e+01 8.443000000000000000e+03
-4.274365901947021484e+00 -7.216055870056152344e+00 1.024665124714374542e-02 7.900000000000000000e+01 3.435460000000000000e+07 5.520000000000000000e+02 3.100000000000000000e+01 5.900000000000000000e+01 8.387000000000000000e+03
-4.394254684448242188e+00 -7.315707683563232422e+00 1.042624562978744507e-02 5.300000000000000000e+01 3.445252000000000000e+07 3.810000000000000000e+02 3.100000000000000000e+01 7.300000000000000000e+01 8.534000000000000000e+03
-4.447382450103759766e+00 -7.302272319793701172e+00 1.044579315930604935e-02 3.800000000000000000e+01 3.455020800000000000e+07 2.670000000000000000e+02 3.100000000000000000e+01 5.200000000000000000e+01 8.550000000000000000e+03
-4.424854278564453125e+00 -7.165935993194580078e+00 1.028941106051206589e-02 3.200000000000000000e+01 3.464707200000000000e+07 2.160000000000000000e+02 3.100000000000000000e+01 5.500000000000000000e+01 8.422000000000000000e+03
-4.512250423431396484e+00 -7.208156108856201172e+00 1.038959436118602753e-02 5.100000000000000000e+01 3.474540800000000000e+07 3.580000000000000000e+02 3.100000000000000000e+01 5.000000000000000000e+01 8.504000000000000000e+03
-4.603543281555175781e+00 -7.254635810852050781e+00 1.049710530787706375e-02 4.100000000000000000e+01 3.484459200000000000e+07 2.920000000000000000e+02 3.100000000000000000e+01 5.600000000000000000e+01 8.592000000000000000e+03
-4.577645301818847656e+00 -7.116917610168457031e+00 1.033828221261501312e-02 1.030000000000000000e+02 3.494216800000000000e+07 7.330000000000000000e+02 3.100000000000000000e+01 7.800000000000000000e+01 8.462000000000000000e+03
-4.619042873382568359e+00 -7.085344314575195312e+00 1.033339370042085648e-02 7.400000000000000000e+01 3.504087200000000000e+07 5.250000000000000000e+02 3.100000000000000000e+01 7.600000000000000000e+01 8.458000000000000000e+03
-4.665187358856201172e+00 -7.061040878295898438e+00 1.033950317651033401e-02 7.500000000000000000e+01 3.513855200000000000e+07 5.270000000000000000e+02 3.100000000000000000e+01 4.600000000000000000e+01 8.463000000000000000e+03
-4.757940292358398438e+00 -7.106236457824707031e+00 1.044823694974184036e-02 5.200000000000000000e+01 3.523568000000000000e+07 3.770000000000000000e+02 3.100000000000000000e+01 5.800000000000000000e+01 8.552000000000000000e+03
-4.694780349731445312e+00 -6.919681072235107422e+00 1.021610852330923080e-02 7.800000000000000000e+01 3.533468000000000000e+07 5.410000000000000000e+02 3.100000000000000000e+01 6.400000000000000000e+01 8.362000000000000000e+03
-4.677666187286376953e+00 -6.804218292236328125e+00 1.008782628923654556e-02 9.600000000000000000e+01 3.543206000000000000e+07 6.510000000000000000e+02 3.100000000000000000e+01 6.400000000000000000e+01 8.257000000000000000e+03
-4.716470718383789062e+00 -6.771286487579345703e+00 1.008171867579221725e-02 6.300000000000000000e+01 3.552944000000000000e+07 4.250000000000000000e+02 3.100000000000000000e+01 7.300000000000000000e+01 8.252000000000000000e+03
-4.795984268188476562e+00 -6.796143531799316406e+00 1.016235258430242538e-02 2.700000000000000000e+01 3.562716000000000000e+07 1.770000000000000000e+02 3.100000000000000000e+01 5.600000000000000000e+01 8.318000000000000000e+03
-4.802117347717285156e+00 -6.716964721679687500e+00 1.008782628923654556e-02 4.600000000000000000e+01 3.572524800000000000e+07 3.040000000000000000e+02 3.100000000000000000e+01 4.500000000000000000e+01 8.257000000000000000e+03
-4.937091827392578125e+00 -6.816958427429199219e+00 1.028330344706773758e-02 4.900000000000000000e+01 3.582411200000000000e+07 3.430000000000000000e+02 3.100000000000000000e+01 7.200000000000000000e+01 8.417000000000000000e+03
-4.964630126953125000e+00 -6.767185688018798828e+00 1.025398168712854385e-02 3.700000000000000000e+01 3.592256800000000000e+07 2.570000000000000000e+02 3.100000000000000000e+01 6.300000000000000000e+01 8.393000000000000000e+03
-4.871856689453125000e+00 -6.556000232696533203e+00 9.979092516005039215e-03 4.800000000000000000e+01 3.602060800000000000e+07 3.170000000000000000e+02 3.100000000000000000e+01 6.400000000000000000e+01 8.168000000000000000e+03
-4.762250423431396484e+00 -6.327040195465087891e+00 9.674881584942340851e-03 9.800000000000000000e+01 3.611890000000000000e+07 6.100000000000000000e+02 3.100000000000000000e+01 7.900000000000000000e+01 7.919000000000000000e+03
-4.833721160888671875e+00 -6.340645313262939453e+00 9.740855544805526733e-03 8.600000000000000000e+01 3.621643200000000000e+07 5.420000000000000000e+02 3.100000000000000000e+01 8.000000000000000000e+01 7.973000000000000000e+03
-4.874979972839355469e+00 -6.314032554626464844e+00 9.745742194354534149e-03 8.600000000000000000e+01 3.631396000000000000e+07 5.430000000000000000e+02 3.100000000000000000e+01 6.900000000000000000e+01 7.977000000000000000e+03
-5.273975849151611328e+00 -6.744843959808349609e+00 1.046045403927564621e-02 4.500000000000000000e+01 3.641190000000000000e+07 3.250000000000000000e+02 3.100000000000000000e+01 7.300000000000000000e+01 8.562000000000000000e+03
-5.269323348999023438e+00 -6.654343128204345703e+00 1.037004683166742325e-02 4.400000000000000000e+01 3.650967200000000000e+07 3.130000000000000000e+02 3.100000000000000000e+01 7.000000000000000000e+01 8.488000000000000000e+03
-4.974734783172607422e+00 -6.203726768493652344e+00 9.715198539197444916e-03 1.270000000000000000e+02 3.660812800000000000e+07 7.990000000000000000e+02 3.100000000000000000e+01 7.300000000000000000e+01 7.952000000000000000e+03
-5.203708648681640625e+00 -6.408302307128906250e+00 1.008538249880075455e-02 7.400000000000000000e+01 3.670571200000000000e+07 4.990000000000000000e+02 3.100000000000000000e+01 8.500000000000000000e+01 8.255000000000000000e+03
-5.270877361297607422e+00 -6.410238742828369141e+00 1.013913936913013458e-02 1.200000000000000000e+02 3.680548000000000000e+07 8.230000000000000000e+02 3.100000000000000000e+01 6.200000000000000000e+01 8.299000000000000000e+03
-5.267880439758300781e+00 -6.327055931091308594e+00 1.005850546061992645e-02 8.100000000000000000e+01 3.690291200000000000e+07 5.450000000000000000e+02 3.100000000000000000e+01 7.300000000000000000e+01 8.233000000000000000e+03
-5.300801753997802734e+00 -6.287732124328613281e+00 1.004750933498144150e-02 4.200000000000000000e+01 3.700095200000000000e+07 2.800000000000000000e+02 3.100000000000000000e+01 7.500000000000000000e+01 8.224000000000000000e+03
-5.312664985656738281e+00 -6.223904609680175781e+00 9.997419081628322601e-03 7.400000000000000000e+01 3.709894000000000000e+07 4.910000000000000000e+02 3.100000000000000000e+01 7.500000000000000000e+01 8.183000000000000000e+03
-5.297789096832275391e+00 -6.129905700683593750e+00 9.898458607494831085e-03 9.500000000000000000e+01 3.719564800000000000e+07 6.200000000000000000e+02 3.100000000000000000e+01 6.800000000000000000e+01 8.102000000000000000e+03
-5.446591377258300781e+00 -6.224467754364013672e+00 1.010493095964193344e-02 8.200000000000000000e+01 3.729298000000000000e+07 5.560000000000000000e+02 3.100000000000000000e+01 8.700000000000000000e+01 8.271000000000000000e+03
-5.356035709381103516e+00 -6.045719623565673828e+00 9.867914952337741852e-03 7.600000000000000000e+01 3.739076800000000000e+07 4.910000000000000000e+02 3.100000000000000000e+01 8.300000000000000000e+01 8.077000000000000000e+03
-5.487844467163085938e+00 -6.118450641632080078e+00 1.004140172153711319e-02 5.400000000000000000e+01 3.748854000000000000e+07 3.610000000000000000e+02 3.100000000000000000e+01 7.100000000000000000e+01 8.219000000000000000e+03
-5.507804393768310547e+00 -6.065414428710937500e+00 1.000963617116212845e-02 6.000000000000000000e+01 3.758556800000000000e+07 3.990000000000000000e+02 3.100000000000000000e+01 7.100000000000000000e+01 8.193000000000000000e+03
-5.469117164611816406e+00 -5.949052810668945312e+00 9.872801601886749268e-03 6.900000000000000000e+01 3.768272800000000000e+07 4.470000000000000000e+02 3.100000000000000000e+01 6.400000000000000000e+01 8.081000000000000000e+03
-5.462595462799072266e+00 -5.869266510009765625e+00 9.795833379030227661e-03 4.600000000000000000e+01 3.778000000000000000e+07 2.860000000000000000e+02 3.100000000000000000e+01 5.500000000000000000e+01 8.018000000000000000e+03
-5.484790325164794922e+00 -5.821081161499023438e+00 9.771398268640041351e-03 4.400000000000000000e+01 3.787758000000000000e+07 2.760000000000000000e+02 3.100000000000000000e+01 9.600000000000000000e+01 7.998000000000000000e+03
-5.516953468322753906e+00 -5.783699989318847656e+00 9.765289723873138428e-03 4.700000000000000000e+01 3.797419200000000000e+07 2.970000000000000000e+02 3.100000000000000000e+01 5.800000000000000000e+01 7.993000000000000000e+03
-5.642642021179199219e+00 -5.843254566192626953e+00 9.924114681780338287e-03 6.800000000000000000e+01 3.807180800000000000e+07 4.450000000000000000e+02 3.100000000000000000e+01 7.100000000000000000e+01 8.123000000000000000e+03
-5.659515380859375000e+00 -5.789215564727783203e+00 9.891128167510032654e-03 5.800000000000000000e+01 3.816946000000000000e+07 3.700000000000000000e+02 3.100000000000000000e+01 5.600000000000000000e+01 8.096000000000000000e+03
-5.672420978546142578e+00 -5.731635093688964844e+00 9.852032177150249481e-03 3.700000000000000000e+01 3.826760000000000000e+07 2.370000000000000000e+02 3.100000000000000000e+01 7.000000000000000000e+01 8.064000000000000000e+03
-5.698989391326904297e+00 -5.688244819641113281e+00 9.837371297180652618e-03 4.500000000000000000e+01 3.836496800000000000e+07 2.820000000000000000e+02 3.100000000000000000e+01 5.200000000000000000e+01 8.052000000000000000e+03
-5.743753910064697266e+00 -5.662998199462890625e+00 9.854475967586040497e-03 7.700000000000000000e+01 3.846192800000000000e+07 4.970000000000000000e+02 3.100000000000000000e+01 6.300000000000000000e+01 8.066000000000000000e+03
-5.635115623474121094e+00 -5.488109111785888672e+00 9.610129520297050476e-03 5.100000000000000000e+01 3.855894000000000000e+07 3.110000000000000000e+02 3.100000000000000000e+01 8.600000000000000000e+01 7.866000000000000000e+03
-5.680934906005859375e+00 -5.465215206146240234e+00 9.630898945033550262e-03 4.400000000000000000e+01 3.865572000000000000e+07 2.640000000000000000e+02 3.100000000000000000e+01 5.500000000000000000e+01 7.883000000000000000e+03
-5.857891559600830078e+00 -5.566648483276367188e+00 9.872801601886749268e-03 4.500000000000000000e+01 3.875364000000000000e+07 2.850000000000000000e+02 3.100000000000000000e+01 4.700000000000000000e+01 8.081000000000000000e+03
-5.645498752593994141e+00 -5.299274444580078125e+00 9.459856897592544556e-03 4.600000000000000000e+01 3.885102000000000000e+07 2.720000000000000000e+02 3.100000000000000000e+01 6.600000000000000000e+01 7.743000000000000000e+03
-5.641976356506347656e+00 -5.231219291687011719e+00 9.399992413818836212e-03 5.600000000000000000e+01 3.894866000000000000e+07 3.280000000000000000e+02 3.100000000000000000e+01 6.300000000000000000e+01 7.694000000000000000e+03
-5.804497718811035156e+00 -5.316047191619873047e+00 9.616238996386528015e-03 5.700000000000000000e+01 3.904628800000000000e+07 3.500000000000000000e+02 3.100000000000000000e+01 5.800000000000000000e+01 7.871000000000000000e+03
-5.813276290893554688e+00 -5.258863925933837891e+00 9.577143006026744843e-03 6.500000000000000000e+01 3.914416000000000000e+07 3.910000000000000000e+02 3.100000000000000000e+01 5.100000000000000000e+01 7.839000000000000000e+03
-5.834995269775390625e+00 -5.213767528533935547e+00 9.560039266943931580e-03 8.000000000000000000e+01 3.924200000000000000e+07 4.860000000000000000e+02 3.100000000000000000e+01 6.400000000000000000e+01 7.825000000000000000e+03
-5.933605194091796875e+00 -5.236758232116699219e+00 9.668773040175437927e-03 4.200000000000000000e+01 3.933903200000000000e+07 2.600000000000000000e+02 3.100000000000000000e+01 5.800000000000000000e+01 7.914000000000000000e+03
-5.890244960784912109e+00 -5.134542465209960938e+00 9.546600282192230225e-03 5.200000000000000000e+01 3.943574000000000000e+07 3.140000000000000000e+02 3.100000000000000000e+01 6.200000000000000000e+01 7.814000000000000000e+03
-5.923154830932617188e+00 -5.099608898162841797e+00 9.549043141305446625e-03 5.500000000000000000e+01 3.953428000000000000e+07 3.270000000000000000e+02 3.100000000000000000e+01 5.200000000000000000e+01 7.816000000000000000e+03
-5.933002948760986328e+00 -5.045030593872070312e+00 9.514835663139820099e-03 4.800000000000000000e+01 3.963036800000000000e+07 2.880000000000000000e+02 3.100000000000000000e+01 6.900000000000000000e+01 7.788000000000000000e+03
-6.033532142639160156e+00 -5.067054271697998047e+00 9.626012295484542847e-03 4.000000000000000000e+01 3.972860800000000000e+07 2.390000000000000000e+02 3.100000000000000000e+01 5.100000000000000000e+01 7.879000000000000000e+03
-5.977532863616943359e+00 -4.957798957824707031e+00 9.487956762313842773e-03 3.500000000000000000e+01 3.982774000000000000e+07 2.080000000000000000e+02 3.100000000000000000e+01 5.900000000000000000e+01 7.766000000000000000e+03
-6.093711376190185547e+00 -4.991364955902099609e+00 9.623569436371326447e-03 6.800000000000000000e+01 3.992556800000000000e+07 4.190000000000000000e+02 3.100000000000000000e+01 5.800000000000000000e+01 7.877000000000000000e+03
-6.112561225891113281e+00 -4.944447040557861328e+00 9.605242870748043060e-03 4.700000000000000000e+01 4.002412000000000000e+07 2.870000000000000000e+02 3.100000000000000000e+01 6.700000000000000000e+01 7.862000000000000000e+03
-6.136534214019775391e+00 -4.901854991912841797e+00 9.595469571650028229e-03 4.400000000000000000e+01 4.012192000000000000e+07 2.620000000000000000e+02 3.100000000000000000e+01 5.600000000000000000e+01 7.854000000000000000e+03
-6.175917148590087891e+00 -4.871541500091552734e+00 9.610129520297050476e-03 6.400000000000000000e+01 4.021856000000000000e+07 3.870000000000000000e+02 3.100000000000000000e+01 4.700000000000000000e+01 7.866000000000000000e+03
-6.282217979431152344e+00 -4.893160343170166016e+00 9.728637523949146271e-03 5.500000000000000000e+01 4.031682000000000000e+07 3.390000000000000000e+02 3.100000000000000000e+01 5.600000000000000000e+01 7.963000000000000000e+03
-6.396940708160400391e+00 -4.919752120971679688e+00 9.859363548457622528e-03 5.400000000000000000e+01 4.041408000000000000e+07 3.420000000000000000e+02 3.100000000000000000e+01 5.500000000000000000e+01 8.070000000000000000e+03
-6.438157081604003906e+00 -4.888875484466552734e+00 9.876467287540435791e-03 3.200000000000000000e+01 4.051202000000000000e+07 2.060000000000000000e+02 3.100000000000000000e+01 5.900000000000000000e+01 8.084000000000000000e+03
-6.480034351348876953e+00 -4.858276844024658203e+00 9.894792921841144562e-03 4.000000000000000000e+01 4.060996000000000000e+07 2.530000000000000000e+02 3.100000000000000000e+01 4.600000000000000000e+01 8.099000000000000000e+03
-6.566790103912353516e+00 -4.860665798187255859e+00 9.981535375118255615e-03 3.700000000000000000e+01 4.070696800000000000e+07 2.370000000000000000e+02 3.100000000000000000e+01 5.600000000000000000e+01 8.170000000000000000e+03
-6.481032371520996094e+00 -4.735911846160888672e+00 9.806828573346138000e-03 3.900000000000000000e+01 4.080588000000000000e+07 2.430000000000000000e+02 3.100000000000000000e+01 3.500000000000000000e+01 8.027000000000000000e+03
-6.707044601440429688e+00 -4.838218688964843750e+00 1.010370906442403793e-02 4.300000000000000000e+01 4.090362000000000000e+07 2.840000000000000000e+02 3.100000000000000000e+01 5.300000000000000000e+01 8.270000000000000000e+03
-6.808288574218750000e+00 -4.848018169403076172e+00 1.021122187376022339e-02 3.600000000000000000e+01 4.100095200000000000e+07 2.410000000000000000e+02 3.100000000000000000e+01 5.300000000000000000e+01 8.358000000000000000e+03
-6.772457122802734375e+00 -4.760149002075195312e+00 1.011348329484462738e-02 3.300000000000000000e+01 4.109894000000000000e+07 2.220000000000000000e+02 3.100000000000000000e+01 6.100000000000000000e+01 8.278000000000000000e+03
-6.892738819122314453e+00 -4.781774520874023438e+00 1.024909410625696182e-02 3.100000000000000000e+01 4.119680800000000000e+07 2.080000000000000000e+02 3.100000000000000000e+01 5.000000000000000000e+01 8.389000000000000000e+03
-6.784979820251464844e+00 -4.645609378814697266e+00 1.004628743976354599e-02 3.300000000000000000e+01 4.129414000000000000e+07 2.140000000000000000e+02 3.100000000000000000e+01 4.900000000000000000e+01 8.223000000000000000e+03
-6.914442539215087891e+00 -4.672195434570312500e+00 1.019533816725015640e-02 3.000000000000000000e+01 4.139252800000000000e+07 2.050000000000000000e+02 3.100000000000000000e+01 5.800000000000000000e+01 8.345000000000000000e+03
-6.682567119598388672e+00 -4.456033706665039062e+00 9.812937118113040924e-03 3.800000000000000000e+01 4.149074000000000000e+07 2.420000000000000000e+02 3.100000000000000000e+01 6.200000000000000000e+01 8.032000000000000000e+03
-7.126637935638427734e+00 -4.689230918884277344e+00 1.042257994413375854e-02 4.000000000000000000e+01 4.158928000000000000e+07 2.800000000000000000e+02 3.100000000000000000e+01 5.500000000000000000e+01 8.531000000000000000e+03
-7.254247188568115234e+00 -4.709669589996337891e+00 1.056674402207136154e-02 3.800000000000000000e+01 4.168579200000000000e+07 2.740000000000000000e+02 3.100000000000000000e+01 4.200000000000000000e+01 8.649000000000000000e+03
-7.208907604217529297e+00 -4.617604732513427734e+00 1.045923307538032532e-02 2.600000000000000000e+01 4.178307200000000000e+07 1.800000000000000000e+02 3.100000000000000000e+01 4.600000000000000000e+01 8.561000000000000000e+03
-7.351227760314941406e+00 -4.645401477813720703e+00 1.062416564673185349e-02 4.500000000000000000e+01 4.187956000000000000e+07 3.300000000000000000e+02 3.100000000000000000e+01 4.100000000000000000e+01 8.696000000000000000e+03
-7.248906135559082031e+00 -4.518741607666015625e+00 1.043601986020803452e-02 3.700000000000000000e+01 4.197755200000000000e+07 2.600000000000000000e+02 3.100000000000000000e+01 4.300000000000000000e+01 8.542000000000000000e+03
-7.543124675750732422e+00 -4.638123035430908203e+00 1.081842090934514999e-02 4.300000000000000000e+01 4.207656000000000000e+07 3.250000000000000000e+02 3.100000000000000000e+01 5.700000000000000000e+01 8.855000000000000000e+03
-7.279015541076660156e+00 -4.414408206939697266e+00 1.040058955550193787e-02 5.800000000000000000e+01 4.217334000000000000e+07 4.100000000000000000e+02 3.100000000000000000e+01 5.400000000000000000e+01 8.513000000000000000e+03
-7.604622364044189453e+00 -4.548287391662597656e+00 1.082575134932994843e-02 4.300000000000000000e+01 4.227163200000000000e+07 3.330000000000000000e+02 3.100000000000000000e+01 6.200000000000000000e+01 8.861000000000000000e+03
-7.379151821136474609e+00 -4.352183818817138672e+00 1.046656258404254913e-02 3.900000000000000000e+01 4.236950000000000000e+07 2.760000000000000000e+02 3.100000000000000000e+01 5.200000000000000000e+01 8.567000000000000000e+03
-7.430786609649658203e+00 -4.321403503417968750e+00 1.050199382007122040e-02 5.600000000000000000e+01 4.246648000000000000e+07 4.030000000000000000e+02 3.100000000000000000e+01 5.500000000000000000e+01 8.596000000000000000e+03
-7.347855091094970703e+00 -4.213054180145263672e+00 1.034805458039045334e-02 4.100000000000000000e+01 4.256410000000000000e+07 2.900000000000000000e+02 3.100000000000000000e+01 6.900000000000000000e+01 8.470000000000000000e+03
-7.763574123382568359e+00 -4.388339519500732422e+00 1.089539006352424622e-02 3.400000000000000000e+01 4.266132800000000000e+07 2.660000000000000000e+02 3.100000000000000000e+01 6.700000000000000000e+01 8.918000000000000000e+03
-7.781618595123291016e+00 -4.335752964019775391e+00 1.088317204266786575e-02 3.100000000000000000e+01 4.275871200000000000e+07 2.350000000000000000e+02 3.100000000000000000e+01 5.000000000000000000e+01 8.908000000000000000e+03
-7.765126705169677734e+00 -4.264338016510009766e+00 1.082330755889415741e-02 5.500000000000000000e+01 4.285566000000000000e+07 4.270000000000000000e+02 3.100000000000000000e+01 6.700000000000000000e+01 8.859000000000000000e+03
-7.967917442321777344e+00 -4.312281608581542969e+00 1.106887590140104294e-02 6.100000000000000000e+01 4.295336000000000000e+07 4.960000000000000000e+02 3.100000000000000000e+01 6.800000000000000000e+01 9.060000000000000000e+03
-8.185700416564941406e+00 -4.365422725677490234e+00 1.133399177342653275e-02 3.100000000000000000e+01 4.304975200000000000e+07 2.550000000000000000e+02 3.100000000000000000e+01 4.500000000000000000e+01 9.277000000000000000e+03
-7.849385738372802734e+00 -4.124406337738037109e+00 1.083308178931474686e-02 3.300000000000000000e+01 4.314764000000000000e+07 2.490000000000000000e+02 3.100000000000000000e+01 4.500000000000000000e+01 8.867000000000000000e+03
-8.002427101135253906e+00 -4.142362594604492188e+00 1.100901141762733459e-02 4.300000000000000000e+01 4.324536800000000000e+07 3.450000000000000000e+02 3.100000000000000000e+01 6.000000000000000000e+01 9.011000000000000000e+03
-7.533256530761718750e+00 -3.841077566146850586e+00 1.033095084130764008e-02 3.900000000000000000e+01 4.334382000000000000e+07 2.750000000000000000e+02 3.100000000000000000e+01 6.900000000000000000e+01 8.456000000000000000e+03
-8.251048088073730469e+00 -4.143475055694580078e+00 1.128023583441972733e-02 7.200000000000000000e+01 4.344058000000000000e+07 6.090000000000000000e+02 3.100000000000000000e+01 7.000000000000000000e+01 9.233000000000000000e+03
-8.252113342285156250e+00 -4.080801010131835938e+00 1.124724838882684708e-02 6.500000000000000000e+01 4.353878000000000000e+07 5.470000000000000000e+02 3.100000000000000000e+01 5.800000000000000000e+01 9.206000000000000000e+03
-8.339035034179687500e+00 -4.060296058654785156e+00 1.133154798299074173e-02 2.900000000000000000e+01 4.363672000000000000e+07 2.370000000000000000e+02 3.100000000000000000e+01 5.100000000000000000e+01 9.275000000000000000e+03
-8.404370307922363281e+00 -4.028503417968750000e+00 1.138652581721544266e-02 3.600000000000000000e+01 4.373468800000000000e+07 3.080000000000000000e+02 3.100000000000000000e+01 6.500000000000000000e+01 9.320000000000000000e+03
-8.704769134521484375e+00 -4.107003211975097656e+00 1.175915263593196869e-02 3.600000000000000000e+01 4.383147200000000000e+07 3.290000000000000000e+02 3.100000000000000000e+01 5.800000000000000000e+01 9.625000000000000000e+03
-8.721643447875976562e+00 -4.049724102020263672e+00 1.174815744161605835e-02 5.700000000000000000e+01 4.392924000000000000e+07 5.130000000000000000e+02 3.100000000000000000e+01 5.400000000000000000e+01 9.616000000000000000e+03
-8.591702461242675781e+00 -3.925485610961914062e+00 1.154046319425106049e-02 3.500000000000000000e+01 4.402676800000000000e+07 2.990000000000000000e+02 3.100000000000000000e+01 5.000000000000000000e+01 9.446000000000000000e+03
-8.597385406494140625e+00 -3.864494562149047852e+00 1.151602901518344879e-02 4.200000000000000000e+01 4.412563200000000000e+07 3.600000000000000000e+02 3.100000000000000000e+01 5.200000000000000000e+01 9.426000000000000000e+03
-9.112985610961914062e+00 -4.029224872589111328e+00 1.217332016676664352e-02 2.100000000000000000e+01 4.422208800000000000e+07 1.950000000000000000e+02 3.100000000000000000e+01 4.300000000000000000e+01 9.964000000000000000e+03
-8.714774131774902344e+00 -3.789404630661010742e+00 1.161010190844535828e-02 1.500000000000000000e+01 4.431920000000000000e+07 1.230000000000000000e+02 3.100000000000000000e+01 3.800000000000000000e+01 9.503000000000000000e+03
-8.943825721740722656e+00 -3.823920488357543945e+00 1.188377011567354202e-02 2.800000000000000000e+01 4.441704000000000000e+07 2.520000000000000000e+02 3.100000000000000000e+01 4.800000000000000000e+01 9.727000000000000000e+03
-8.970808982849121094e+00 -3.770520210266113281e+00 1.188865769654512405e-02 3.800000000000000000e+01 4.451431200000000000e+07 3.460000000000000000e+02 3.100000000000000000e+01 5.000000000000000000e+01 9.731000000000000000e+03
-9.020578384399414062e+00 -3.726477622985839844e+00 1.192408706992864609e-02 3.200000000000000000e+01 4.461208800000000000e+07 3.000000000000000000e+02 3.100000000000000000e+01 6.100000000000000000e+01 9.760000000000000000e+03
-9.164653778076171875e+00 -3.720331907272338867e+00 1.208413392305374146e-02 3.100000000000000000e+01 4.470875200000000000e+07 2.890000000000000000e+02 3.100000000000000000e+01 5.200000000000000000e+01 9.891000000000000000e+03
-9.175232887268066406e+00 -3.659212827682495117e+00 1.206825114786624908e-02 2.900000000000000000e+01 4.480644000000000000e+07 2.700000000000000000e+02 3.100000000000000000e+01 3.400000000000000000e+01 9.878000000000000000e+03
-9.205892562866210938e+00 -3.606128215789794922e+00 1.207924634218215942e-02 3.900000000000000000e+01 4.490488000000000000e+07 3.670000000000000000e+02 3.100000000000000000e+01 5.300000000000000000e+01 9.887000000000000000e+03
-9.457446098327636719e+00 -3.637891769409179688e+00 1.237979251891374588e-02 3.600000000000000000e+01 4.500128800000000000e+07 3.540000000000000000e+02 3.100000000000000000e+01 5.500000000000000000e+01 1.013300000000000000e+04
-9.565657615661621094e+00 -3.612295150756835938e+00 1.249219104647636414e-02 2.500000000000000000e+01 4.509820000000000000e+07 2.460000000000000000e+02 3.100000000000000000e+01 5.200000000000000000e+01 1.022500000000000000e+04
-9.250082015991210938e+00 -3.428421497344970703e+00 1.205236930400133133e-02 3.000000000000000000e+01 4.519706000000000000e+07 2.780000000000000000e+02 3.100000000000000000e+01 5.400000000000000000e+01 9.865000000000000000e+03
-9.253088951110839844e+00 -3.365105628967285156e+00 1.202915608882904053e-02 2.100000000000000000e+01 4.529352000000000000e+07 1.900000000000000000e+02 3.100000000000000000e+01 4.100000000000000000e+01 9.846000000000000000e+03
-9.394121170043945312e+00 -3.351274728775024414e+00 1.218553818762302399e-02 2.800000000000000000e+01 4.539099200000000000e+07 2.650000000000000000e+02 3.100000000000000000e+01 4.300000000000000000e+01 9.974000000000000000e+03
-9.795844078063964844e+00 -3.426977157592773438e+00 1.267911586910486221e-02 2.400000000000000000e+01 4.548852000000000000e+07 2.530000000000000000e+02 3.100000000000000000e+01 6.300000000000000000e+01 1.037800000000000000e+04
-9.836550712585449219e+00 -3.373619318008422852e+00 1.270477194339036942e-02 1.900000000000000000e+01 4.558732800000000000e+07 1.900000000000000000e+02 3.100000000000000000e+01 4.500000000000000000e+01 1.039900000000000000e+04
-9.893085479736328125e+00 -3.325306892395019531e+00 1.275119837373495102e-02 2.200000000000000000e+01 4.568379200000000000e+07 2.240000000000000000e+02 3.100000000000000000e+01 4.600000000000000000e+01 1.043700000000000000e+04
-9.636905670166015625e+00 -3.173521280288696289e+00 1.239567529410123825e-02 2.200000000000000000e+01 4.578075200000000000e+07 2.210000000000000000e+02 3.100000000000000000e+01 6.500000000000000000e+01 1.014600000000000000e+04
-9.650485038757324219e+00 -3.112488508224487305e+00 1.238834392279386520e-02 2.600000000000000000e+01 4.587924000000000000e+07 2.530000000000000000e+02 3.100000000000000000e+01 4.700000000000000000e+01 1.014000000000000000e+04
-1.011472797393798828e+01 -3.193832397460937500e+00 1.295889262109994888e-02 2.200000000000000000e+01 4.597683200000000000e+07 2.320000000000000000e+02 3.100000000000000000e+01 4.800000000000000000e+01 1.060700000000000000e+04
-9.690820693969726562e+00 -2.994713783264160156e+00 1.239200960844755173e-02 3.000000000000000000e+01 4.607480800000000000e+07 2.940000000000000000e+02 3.100000000000000000e+01 4.800000000000000000e+01 1.014300000000000000e+04
-9.783676147460937500e+00 -2.957767486572265625e+00 1.248730532824993134e-02 3.000000000000000000e+01 4.617320800000000000e+07 2.980000000000000000e+02 3.100000000000000000e+01 5.700000000000000000e+01 1.022100000000000000e+04
-9.944526672363281250e+00 -2.939922094345092773e+00 1.266934257000684738e-02 3.400000000000000000e+01 4.627016800000000000e+07 3.500000000000000000e+02 3.100000000000000000e+01 5.600000000000000000e+01 1.037000000000000000e+04
-9.960456848144531250e+00 -2.878292798995971680e+00 1.266689877957105637e-02 4.800000000000000000e+01 4.636868000000000000e+07 5.000000000000000000e+02 3.100000000000000000e+01 5.700000000000000000e+01 1.036800000000000000e+04
-9.976967811584472656e+00 -2.816850900650024414e+00 1.266567781567573547e-02 3.800000000000000000e+01 4.646600800000000000e+07 4.000000000000000000e+02 3.100000000000000000e+01 9.200000000000000000e+01 1.036700000000000000e+04
-1.078649330139160156e+01 -2.974070310592651367e+00 1.366993878036737442e-02 3.700000000000000000e+01 4.656322000000000000e+07 4.550000000000000000e+02 3.100000000000000000e+01 7.100000000000000000e+01 1.118900000000000000e+04
-1.048008441925048828e+01 -2.820509195327758789e+00 1.325943879783153534e-02 2.400000000000000000e+01 4.666054000000000000e+07 2.750000000000000000e+02 3.100000000000000000e+01 7.300000000000000000e+01 1.085300000000000000e+04
-1.083765411376953125e+01 -2.845542907714843750e+00 1.368948724120855331e-02 3.400000000000000000e+01 4.675802000000000000e+07 4.190000000000000000e+02 3.100000000000000000e+01 7.000000000000000000e+01 1.120500000000000000e+04
-1.008668613433837891e+01 -2.582316160202026367e+00 1.272065564990043640e-02 5.700000000000000000e+01 4.685528800000000000e+07 6.110000000000000000e+02 3.100000000000000000e+01 7.400000000000000000e+01 1.041200000000000000e+04
-1.058261966705322266e+01 -2.640198707580566406e+00 1.332541182637214661e-02 1.700000000000000000e+01 4.695442000000000000e+07 1.850000000000000000e+02 3.100000000000000000e+01 5.100000000000000000e+01 1.090700000000000000e+04
-1.059279060363769531e+01 -2.573798656463623047e+00 1.331808138638734818e-02 2.000000000000000000e+01 4.705076000000000000e+07 2.320000000000000000e+02 3.100000000000000000e+01 5.800000000000000000e+01 1.090100000000000000e+04
-1.061714172363281250e+01 -2.510825395584106445e+00 1.332907751202583313e-02 3.600000000000000000e+01 4.714987200000000000e+07 4.110000000000000000e+02 3.100000000000000000e+01 5.600000000000000000e+01 1.091000000000000000e+04
-1.075903987884521484e+01 -2.474773883819580078e+00 1.348790246993303299e-02 2.600000000000000000e+01 4.724708800000000000e+07 3.000000000000000000e+02 3.100000000000000000e+01 4.800000000000000000e+01 1.104000000000000000e+04
-1.101897430419921875e+01 -2.463474273681640625e+00 1.379455626010894775e-02 2.100000000000000000e+01 4.734427200000000000e+07 2.500000000000000000e+02 3.100000000000000000e+01 4.100000000000000000e+01 1.129100000000000000e+04
-1.158210754394531250e+01 -2.514854192733764648e+00 1.447994634509086609e-02 1.600000000000000000e+01 4.744175200000000000e+07 2.180000000000000000e+02 3.100000000000000000e+01 5.800000000000000000e+01 1.185200000000000000e+04
-1.058945369720458984e+01 -2.231366872787475586e+00 1.322156470268964767e-02 1.700000000000000000e+01 4.753956800000000000e+07 1.820000000000000000e+02 3.100000000000000000e+01 5.300000000000000000e+01 1.082200000000000000e+04
-1.038935756683349609e+01 -2.122709751129150391e+00 1.295522693544626236e-02 2.600000000000000000e+01 4.763735200000000000e+07 2.870000000000000000e+02 3.100000000000000000e+01 5.800000000000000000e+01 1.060400000000000000e+04
-1.152441406250000000e+01 -2.281046390533447266e+00 1.435288600623607635e-02 2.900000000000000000e+01 4.773526000000000000e+07 3.810000000000000000e+02 3.100000000000000000e+01 4.700000000000000000e+01 1.174800000000000000e+04
-1.164328289031982422e+01 -2.230422258377075195e+00 1.448361203074455261e-02 4.300000000000000000e+01 4.783303200000000000e+07 5.850000000000000000e+02 3.100000000000000000e+01 4.600000000000000000e+01 1.185500000000000000e+04
-1.114347839355468750e+01 -2.063875913619995117e+00 1.384586840867996216e-02 4.200000000000000000e+01 4.793096800000000000e+07 5.300000000000000000e+02 3.100000000000000000e+01 8.100000000000000000e+01 1.133300000000000000e+04
-1.136462020874023438e+01 -2.032789707183837891e+00 1.410487480461597443e-02 2.500000000000000000e+01 4.802880000000000000e+07 3.260000000000000000e+02 3.100000000000000000e+01 6.200000000000000000e+01 1.154500000000000000e+04
-1.187551116943359375e+01 -2.049055814743041992e+00 1.472307089716196060e-02 2.700000000000000000e+01 4.812596800000000000e+07 3.710000000000000000e+02 3.100000000000000000e+01 5.500000000000000000e+01 1.205100000000000000e+04
-1.188983345031738281e+01 -1.976478457450866699e+00 1.472551468759775162e-02 2.000000000000000000e+01 4.822310000000000000e+07 2.700000000000000000e+02 3.100000000000000000e+01 5.100000000000000000e+01 1.205300000000000000e+04
-1.191852378845214844e+01 -1.906171321868896484e+00 1.474628411233425140e-02 3.100000000000000000e+01 4.832154000000000000e+07 4.310000000000000000e+02 3.100000000000000000e+01 4.500000000000000000e+01 1.207000000000000000e+04
-1.191319274902343750e+01 -1.830423116683959961e+00 1.472551468759775162e-02 2.600000000000000000e+01 4.841780000000000000e+07 3.570000000000000000e+02 3.100000000000000000e+01 5.000000000000000000e+01 1.205300000000000000e+04
-1.211612701416015625e+01 -1.785575270652770996e+00 1.496253069490194321e-02 2.500000000000000000e+01 4.851572800000000000e+07 3.550000000000000000e+02 3.100000000000000000e+01 4.000000000000000000e+01 1.224700000000000000e+04
-1.193178653717041016e+01 -1.683672785758972168e+00 1.472184900194406509e-02 2.400000000000000000e+01 4.861408000000000000e+07 3.280000000000000000e+02 3.100000000000000000e+01 4.900000000000000000e+01 1.205000000000000000e+04
-1.159305191040039062e+01 -1.563385963439941406e+00 1.429180055856704712e-02 2.900000000000000000e+01 4.871294000000000000e+07 3.770000000000000000e+02 3.100000000000000000e+01 5.500000000000000000e+01 1.169800000000000000e+04
-1.198130512237548828e+01 -1.540951609611511230e+00 1.475850120186805725e-02 6.200000000000000000e+01 4.881032000000000000e+07 8.940000000000000000e+02 3.100000000000000000e+01 8.500000000000000000e+01 1.208000000000000000e+04
-1.217813491821289062e+01 -1.490365386009216309e+00 1.498940866440534592e-02 2.200000000000000000e+01 4.890651200000000000e+07 3.230000000000000000e+02 3.100000000000000000e+01 6.500000000000000000e+01 1.226900000000000000e+04
-1.189600753784179688e+01 -1.381806850433349609e+00 1.463144179433584213e-02 1.800000000000000000e+01 4.900342000000000000e+07 2.390000000000000000e+02 3.100000000000000000e+01 3.800000000000000000e+01 1.197600000000000000e+04
-1.229093170166015625e+01 -1.351299881935119629e+00 1.510669477283954620e-02 2.900000000000000000e+01 4.910126000000000000e+07 4.220000000000000000e+02 3.100000000000000000e+01 4.300000000000000000e+01 1.236500000000000000e+04
-1.245813751220703125e+01 -1.292368054389953613e+00 1.530217099934816360e-02 6.400000000000000000e+01 4.919802000000000000e+07 9.810000000000000000e+02 3.100000000000000000e+01 5.500000000000000000e+01 1.252500000000000000e+04
-1.222398090362548828e+01 -1.192312002182006836e+00 1.500529050827026367e-02 6.600000000000000000e+01 4.929606000000000000e+07 9.870000000000000000e+02 3.100000000000000000e+01 6.600000000000000000e+01 1.228200000000000000e+04
-1.216135692596435547e+01 -1.110916852951049805e+00 1.491976995021104813e-02 6.300000000000000000e+01 4.939287200000000000e+07 9.180000000000000000e+02 3.100000000000000000e+01 4.900000000000000000e+01 1.221200000000000000e+04
-1.211015319824218750e+01 -1.031353473663330078e+00 1.484890840947628021e-02 3.900000000000000000e+01 4.949116000000000000e+07 5.680000000000000000e+02 3.100000000000000000e+01 6.300000000000000000e+01 1.215400000000000000e+04
-1.193282508850097656e+01 -9.425390958786010742e-01 1.462411042302846909e-02 7.800000000000000000e+01 4.958926000000000000e+07 1.096000000000000000e+03 3.100000000000000000e+01 5.700000000000000000e+01 1.197000000000000000e+04
-1.253081417083740234e+01 -9.124411940574645996e-01 1.534981839358806610e-02 4.600000000000000000e+01 4.968688000000000000e+07 7.180000000000000000e+02 3.100000000000000000e+01 5.800000000000000000e+01 1.256400000000000000e+04
-1.255014705657958984e+01 -8.364675045013427734e-01 1.536692306399345398e-02 3.000000000000000000e+01 4.978376000000000000e+07 4.520000000000000000e+02 3.100000000000000000e+01 5.300000000000000000e+01 1.257800000000000000e+04
-1.260595035552978516e+01 -7.625247836112976074e-01 1.542923133820295334e-02 2.700000000000000000e+01 4.988082000000000000e+07 4.090000000000000000e+02 3.100000000000000000e+01 4.100000000000000000e+01 1.262900000000000000e+04
-1.263835048675537109e+01 -6.866808533668518066e-01 1.546343974769115448e-02 2.600000000000000000e+01 4.997860800000000000e+07 4.080000000000000000e+02 3.100000000000000000e+01 6.100000000000000000e+01 1.265700000000000000e+04
-1.279614734649658203e+01 -6.165317893028259277e-01 1.565158553421497345e-02 3.700000000000000000e+01 5.007632800000000000e+07 5.860000000000000000e+02 3.100000000000000000e+01 3.700000000000000000e+01 1.281100000000000000e+04
-1.284864616394042969e+01 -5.400622487068176270e-01 1.571145094931125641e-02 3.000000000000000000e+01 5.017386000000000000e+07 4.720000000000000000e+02 3.100000000000000000e+01 5.200000000000000000e+01 1.286000000000000000e+04
-3.971781730651855469e+00 2.885115742683410645e-01 1.181903257966041565e-01 2.730000000000000000e+02 5.027262000000000000e+07 4.300000000000000000e+02 2.800000000000000000e+01 4.400000000000000000e+01 3.984000000000000000e+03
-1.295664978027343750e+01 -4.649800062179565430e-01 1.583973132073879242e-02 3.800000000000000000e+01 5.027262000000000000e+07 6.140000000000000000e+02 3.100000000000000000e+01 5.400000000000000000e+01 1.296500000000000000e+04
-3.950007200241088867e+00 3.113058507442474365e-01 1.175969988107681274e-01 3.600000000000000000e+02 5.037008800000000000e+07 5.630000000000000000e+02 2.800000000000000000e+01 9.400000000000000000e+01 3.964000000000000000e+03
-1.288429260253906250e+01 -3.832408785820007324e-01 1.574810221791267395e-02 3.300000000000000000e+01 5.037008800000000000e+07 5.270000000000000000e+02 3.100000000000000000e+01 3.400000000000000000e+01 1.289000000000000000e+04
-3.910175800323486328e+00 3.323202431201934814e-01 1.164696812629699707e-01 2.720000000000000000e+02 5.046650000000000000e+07 4.170000000000000000e+02 2.800000000000000000e+01 6.500000000000000000e+01 3.926000000000000000e+03
-1.303635978698730469e+01 -3.077168464660644531e-01 1.593136228621006012e-02 2.900000000000000000e+01 5.046650000000000000e+07 4.710000000000000000e+02 3.100000000000000000e+01 3.800000000000000000e+01 1.304000000000000000e+04
-1.285203170776367188e+01 -2.244732826948165894e-01 1.570412144064903259e-02 3.100000000000000000e+01 5.056418000000000000e+07 5.030000000000000000e+02 3.100000000000000000e+01 6.300000000000000000e+01 1.285400000000000000e+04
-1.314714717864990234e+01 -1.489409059286117554e-01 1.606330834329128265e-02 2.800000000000000000e+01 5.066216800000000000e+07 4.600000000000000000e+02 3.100000000000000000e+01 4.200000000000000000e+01 1.314800000000000000e+04
-3.936322689056396484e+00 2.643831074237823486e-01 7.988454401493072510e-02 1.100000000000000000e+01 5.075846000000000000e+07 1.500000000000000000e+01 2.900000000000000000e+01 4.400000000000000000e+01 3.946000000000000000e+03
-1.304881477355957031e+01 -6.775468587875366211e-02 1.594235748052597046e-02 4.400000000000000000e+01 5.075846000000000000e+07 7.250000000000000000e+02 3.100000000000000000e+01 4.700000000000000000e+01 1.304900000000000000e+04
-3.954568862915039062e+00 2.899933755397796631e-01 8.028943836688995361e-02 9.700000000000000000e+01 5.085604800000000000e+07 1.510000000000000000e+02 2.900000000000000000e+01 1.900000000000000000e+01 3.966000000000000000e+03
-1.330998420715332031e+01 1.255888771265745163e-02 1.626122929155826569e-02 3.300000000000000000e+01 5.085604800000000000e+07 5.590000000000000000e+02 3.100000000000000000e+01 4.900000000000000000e+01 1.331000000000000000e+04
-3.924808979034423828e+00 3.120340704917907715e-01 7.972259074449539185e-02 1.060000000000000000e+02 5.095398000000000000e+07 1.620000000000000000e+02 2.900000000000000000e+01 3.700000000000000000e+01 3.938000000000000000e+03
-1.340765476226806641e+01 9.492097049951553345e-02 1.638096012175083160e-02 3.800000000000000000e+01 5.095398000000000000e+07 6.570000000000000000e+02 3.100000000000000000e+01 5.000000000000000000e+01 1.340800000000000000e+04
-3.895924568176269531e+00 3.338059186935424805e-01 7.917599380016326904e-02 8.700000000000000000e+01 5.105216800000000000e+07 1.310000000000000000e+02 2.900000000000000000e+01 3.600000000000000000e+01 3.911000000000000000e+03
-1.339282131195068359e+01 1.770019978284835815e-01 1.636385545134544373e-02 3.100000000000000000e+01 5.105216800000000000e+07 5.310000000000000000e+02 3.100000000000000000e+01 4.700000000000000000e+01 1.339400000000000000e+04
-1.340148067474365234e+01 2.593689560890197754e-01 1.637607067823410034e-02 5.100000000000000000e+01 5.114888000000000000e+07 8.920000000000000000e+02 3.100000000000000000e+01 4.200000000000000000e+01 1.340400000000000000e+04
-1.349160671234130859e+01 3.439385890960693359e-01 1.648847013711929321e-02 1.400000000000000000e+01 5.124647200000000000e+07 2.290000000000000000e+02 3.100000000000000000e+01 5.000000000000000000e+01 1.349600000000000000e+04
-3.979622840881347656e+00 2.700387239456176758e-01 4.246811941266059875e-02 1.550000000000000000e+02 5.134496800000000000e+07 2.440000000000000000e+02 3.000000000000000000e+01 5.600000000000000000e+01 3.989000000000000000e+03
-1.356120681762695312e+01 4.289915561676025391e-01 1.657643541693687439e-02 3.200000000000000000e+01 5.134496800000000000e+07 5.630000000000000000e+02 3.100000000000000000e+01 4.600000000000000000e+01 1.356800000000000000e+04
-3.979863643646240234e+00 2.925029695034027100e-01 1.874937862157821655e-01 7.800000000000000000e+01 5.144214000000000000e+07 1.220000000000000000e+02 2.600000000000000000e+01 3.700000000000000000e+01 3.995000000000000000e+03
-3.965924501419067383e+00 2.935663759708404541e-01 4.234036803245544434e-02 2.360000000000000000e+02 5.144214000000000000e+07 3.710000000000000000e+02 3.000000000000000000e+01 6.200000000000000000e+01 3.977000000000000000e+03
-1.368123149871826172e+01 5.168367624282836914e-01 1.672670803964138031e-02 4.200000000000000000e+01 5.144214000000000000e+07 7.600000000000000000e+02 3.100000000000000000e+01 5.200000000000000000e+01 1.369100000000000000e+04
-3.987951278686523438e+00 3.177107274532318115e-01 1.879631131887435913e-01 1.470000000000000000e+02 5.153967200000000000e+07 2.340000000000000000e+02 2.600000000000000000e+01 4.400000000000000000e+01 4.005000000000000000e+03
-3.940126419067382812e+00 3.159768879413604736e-01 4.208485409617424011e-02 2.220000000000000000e+02 5.153967200000000000e+07 3.440000000000000000e+02 3.000000000000000000e+01 7.800000000000000000e+01 3.953000000000000000e+03
-1.367080974578857422e+01 6.004663109779357910e-01 1.671815663576126099e-02 4.400000000000000000e+01 5.153967200000000000e+07 7.980000000000000000e+02 3.100000000000000000e+01 4.600000000000000000e+01 1.368400000000000000e+04
-3.950098276138305664e+00 3.390986323356628418e-01 1.862735599279403687e-01 1.700000000000000000e+01 5.163838000000000000e+07 2.500000000000000000e+01 2.600000000000000000e+01 3.900000000000000000e+01 3.969000000000000000e+03
-3.955049753189086914e+00 3.416099250316619873e-01 4.226584360003471375e-02 1.910000000000000000e+02 5.163838000000000000e+07 3.000000000000000000e+02 3.000000000000000000e+01 5.800000000000000000e+01 3.970000000000000000e+03
-1.303565979003906250e+01 6.527311801910400391e-01 1.594602316617965698e-02 9.600000000000000000e+01 5.163838000000000000e+07 1.626000000000000000e+03 3.100000000000000000e+01 6.300000000000000000e+01 1.305200000000000000e+04
-3.896124839782714844e+00 3.606181442737579346e-01 4.165900126099586487e-02 3.400000000000000000e+01 5.173548000000000000e+07 5.100000000000000000e+01 3.000000000000000000e+01 6.000000000000000000e+01 3.913000000000000000e+03
-1.389005184173583984e+01 7.809822559356689453e-01 1.699671149253845215e-02 4.100000000000000000e+01 5.173548000000000000e+07 7.660000000000000000e+02 3.100000000000000000e+01 5.100000000000000000e+01 1.391200000000000000e+04
-4.013195991516113281e+00 2.503573596477508545e-01 4.912577569484710693e-03 3.600000000000000000e+01 5.183374000000000000e+07 5.700000000000000000e+01 3.100000000000000000e+01 7.700000000000000000e+01 4.021000000000000000e+03
-3.969682216644287109e+00 2.721049487590789795e-01 4.861264489591121674e-03 1.170000000000000000e+02 5.193104800000000000e+07 1.830000000000000000e+02 3.100000000000000000e+01 4.900000000000000000e+01 3.979000000000000000e+03
-3.980199098587036133e+00 2.959763407707214355e-01 1.498380005359649658e-01 1.420000000000000000e+02 5.202716000000000000e+07 2.240000000000000000e+02 2.700000000000000000e+01 4.400000000000000000e+01 3.994000000000000000e+03
-3.947993516921997070e+00 2.949672341346740723e-01 4.836829844862222672e-03 1.400000000000000000e+02 5.202716000000000000e+07 2.170000000000000000e+02 3.100000000000000000e+01 3.400000000000000000e+01 3.959000000000000000e+03
-3.958386659622192383e+00 3.187884390354156494e-01 1.490876972675323486e-01 1.570000000000000000e+02 5.212550000000000000e+07 2.470000000000000000e+02 2.700000000000000000e+01 7.300000000000000000e+01 3.974000000000000000e+03
-3.958070278167724609e+00 3.201535940170288086e-01 4.851490724831819534e-03 1.610000000000000000e+02 5.212550000000000000e+07 2.520000000000000000e+02 3.100000000000000000e+01 5.400000000000000000e+01 3.971000000000000000e+03
-3.967307090759277344e+00 3.440202474594116211e-01 1.495003551244735718e-01 2.900000000000000000e+01 5.222395200000000000e+07 4.400000000000000000e+01 2.700000000000000000e+01 4.200000000000000000e+01 3.985000000000000000e+03
-3.924151897430419922e+00 3.416582345962524414e-01 4.812395200133323669e-03 1.040000000000000000e+02 5.222395200000000000e+07 1.590000000000000000e+02 3.100000000000000000e+01 5.300000000000000000e+01 3.939000000000000000e+03
-3.922977447509765625e+00 3.658227920532226562e-01 4.813617095351219177e-03 1.900000000000000000e+01 5.232082000000000000e+07 2.900000000000000000e+01 3.100000000000000000e+01 6.000000000000000000e+01 3.940000000000000000e+03
-1.432533168792724609e+01 1.424571394920349121e+00 1.758802868425846100e-02 2.300000000000000000e+01 5.241900800000000000e+07 4.490000000000000000e+02 3.100000000000000000e+01 3.700000000000000000e+01 1.439600000000000000e+04
-1.424670791625976562e+01 1.505088806152343750e+00 1.750250719487667084e-02 5.300000000000000000e+01 5.251551200000000000e+07 1.077000000000000000e+03 3.100000000000000000e+01 6.100000000000000000e+01 1.432600000000000000e+04
-1.411894226074218750e+01 1.579248666763305664e+00 1.735712215304374695e-02 2.300000000000000000e+01 5.261315200000000000e+07 4.340000000000000000e+02 3.100000000000000000e+01 5.700000000000000000e+01 1.420700000000000000e+04
-1.394512557983398438e+01 1.646504044532775879e+00 1.715553551912307739e-02 5.600000000000000000e+01 5.271144000000000000e+07 1.088000000000000000e+03 3.100000000000000000e+01 9.700000000000000000e+01 1.404200000000000000e+04
-1.344056320190429688e+01 1.670611858367919922e+00 1.654711365699768066e-02 9.900000000000000000e+01 5.280856000000000000e+07 1.797000000000000000e+03 3.100000000000000000e+01 1.190000000000000000e+02 1.354400000000000000e+04
-1.419655609130859375e+01 1.853102326393127441e+00 1.749151200056076050e-02 5.200000000000000000e+01 5.290648800000000000e+07 1.050000000000000000e+03 3.100000000000000000e+01 8.700000000000000000e+01 1.431700000000000000e+04
-1.432263565063476562e+01 1.959012627601623535e+00 1.766133122146129608e-02 7.400000000000000000e+01 5.300428000000000000e+07 1.532000000000000000e+03 3.100000000000000000e+01 8.000000000000000000e+01 1.445600000000000000e+04
-1.461623287200927734e+01 2.090609788894653320e+00 1.803884655237197876e-02 2.500000000000000000e+01 5.310227200000000000e+07 5.150000000000000000e+02 3.100000000000000000e+01 4.200000000000000000e+01 1.476500000000000000e+04
-1.455071163177490234e+01 2.172427892684936523e+00 1.797409541904926300e-02 3.000000000000000000e+01 5.319842000000000000e+07 6.380000000000000000e+02 3.100000000000000000e+01 6.100000000000000000e+01 1.471200000000000000e+04
-1.452722644805908203e+01 2.260131120681762695e+00 1.796187832951545715e-02 2.900000000000000000e+01 5.329594000000000000e+07 6.140000000000000000e+02 3.100000000000000000e+01 6.900000000000000000e+01 1.470200000000000000e+04
-1.460094070434570312e+01 2.363447189331054688e+00 1.807061210274696350e-02 1.180000000000000000e+02 5.339255200000000000e+07 2.550000000000000000e+03 3.100000000000000000e+01 5.000000000000000000e+01 1.479100000000000000e+04
-1.378245162963867188e+01 2.317829847335815430e+00 1.707490161061286926e-02 7.000000000000000000e+01 5.349108800000000000e+07 1.354000000000000000e+03 3.100000000000000000e+01 7.600000000000000000e+01 1.397600000000000000e+04
-1.439647293090820312e+01 2.512020349502563477e+00 1.785436458885669708e-02 5.400000000000000000e+01 5.358735200000000000e+07 1.123000000000000000e+03 3.100000000000000000e+01 4.900000000000000000e+01 1.461400000000000000e+04
-1.439062976837158203e+01 2.602087497711181641e+00 1.786658354103565216e-02 5.700000000000000000e+01 5.368564000000000000e+07 1.206000000000000000e+03 3.100000000000000000e+01 7.200000000000000000e+01 1.462400000000000000e+04
-1.438717079162597656e+01 2.692729473114013672e+00 1.788246631622314453e-02 5.300000000000000000e+01 5.378348800000000000e+07 1.124000000000000000e+03 3.100000000000000000e+01 6.200000000000000000e+01 1.463700000000000000e+04
-1.466393089294433594e+01 2.837765216827392578e+00 1.824776269495487213e-02 4.700000000000000000e+01 5.388163200000000000e+07 1.015000000000000000e+03 3.100000000000000000e+01 5.600000000000000000e+01 1.493600000000000000e+04
-1.462368965148925781e+01 2.923179864883422852e+00 1.821966283023357391e-02 3.300000000000000000e+01 5.397967200000000000e+07 7.220000000000000000e+02 3.100000000000000000e+01 6.200000000000000000e+01 1.491300000000000000e+04
-1.458393096923828125e+01 3.008409261703491211e+00 1.819278486073017120e-02 3.700000000000000000e+01 5.407863200000000000e+07 8.080000000000000000e+02 3.100000000000000000e+01 6.600000000000000000e+01 1.489100000000000000e+04
-1.460823440551757812e+01 3.106991529464721680e+00 1.824654079973697662e-02 7.400000000000000000e+01 5.417620000000000000e+07 1.638000000000000000e+03 3.100000000000000000e+01 6.300000000000000000e+01 1.493500000000000000e+04
-1.460452461242675781e+01 3.199991941452026367e+00 1.826608926057815552e-02 4.800000000000000000e+01 5.427348000000000000e+07 1.040000000000000000e+03 3.100000000000000000e+01 5.500000000000000000e+01 1.495100000000000000e+04
-1.478263950347900391e+01 3.334207773208618164e+00 1.851409859955310822e-02 4.700000000000000000e+01 5.437147200000000000e+07 1.067000000000000000e+03 3.100000000000000000e+01 6.100000000000000000e+01 1.515400000000000000e+04
-1.469956016540527344e+01 3.410385608673095703e+00 1.843591034412384033e-02 5.100000000000000000e+01 5.446828000000000000e+07 1.128000000000000000e+03 3.100000000000000000e+01 5.300000000000000000e+01 1.509000000000000000e+04
-1.487290191650390625e+01 3.546911239624023438e+00 1.868025586009025574e-02 4.700000000000000000e+01 5.456719200000000000e+07 1.065000000000000000e+03 3.100000000000000000e+01 5.100000000000000000e+01 1.529000000000000000e+04
-1.485571479797363281e+01 3.639292478561401367e+00 1.868636347353458405e-02 3.900000000000000000e+01 5.466363200000000000e+07 8.790000000000000000e+02 3.100000000000000000e+01 4.900000000000000000e+01 1.529500000000000000e+04
-1.485928916931152344e+01 3.736962080001831055e+00 1.871935091912746429e-02 7.100000000000000000e+01 5.476046000000000000e+07 1.633000000000000000e+03 3.100000000000000000e+01 5.000000000000000000e+01 1.532200000000000000e+04
-1.488546276092529297e+01 3.840808629989624023e+00 1.878166012465953827e-02 7.400000000000000000e+01 5.485942000000000000e+07 1.713000000000000000e+03 3.100000000000000000e+01 5.700000000000000000e+01 1.537300000000000000e+04
-1.488288307189941406e+01 3.937698841094970703e+00 1.880853623151779175e-02 7.100000000000000000e+01 5.495664000000000000e+07 1.670000000000000000e+03 3.100000000000000000e+01 6.300000000000000000e+01 1.539500000000000000e+04
-1.457854938507080078e+01 3.953049898147583008e+00 1.845423504710197449e-02 1.280000000000000000e+02 5.505370000000000000e+07 2.908000000000000000e+03 3.100000000000000000e+01 6.300000000000000000e+01 1.510500000000000000e+04
-1.485656547546386719e+01 4.126461029052734375e+00 1.883785799145698547e-02 7.000000000000000000e+01 5.515276000000000000e+07 1.647000000000000000e+03 3.100000000000000000e+01 8.500000000000000000e+01 1.541900000000000000e+04
-1.462801361083984375e+01 4.159827232360839844e+00 1.858007349073886871e-02 5.800000000000000000e+01 5.525008800000000000e+07 1.327000000000000000e+03 3.100000000000000000e+01 7.400000000000000000e+01 1.520800000000000000e+04
-1.447643184661865234e+01 4.212899684906005859e+00 1.842002570629119873e-02 1.020000000000000000e+02 5.534783200000000000e+07 2.303000000000000000e+03 3.100000000000000000e+01 7.800000000000000000e+01 1.507700000000000000e+04
-1.436213397979736328e+01 4.275397300720214844e+00 1.830762811005115509e-02 1.590000000000000000e+02 5.544642000000000000e+07 3.557000000000000000e+03 3.100000000000000000e+01 7.100000000000000000e+01 1.498500000000000000e+04
-1.471446895599365234e+01 4.478751659393310547e+00 1.879143156111240387e-02 5.700000000000000000e+01 5.554272800000000000e+07 1.332000000000000000e+03 3.100000000000000000e+01 8.000000000000000000e+01 1.538100000000000000e+04
-1.489683723449707031e+01 6.455893039703369141e+00 4.123314380645751953e+00 3.530000000000000000e+02 5.563979200000000000e+07 9.885000000000000000e+03 4.000000000000000000e+00 8.200000000000000000e+01 1.675100000000000000e+04
-1.459695434570312500e+01 4.541030883789062500e+00 1.867659017443656921e-02 6.500000000000000000e+01 5.563979200000000000e+07 1.503000000000000000e+03 3.100000000000000000e+01 8.000000000000000000e+01 1.528700000000000000e+04
-1.497480297088623047e+01 4.759547710418701172e+00 1.919704675674438477e-02 5.000000000000000000e+01 5.573788000000000000e+07 1.199000000000000000e+03 3.100000000000000000e+01 4.900000000000000000e+01 1.571300000000000000e+04
-1.495387744903564453e+01 4.854120731353759766e+00 1.920804381370544434e-02 6.600000000000000000e+01 5.583562000000000000e+07 1.595000000000000000e+03 3.100000000000000000e+01 5.600000000000000000e+01 1.572200000000000000e+04
-7.277205944061279297e+00 3.010644435882568359e+00 1.594654321670532227e-01 2.290000000000000000e+02 5.593243200000000000e+07 1.406000000000000000e+03 2.900000000000000000e+01 4.100000000000000000e+01 7.877000000000000000e+03
-1.454222106933593750e+01 4.819324493408203125e+00 1.871690712869167328e-02 7.400000000000000000e+01 5.593243200000000000e+07 1.719000000000000000e+03 3.100000000000000000e+01 8.700000000000000000e+01 1.532000000000000000e+04
-1.497180747985839844e+01 5.063855171203613281e+00 1.930944621562957764e-02 8.800000000000000000e+01 5.602832000000000000e+07 2.181000000000000000e+03 3.100000000000000000e+01 7.700000000000000000e+01 1.580500000000000000e+04
-1.489980792999267578e+01 5.141598701477050781e+00 1.925691217184066772e-02 7.700000000000000000e+01 5.612662000000000000e+07 1.876000000000000000e+03 3.100000000000000000e+01 5.500000000000000000e+01 1.576200000000000000e+04
-1.494650936126708984e+01 6.471029281616210938e+00 3.961353778839111328e+00 3.300000000000000000e+02 5.622451200000000000e+07 9.206000000000000000e+03 5.000000000000000000e+00 3.600000000000000000e+01 1.676200000000000000e+04
-1.470667743682861328e+01 5.176153659820556641e+00 1.904799602925777435e-02 5.400000000000000000e+01 5.622451200000000000e+07 1.296000000000000000e+03 3.100000000000000000e+01 7.800000000000000000e+01 1.559100000000000000e+04
-1.491277027130126953e+01 5.351752758026123047e+00 1.935709454119205475e-02 2.900000000000000000e+01 5.632176800000000000e+07 7.150000000000000000e+02 3.100000000000000000e+01 6.000000000000000000e+01 1.584400000000000000e+04
-7.243650436401367188e+00 2.950642108917236328e+00 8.327542245388031006e-02 1.740000000000000000e+02 5.641971200000000000e+07 1.055000000000000000e+03 3.000000000000000000e+01 7.300000000000000000e+01 7.822000000000000000e+03
-1.465989494323730469e+01 5.362764835357666016e+00 1.907120831310749054e-02 6.000000000000000000e+01 5.641971200000000000e+07 1.447000000000000000e+03 3.100000000000000000e+01 7.300000000000000000e+01 1.561000000000000000e+04
-7.222637653350830078e+00 2.993883848190307617e+00 8.324348181486129761e-02 1.990000000000000000e+02 5.651836800000000000e+07 1.202000000000000000e+03 3.000000000000000000e+01 4.800000000000000000e+01 7.819000000000000000e+03
-1.464732742309570312e+01 5.460300445556640625e+00 1.909808628261089325e-02 5.600000000000000000e+01 5.651836800000000000e+07 1.356000000000000000e+03 3.100000000000000000e+01 6.100000000000000000e+01 1.563200000000000000e+04
-1.487063121795654297e+01 5.647709369659423828e+00 1.943406276404857635e-02 6.500000000000000000e+01 5.661568800000000000e+07 1.628000000000000000e+03 3.100000000000000000e+01 7.700000000000000000e+01 1.590700000000000000e+04
-1.485714817047119141e+01 5.747145175933837891e+00 1.946216262876987457e-02 6.700000000000000000e+01 5.671302000000000000e+07 1.687000000000000000e+03 3.100000000000000000e+01 6.000000000000000000e+01 1.593000000000000000e+04
-1.471467208862304688e+01 6.367416381835937500e+00 3.736957550048828125e+00 1.700000000000000000e+02 5.681068800000000000e+07 4.571000000000000000e+03 6.000000000000000000e+00 3.800000000000000000e+01 1.646300000000000000e+04
-1.460846805572509766e+01 6.428165435791015625e+00 3.719933032989501953e+00 2.420000000000000000e+02 5.690802000000000000e+07 6.457000000000000000e+03 6.000000000000000000e+00 6.700000000000000000e+01 1.638800000000000000e+04
-1.454297065734863281e+01 6.506146907806396484e+00 3.713350534439086914e+00 2.410000000000000000e+02 5.700616000000000000e+07 6.410000000000000000e+03 6.000000000000000000e+00 5.500000000000000000e+01 1.635900000000000000e+04
-7.243877410888671875e+00 2.956540346145629883e+00 9.558817371726036072e-03 2.160000000000000000e+02 5.700616000000000000e+07 1.308000000000000000e+03 3.100000000000000000e+01 3.500000000000000000e+01 7.824000000000000000e+03
-1.442741966247558594e+01 6.560989379882812500e+00 3.694056034088134766e+00 1.170000000000000000e+02 5.710354000000000000e+07 3.084000000000000000e+03 6.000000000000000000e+00 6.200000000000000000e+01 1.627400000000000000e+04
-7.224676609039306641e+00 3.000548839569091797e+00 9.557595476508140564e-03 2.140000000000000000e+02 5.710354000000000000e+07 1.300000000000000000e+03 3.100000000000000000e+01 6.400000000000000000e+01 7.823000000000000000e+03
-1.474018764495849609e+01 6.228204250335693359e+00 1.955012790858745575e-02 8.700000000000000000e+01 5.720203200000000000e+07 2.206000000000000000e+03 3.100000000000000000e+01 9.900000000000000000e+01 1.600200000000000000e+04
-1.464248847961425781e+01 6.399809360504150391e+00 1.952324807643890381e-02 1.090000000000000000e+02 5.739688000000000000e+07 2.760000000000000000e+03 3.100000000000000000e+01 1.070000000000000000e+02 1.598000000000000000e+04
-1.474132537841796875e+01 6.489505767822265625e+00 3.600236415863037109e+00 1.180000000000000000e+02 5.749391200000000000e+07 3.181000000000000000e+03 7.000000000000000000e+00 2.400000000000000000e+01 1.650400000000000000e+04
-1.460294437408447266e+01 6.489533424377441406e+00 1.952324807643890381e-02 8.600000000000000000e+01 5.749391200000000000e+07 2.176000000000000000e+03 3.100000000000000000e+01 9.200000000000000000e+01 1.598000000000000000e+04
-1.451505756378173828e+01 6.496509552001953125e+00 3.554644107818603516e+00 1.550000000000000000e+02 5.759158000000000000e+07 4.082000000000000000e+03 7.000000000000000000e+00 2.900000000000000000e+01 1.629500000000000000e+04
-1.485262584686279297e+01 7.608448028564453125e+00 2.038823440670967102e-02 9.900000000000000000e+01 5.837483200000000000e+07 2.735000000000000000e+03 3.100000000000000000e+01 8.900000000000000000e+01 1.668800000000000000e+04
-1.491478729248046875e+01 7.756187438964843750e+00 2.053850702941417694e-02 1.490000000000000000e+02 5.847240800000000000e+07 4.194000000000000000e+03 3.100000000000000000e+01 6.700000000000000000e+01 1.681100000000000000e+04
-1.492174625396728516e+01 7.876499176025390625e+00 2.061425521969795227e-02 9.600000000000000000e+01 5.857020000000000000e+07 2.716000000000000000e+03 3.100000000000000000e+01 6.900000000000000000e+01 1.687300000000000000e+04
-1.486608409881591797e+01 7.964131355285644531e+00 2.060448192059993744e-02 1.040000000000000000e+02 5.866711200000000000e+07 2.938000000000000000e+03 3.100000000000000000e+01 8.000000000000000000e+01 1.686500000000000000e+04
-9.248193740844726562e+00 6.101099967956542969e+00 1.179610937833786011e-01 7.900000000000000000e+01 5.954706000000000000e+07 9.570000000000000000e+02 3.000000000000000000e+01 1.240000000000000000e+02 1.108000000000000000e+04
-9.188970565795898438e+00 6.143281459808349609e+00 1.176842898130416870e-01 1.160000000000000000e+02 5.964532000000000000e+07 1.402000000000000000e+03 3.000000000000000000e+01 1.420000000000000000e+02 1.105400000000000000e+04
-9.233668327331542969e+00 6.100629329681396484e+00 1.352088805288076401e-02 2.690000000000000000e+02 6.013259200000000000e+07 3.275000000000000000e+03 3.100000000000000000e+01 7.500000000000000000e+01 1.106700000000000000e+04
-9.196062088012695312e+00 6.157171249389648438e+00 1.352088805288076401e-02 2.230000000000000000e+02 6.023059200000000000e+07 2.721000000000000000e+03 3.100000000000000000e+01 9.500000000000000000e+01 1.106700000000000000e+04
-4.182434558868408203e+00 5.499993801116943359e+00 7.356598973274230957e-02 2.070000000000000000e+02 6.492764000000000000e+07 9.840000000000000000e+02 3.000000000000000000e+01 1.040000000000000000e+02 6.910000000000000000e+03
-4.127595424652099609e+00 5.497565746307373047e+00 7.319337129592895508e-02 2.210000000000000000e+02 6.502487200000000000e+07 1.041000000000000000e+03 3.000000000000000000e+01 8.700000000000000000e+01 6.875000000000000000e+03
-4.151068687438964844e+00 5.466539859771728516e+00 8.385956287384033203e-03 1.400000000000000000e+01 6.551348000000000000e+07 5.900000000000000000e+01 3.100000000000000000e+01 4.300000000000000000e+01 6.864000000000000000e+03
-4.124046802520751953e+00 5.500708580017089844e+00 8.399395272135734558e-03 1.030000000000000000e+02 6.561199200000000000e+07 4.810000000000000000e+02 3.100000000000000000e+01 3.100000000000000000e+01 6.875000000000000000e+03
-1.871228098869323730e+00 3.491425991058349609e+00 1.175673305988311768e-01 3.500000000000000000e+01 6.629498000000000000e+07 5.400000000000000000e+01 2.800000000000000000e+01 7.100000000000000000e+01 3.963000000000000000e+03
-1.845569014549255371e+00 3.494886875152587891e+00 1.173003390431404114e-01 8.400000000000000000e+01 6.639246000000000000e+07 1.300000000000000000e+02 2.800000000000000000e+01 9.900000000000000000e+01 3.954000000000000000e+03
-1.872539639472961426e+00 3.448609590530395508e+00 7.945941388607025146e-02 1.200000000000000000e+01 6.678063200000000000e+07 1.600000000000000000e+01 2.900000000000000000e+01 5.000000000000000000e+01 3.925000000000000000e+03
-1.863607764244079590e+00 3.482954263687133789e+00 7.998577505350112915e-02 2.800000000000000000e+02 6.687862000000000000e+07 4.360000000000000000e+02 2.900000000000000000e+01 9.600000000000000000e+01 3.951000000000000000e+03
-1.832410216331481934e+00 3.475750923156738281e+00 7.956063747406005859e-02 3.290000000000000000e+02 6.697660800000000000e+07 5.050000000000000000e+02 2.900000000000000000e+01 9.800000000000000000e+01 3.930000000000000000e+03
-1.784320950508117676e+00 3.435467958450317383e+00 7.838646322488784790e-02 8.600000000000000000e+01 6.707424000000000000e+07 1.280000000000000000e+02 2.900000000000000000e+01 9.500000000000000000e+01 3.872000000000000000e+03
-1.836048007011413574e+00 3.437123298645019531e+00 4.148865863680839539e-02 1.830000000000000000e+02 6.746564000000000000e+07 2.770000000000000000e+02 3.000000000000000000e+01 8.400000000000000000e+01 3.897000000000000000e+03
-1.815389394760131836e+00 3.449209213256835938e+00 4.149930924177169800e-02 2.240000000000000000e+02 6.756305600000000000e+07 3.380000000000000000e+02 3.000000000000000000e+01 7.000000000000000000e+01 3.898000000000000000e+03
-1.805238127708435059e+00 3.481588363647460938e+00 4.175481945276260376e-02 9.400000000000000000e+01 6.766068800000000000e+07 1.440000000000000000e+02 3.000000000000000000e+01 6.600000000000000000e+01 3.922000000000000000e+03
-1.842728734016418457e+00 3.455341577529907227e+00 4.784295335412025452e-03 1.500000000000000000e+01 6.805401600000000000e+07 2.100000000000000000e+01 3.100000000000000000e+01 3.500000000000000000e+01 3.916000000000000000e+03
-1.810794234275817871e+00 3.446222782135009766e+00 4.756195936352014542e-03 1.500000000000000000e+01 6.815155200000000000e+07 2.100000000000000000e+01 3.100000000000000000e+01 3.200000000000000000e+01 3.893000000000000000e+03
-4.068543761968612671e-02 6.576076149940490723e-01 1.334108412265777588e-02 6.600000000000000000e+01 7.371408000000000000e+07 3.000000000000000000e+00 2.900000000000000000e+01 1.300000000000000000e+01 6.590000000000000000e+02
-3.597769513726234436e-02 7.259601354598999023e-01 1.471770647913217545e-02 8.700000000000000000e+01 7.390888800000000000e+07 5.000000000000000000e+00 2.900000000000000000e+01 1.700000000000000000e+01 7.270000000000000000e+02
-3.128930181264877319e-02 7.235248684883117676e-01 3.402578085660934448e-02 9.600000000000000000e+01 7.459604800000000000e+07 5.000000000000000000e+00 2.600000000000000000e+01 1.700000000000000000e+01 7.250000000000000000e+02
